#depth	H	H+	H2
 1.13124e+13	3.43e-05	1.00e+00	5.19e-17
 6.78745e+13	3.42e-05	1.00e+00	5.19e-17
 2.94123e+14	3.42e-05	1.00e+00	5.19e-17
 1.19912e+15	3.43e-05	1.00e+00	5.21e-17
 2.86431e+15	3.43e-05	1.00e+00	5.23e-17
 5.02905e+15	3.44e-05	1.00e+00	5.26e-17
 7.84322e+15	3.44e-05	1.00e+00	5.30e-17
 1.15016e+16	3.45e-05	1.00e+00	5.34e-17
 1.62576e+16	3.46e-05	1.00e+00	5.40e-17
 2.24403e+16	3.48e-05	1.00e+00	5.47e-17
 3.04779e+16	3.50e-05	1.00e+00	5.56e-17
 4.09267e+16	3.52e-05	1.00e+00	5.67e-17
 5.45101e+16	3.55e-05	1.00e+00	5.82e-17
 7.21686e+16	3.59e-05	1.00e+00	6.00e-17
 9.51247e+16	3.64e-05	1.00e+00	6.23e-17
 1.24968e+17	3.71e-05	1.00e+00	6.54e-17
 1.63763e+17	3.80e-05	1.00e+00	6.93e-17
 2.14198e+17	3.92e-05	1.00e+00	7.45e-17
 2.79762e+17	4.09e-05	1.00e+00	8.15e-17
 3.64997e+17	4.32e-05	1.00e+00	9.13e-17
 4.33831e+17	4.49e-05	1.00e+00	9.89e-17
 4.77214e+17	4.61e-05	1.00e+00	1.04e-16
 5.24936e+17	4.75e-05	1.00e+00	1.11e-16
 5.77429e+17	4.91e-05	1.00e+00	1.18e-16
 6.35172e+17	5.09e-05	1.00e+00	1.27e-16
 6.98689e+17	5.29e-05	1.00e+00	1.37e-16
 7.68558e+17	5.51e-05	1.00e+00	1.49e-16
 8.45414e+17	5.77e-05	1.00e+00	1.63e-16
 9.29955e+17	6.07e-05	1.00e+00	1.80e-16
 1.02295e+18	6.41e-05	1.00e+00	2.01e-16
 1.12525e+18	6.81e-05	1.00e+00	2.26e-16
 1.23777e+18	7.26e-05	1.00e+00	2.56e-16
 1.36155e+18	7.79e-05	1.00e+00	2.94e-16
 1.49770e+18	8.40e-05	1.00e+00	3.41e-16
 1.64747e+18	9.12e-05	1.00e+00	4.00e-16
 1.81222e+18	9.97e-05	1.00e+00	4.77e-16
 1.99344e+18	1.10e-04	1.00e+00	5.76e-16
 2.19013e+18	1.22e-04	1.00e+00	7.04e-16
 2.39774e+18	1.35e-04	1.00e+00	8.67e-16
 2.61365e+18	1.51e-04	1.00e+00	1.07e-15
 2.83820e+18	1.69e-04	1.00e+00	1.34e-15
 3.07172e+18	1.90e-04	1.00e+00	1.67e-15
 3.31459e+18	2.14e-04	1.00e+00	2.11e-15
 3.56718e+18	2.43e-04	1.00e+00	2.68e-15
 3.82986e+18	2.77e-04	1.00e+00	3.42e-15
 4.10306e+18	3.17e-04	1.00e+00	4.41e-15
 4.38718e+18	3.66e-04	1.00e+00	5.75e-15
 4.67261e+18	4.24e-04	1.00e+00	7.48e-15
 4.91146e+18	4.79e-04	1.00e+00	9.29e-15
 5.09376e+18	5.28e-04	9.99e-01	1.10e-14
 5.28706e+18	5.88e-04	9.99e-01	1.32e-14
 5.53833e+18	6.79e-04	9.99e-01	1.68e-14
 5.78617e+18	7.85e-04	9.99e-01	2.12e-14
 5.97111e+18	8.78e-04	9.99e-01	2.53e-14
 6.12925e+18	9.72e-04	9.99e-01	2.96e-14
 6.31097e+18	1.10e-03	9.99e-01	3.57e-14
 6.50781e+18	1.26e-03	9.99e-01	4.37e-14
 6.67934e+18	1.44e-03	9.99e-01	5.25e-14
 6.82720e+18	1.62e-03	9.98e-01	6.17e-14
 6.98928e+18	1.86e-03	9.98e-01	7.47e-14
 7.15841e+18	2.16e-03	9.98e-01	9.14e-14
 7.28500e+18	2.45e-03	9.98e-01	1.07e-13
 7.37421e+18	2.69e-03	9.97e-01	1.21e-13
 7.46653e+18	2.99e-03	9.97e-01	1.38e-13
 7.58655e+18	3.46e-03	9.97e-01	1.64e-13
 7.70285e+18	4.02e-03	9.96e-01	1.97e-13
 7.78400e+18	4.52e-03	9.95e-01	2.27e-13
 7.84654e+18	4.99e-03	9.95e-01	2.55e-13
 7.91522e+18	5.60e-03	9.94e-01	2.92e-13
 7.99072e+18	6.41e-03	9.94e-01	3.42e-13
 8.05723e+18	7.32e-03	9.93e-01	4.00e-13
 8.11265e+18	8.26e-03	9.92e-01	4.59e-13
 8.16359e+18	9.34e-03	9.91e-01	5.31e-13
 8.21430e+18	1.06e-02	9.89e-01	6.16e-13
 8.26420e+18	1.23e-02	9.88e-01	7.30e-13
 8.31108e+18	1.43e-02	9.86e-01	8.73e-13
 8.35359e+18	1.67e-02	9.83e-01	1.04e-12
 8.39265e+18	1.96e-02	9.80e-01	1.26e-12
 8.42929e+18	2.33e-02	9.77e-01	1.54e-12
 8.45746e+18	2.71e-02	9.73e-01	1.85e-12
 8.47503e+18	3.01e-02	9.70e-01	2.09e-12
 8.49151e+18	3.35e-02	9.67e-01	2.38e-12
 8.50993e+18	3.81e-02	9.62e-01	2.79e-12
 8.52630e+18	4.33e-02	9.57e-01	3.26e-12
 8.53937e+18	4.85e-02	9.51e-01	3.77e-12
 8.55050e+18	5.38e-02	9.46e-01	4.29e-12
 8.56269e+18	6.08e-02	9.39e-01	5.03e-12
 8.57530e+18	7.00e-02	9.30e-01	6.05e-12
 8.58519e+18	7.94e-02	9.21e-01	7.18e-12
 8.59292e+18	8.85e-02	9.11e-01	8.37e-12
 8.60109e+18	9.99e-02	9.00e-01	9.96e-12
 8.60987e+18	1.15e-01	8.85e-01	1.23e-11
 8.61732e+18	1.32e-01	8.68e-01	1.52e-11
 8.62341e+18	1.49e-01	8.51e-01	1.83e-11
 8.62987e+18	1.71e-01	8.29e-01	2.29e-11
 8.63681e+18	2.01e-01	7.99e-01	3.03e-11
 8.64268e+18	2.34e-01	7.66e-01	4.01e-11
 8.64745e+18	2.67e-01	7.33e-01	5.17e-11
 8.65150e+18	3.00e-01	7.00e-01	6.56e-11
 8.65485e+18	3.32e-01	6.68e-01	8.12e-11
 8.65758e+18	3.61e-01	6.39e-01	9.76e-11
 8.65990e+18	3.87e-01	6.13e-01	1.15e-10
 8.66199e+18	4.12e-01	5.88e-01	1.35e-10
 8.66392e+18	4.37e-01	5.63e-01	1.56e-10
 8.66570e+18	4.61e-01	5.39e-01	1.80e-10
 8.66733e+18	4.83e-01	5.17e-01	2.03e-10
 8.66882e+18	5.05e-01	4.95e-01	2.31e-10
 8.67021e+18	5.24e-01	4.76e-01	2.58e-10
 8.67152e+18	5.44e-01	4.56e-01	2.88e-10
 8.67258e+18	5.59e-01	4.41e-01	3.13e-10
 8.67336e+18	5.70e-01	4.30e-01	3.33e-10
 8.67410e+18	5.82e-01	4.18e-01	3.57e-10
 8.67491e+18	5.94e-01	4.06e-01	3.82e-10
 8.67577e+18	6.07e-01	3.93e-01	4.10e-10
 8.67663e+18	6.20e-01	3.80e-01	4.41e-10
 8.67745e+18	6.32e-01	3.68e-01	4.72e-10
 8.67824e+18	6.43e-01	3.57e-01	5.05e-10
 8.67904e+18	6.55e-01	3.45e-01	5.39e-10
 8.67985e+18	6.67e-01	3.33e-01	5.78e-10
 8.68065e+18	6.78e-01	3.22e-01	6.16e-10
 8.68144e+18	6.89e-01	3.11e-01	6.60e-10
 8.68222e+18	7.00e-01	3.00e-01	7.00e-10
 8.68301e+18	7.11e-01	2.89e-01	7.49e-10
 8.68379e+18	7.22e-01	2.78e-01	8.00e-10
 8.68456e+18	7.32e-01	2.68e-01	8.51e-10
 8.68533e+18	7.41e-01	2.59e-01	9.03e-10
 8.68610e+18	7.51e-01	2.49e-01	9.65e-10
 8.68687e+18	7.61e-01	2.39e-01	1.02e-09
 8.68763e+18	7.70e-01	2.30e-01	1.09e-09
 8.68840e+18	7.79e-01	2.21e-01	1.15e-09
 8.68915e+18	7.88e-01	2.12e-01	1.23e-09
 8.68991e+18	7.96e-01	2.04e-01	1.29e-09
 8.69065e+18	8.04e-01	1.96e-01	1.38e-09
 8.69139e+18	8.12e-01	1.88e-01	1.46e-09
 8.69215e+18	8.19e-01	1.81e-01	1.54e-09
 8.69290e+18	8.27e-01	1.73e-01	1.63e-09
 8.69363e+18	8.34e-01	1.66e-01	1.73e-09
 8.69436e+18	8.40e-01	1.60e-01	1.82e-09
 8.69508e+18	8.47e-01	1.53e-01	1.93e-09
 8.69581e+18	8.53e-01	1.47e-01	2.03e-09
 8.69653e+18	8.59e-01	1.41e-01	2.14e-09
 8.69725e+18	8.65e-01	1.35e-01	2.25e-09
 8.69797e+18	8.70e-01	1.30e-01	2.38e-09
 8.69868e+18	8.75e-01	1.25e-01	2.50e-09
 8.69940e+18	8.81e-01	1.19e-01	2.64e-09
 8.70011e+18	8.85e-01	1.15e-01	2.77e-09
 8.70083e+18	8.90e-01	1.10e-01	2.93e-09
 8.70154e+18	8.95e-01	1.05e-01	3.06e-09
 8.70226e+18	8.99e-01	1.01e-01	3.24e-09
 8.70297e+18	9.03e-01	9.70e-02	3.41e-09
 8.70368e+18	9.07e-01	9.30e-02	3.60e-09
 8.70441e+18	9.11e-01	8.92e-02	3.77e-09
 8.70514e+18	9.15e-01	8.54e-02	3.99e-09
 8.70586e+18	9.18e-01	8.20e-02	4.18e-09
 8.70659e+18	9.21e-01	7.86e-02	4.42e-09
 8.70732e+18	9.25e-01	7.54e-02	4.65e-09
 8.70805e+18	9.28e-01	7.22e-02	4.91e-09
 8.70880e+18	9.31e-01	6.92e-02	5.17e-09
 8.70955e+18	9.34e-01	6.63e-02	5.47e-09
 8.71030e+18	9.36e-01	6.36e-02	5.76e-09
 8.71106e+18	9.39e-01	6.09e-02	6.10e-09
 8.71182e+18	9.42e-01	5.84e-02	6.43e-09
 8.71259e+18	9.44e-01	5.60e-02	6.82e-09
 8.71337e+18	9.46e-01	5.37e-02	7.19e-09
 8.71416e+18	9.49e-01	5.14e-02	7.63e-09
 8.71495e+18	9.51e-01	4.93e-02	8.06e-09
 8.71576e+18	9.53e-01	4.72e-02	8.57e-09
 8.71657e+18	9.55e-01	4.52e-02	9.08e-09
 8.71739e+18	9.57e-01	4.33e-02	9.64e-09
 8.71822e+18	9.58e-01	4.15e-02	1.02e-08
 8.71906e+18	9.60e-01	3.98e-02	1.09e-08
 8.71992e+18	9.62e-01	3.81e-02	1.16e-08
 8.72079e+18	9.64e-01	3.65e-02	1.23e-08
 8.72167e+18	9.65e-01	3.50e-02	1.32e-08
 8.72256e+18	9.66e-01	3.35e-02	1.40e-08
 8.72345e+18	9.68e-01	3.21e-02	1.49e-08
 8.72435e+18	9.69e-01	3.08e-02	1.59e-08
 8.72528e+18	9.70e-01	2.95e-02	1.70e-08
 8.72622e+18	9.72e-01	2.83e-02	1.81e-08
 8.72716e+18	9.73e-01	2.71e-02	1.93e-08
 8.72812e+18	9.74e-01	2.60e-02	2.06e-08
 8.72909e+18	9.75e-01	2.49e-02	2.19e-08
 8.73008e+18	9.76e-01	2.38e-02	2.33e-08
 8.73107e+18	9.77e-01	2.29e-02	2.48e-08
 8.73207e+18	9.78e-01	2.19e-02	2.62e-08
 8.73308e+18	9.79e-01	2.10e-02	2.77e-08
 8.73410e+18	9.80e-01	2.01e-02	2.92e-08
 8.73513e+18	9.81e-01	1.93e-02	3.06e-08
 8.73616e+18	9.82e-01	1.85e-02	3.20e-08
 8.73720e+18	9.82e-01	1.77e-02	3.34e-08
 8.73823e+18	9.83e-01	1.70e-02	3.47e-08
 8.73927e+18	9.84e-01	1.63e-02	3.59e-08
 8.74030e+18	9.84e-01	1.56e-02	3.71e-08
 8.74130e+18	9.85e-01	1.49e-02	3.81e-08
 8.74224e+18	9.86e-01	1.43e-02	3.91e-08
 8.74309e+18	9.86e-01	1.38e-02	3.99e-08
 8.74389e+18	9.87e-01	1.34e-02	4.06e-08
 8.74465e+18	9.87e-01	1.30e-02	4.13e-08
 8.74536e+18	9.87e-01	1.26e-02	4.21e-08
 8.74602e+18	9.88e-01	1.22e-02	4.28e-08
 8.74664e+18	9.88e-01	1.19e-02	4.36e-08
 8.74724e+18	9.88e-01	1.15e-02	4.44e-08
 8.74781e+18	9.89e-01	1.12e-02	4.53e-08
 8.74834e+18	9.89e-01	1.09e-02	4.62e-08
 8.74883e+18	9.89e-01	1.07e-02	4.71e-08
 8.74927e+18	9.90e-01	1.05e-02	4.80e-08
 8.74967e+18	9.90e-01	1.03e-02	4.88e-08
 8.75003e+18	9.90e-01	1.01e-02	4.96e-08
 8.75036e+18	9.90e-01	9.92e-03	5.04e-08
 8.75067e+18	9.90e-01	9.78e-03	5.12e-08
 8.75100e+18	9.90e-01	9.62e-03	5.19e-08
 8.75143e+18	9.91e-01	9.40e-03	5.33e-08
 8.75189e+18	9.91e-01	9.18e-03	5.47e-08
 8.75231e+18	9.91e-01	8.99e-03	5.60e-08
 8.75270e+18	9.91e-01	8.81e-03	5.73e-08
 8.75305e+18	9.91e-01	8.65e-03	5.85e-08
 8.75336e+18	9.91e-01	8.51e-03	5.97e-08
 8.75365e+18	9.92e-01	8.40e-03	6.07e-08
 8.75397e+18	9.92e-01	8.27e-03	6.17e-08
 8.75438e+18	9.92e-01	8.11e-03	6.32e-08
 8.75483e+18	9.92e-01	7.94e-03	6.48e-08
 8.75523e+18	9.92e-01	7.80e-03	6.61e-08
 8.75560e+18	9.92e-01	7.67e-03	6.75e-08
 8.75594e+18	9.92e-01	7.55e-03	6.88e-08
 8.75631e+18	9.93e-01	7.43e-03	7.00e-08
 8.75670e+18	9.93e-01	7.29e-03	7.19e-08
 8.75706e+18	9.93e-01	7.17e-03	7.32e-08
 8.75739e+18	9.93e-01	7.07e-03	7.46e-08
 8.75775e+18	9.93e-01	6.95e-03	7.63e-08
 8.75814e+18	9.93e-01	6.82e-03	7.81e-08
 8.75850e+18	9.93e-01	6.72e-03	7.96e-08
 8.75888e+18	9.93e-01	6.59e-03	8.17e-08
 8.75930e+18	9.94e-01	6.45e-03	8.39e-08
 8.75968e+18	9.94e-01	6.35e-03	8.57e-08
 8.76003e+18	9.94e-01	6.25e-03	8.76e-08
 8.76035e+18	9.94e-01	6.16e-03	8.92e-08
 8.76069e+18	9.94e-01	6.07e-03	9.08e-08
 8.76114e+18	9.94e-01	5.93e-03	9.39e-08
 8.76163e+18	9.94e-01	5.80e-03	9.67e-08
 8.76207e+18	9.94e-01	5.67e-03	9.94e-08
 8.76247e+18	9.94e-01	5.58e-03	1.02e-07
 8.76283e+18	9.95e-01	5.48e-03	1.04e-07
 8.76317e+18	9.95e-01	5.41e-03	1.06e-07
 8.76353e+18	9.95e-01	5.32e-03	1.08e-07
 8.76393e+18	9.95e-01	5.22e-03	1.11e-07
 8.76428e+18	9.95e-01	5.14e-03	1.13e-07
 8.76461e+18	9.95e-01	5.07e-03	1.15e-07
 8.76497e+18	9.95e-01	4.97e-03	1.17e-07
 8.76535e+18	9.95e-01	4.96e-03	1.17e-07
 8.76577e+18	9.95e-01	4.89e-03	1.17e-07
 8.76632e+18	9.95e-01	4.86e-03	1.17e-07
 8.76704e+18	9.95e-01	4.78e-03	1.17e-07
 8.76797e+18	9.95e-01	4.68e-03	1.17e-07
 8.76917e+18	9.95e-01	4.55e-03	1.17e-07
 8.77074e+18	9.96e-01	4.37e-03	1.17e-07
 8.77255e+18	9.96e-01	4.16e-03	1.17e-07
 8.77426e+18	9.96e-01	3.98e-03	1.17e-07
 8.77579e+18	9.96e-01	3.84e-03	1.17e-07
 8.77736e+18	9.96e-01	3.71e-03	1.16e-07
 8.77916e+18	9.96e-01	3.57e-03	1.16e-07
 8.78107e+18	9.97e-01	3.41e-03	1.16e-07
 8.78288e+18	9.97e-01	3.27e-03	1.16e-07
 8.78459e+18	9.97e-01	3.16e-03	1.16e-07
 8.78637e+18	9.97e-01	3.05e-03	1.16e-07
 8.78828e+18	9.97e-01	2.93e-03	1.16e-07
 8.79023e+18	9.97e-01	2.82e-03	1.16e-07
 8.79211e+18	9.97e-01	2.71e-03	1.16e-07
 8.79394e+18	9.97e-01	2.62e-03	1.16e-07
 8.79584e+18	9.97e-01	2.52e-03	1.16e-07
 8.79781e+18	9.98e-01	2.42e-03	1.16e-07
 8.79979e+18	9.98e-01	2.33e-03	1.16e-07
 8.80172e+18	9.98e-01	2.24e-03	1.16e-07
 8.80364e+18	9.98e-01	2.16e-03	1.16e-07
 8.80561e+18	9.98e-01	2.08e-03	1.16e-07
 8.80763e+18	9.98e-01	2.00e-03	1.16e-07
 8.80963e+18	9.98e-01	1.93e-03	1.16e-07
 8.81161e+18	9.98e-01	1.86e-03	1.16e-07
 8.81361e+18	9.98e-01	1.79e-03	1.16e-07
 8.81564e+18	9.98e-01	1.72e-03	1.16e-07
 8.81769e+18	9.98e-01	1.66e-03	1.16e-07
 8.81974e+18	9.98e-01	1.59e-03	1.16e-07
 8.82177e+18	9.98e-01	1.53e-03	1.16e-07
 8.82385e+18	9.99e-01	1.48e-03	1.16e-07
 8.82594e+18	9.99e-01	1.42e-03	1.16e-07
 8.82805e+18	9.99e-01	1.37e-03	1.16e-07
 8.83014e+18	9.99e-01	1.31e-03	1.16e-07
 8.83220e+18	9.99e-01	1.27e-03	1.16e-07
 8.83431e+18	9.99e-01	1.22e-03	1.16e-07
 8.83649e+18	9.99e-01	1.17e-03	1.16e-07
 8.83865e+18	9.99e-01	1.13e-03	1.16e-07
 8.84078e+18	9.99e-01	1.08e-03	1.16e-07
 8.84293e+18	9.99e-01	1.04e-03	1.16e-07
 8.84515e+18	9.99e-01	1.00e-03	1.16e-07
 8.84740e+18	9.99e-01	9.58e-04	1.16e-07
 8.84963e+18	9.99e-01	9.22e-04	1.16e-07
 8.85185e+18	9.99e-01	8.87e-04	1.16e-07
 8.85409e+18	9.99e-01	8.51e-04	1.16e-07
 8.85637e+18	9.99e-01	8.16e-04	1.16e-07
 8.85867e+18	9.99e-01	7.83e-04	1.16e-07
 8.86098e+18	9.99e-01	7.51e-04	1.16e-07
 8.86331e+18	9.99e-01	7.21e-04	1.16e-07
 8.86564e+18	9.99e-01	6.91e-04	1.16e-07
