#depth	H	H+	H2
 1.70547e+11	2.00e-03	9.98e-01	9.16e-14
 1.02328e+12	2.00e-03	9.98e-01	9.16e-14
 4.43421e+12	2.00e-03	9.98e-01	9.16e-14
 1.80779e+13	1.99e-03	9.98e-01	9.16e-14
 4.31824e+13	1.99e-03	9.98e-01	9.16e-14
 7.58182e+13	1.98e-03	9.98e-01	9.12e-14
 1.18245e+14	1.98e-03	9.98e-01	9.11e-14
 1.73399e+14	1.97e-03	9.98e-01	9.10e-14
 2.45100e+14	1.96e-03	9.98e-01	9.08e-14
 3.38311e+14	1.95e-03	9.98e-01	9.06e-14
 4.59486e+14	1.95e-03	9.98e-01	9.06e-14
 6.17012e+14	1.94e-03	9.98e-01	9.06e-14
 8.21797e+14	1.93e-03	9.98e-01	9.07e-14
 1.08802e+15	1.92e-03	9.98e-01	9.10e-14
 1.43410e+15	1.91e-03	9.98e-01	9.17e-14
 1.88402e+15	1.91e-03	9.98e-01	9.27e-14
 2.46890e+15	1.91e-03	9.98e-01	9.44e-14
 3.22925e+15	1.92e-03	9.98e-01	9.69e-14
 4.21771e+15	1.95e-03	9.98e-01	1.01e-13
 5.50270e+15	2.00e-03	9.98e-01	1.06e-13
 6.54046e+15	2.00e-03	9.98e-01	1.10e-13
 7.19450e+15	2.03e-03	9.98e-01	1.13e-13
 7.91395e+15	2.08e-03	9.98e-01	1.17e-13
 8.70535e+15	2.13e-03	9.98e-01	1.22e-13
 9.57588e+15	2.19e-03	9.98e-01	1.27e-13
 1.05335e+16	2.27e-03	9.98e-01	1.34e-13
 1.15868e+16	2.37e-03	9.98e-01	1.43e-13
 1.27455e+16	2.49e-03	9.98e-01	1.53e-13
 1.40200e+16	2.65e-03	9.97e-01	1.66e-13
 1.54221e+16	2.85e-03	9.97e-01	1.82e-13
 1.69643e+16	3.12e-03	9.97e-01	2.04e-13
 1.86607e+16	3.49e-03	9.97e-01	2.34e-13
 2.03973e+16	3.96e-03	9.96e-01	2.71e-13
 2.19843e+16	4.53e-03	9.95e-01	3.16e-13
 2.33807e+16	5.18e-03	9.95e-01	3.68e-13
 2.46553e+16	5.95e-03	9.94e-01	4.28e-13
 2.56754e+16	6.74e-03	9.93e-01	4.89e-13
 2.63517e+16	7.38e-03	9.93e-01	5.40e-13
 2.68699e+16	7.96e-03	9.92e-01	5.84e-13
 2.74330e+16	8.68e-03	9.91e-01	6.41e-13
 2.80224e+16	9.57e-03	9.90e-01	7.10e-13
 2.85477e+16	1.05e-02	9.89e-01	7.83e-13
 2.89741e+16	1.14e-02	9.89e-01	8.53e-13
 2.92729e+16	1.21e-02	9.88e-01	9.07e-13
 2.95206e+16	1.27e-02	9.87e-01	9.58e-13
 2.97989e+16	1.36e-02	9.86e-01	1.02e-12
 3.00915e+16	1.45e-02	9.86e-01	1.09e-12
 3.03305e+16	1.53e-02	9.85e-01	1.16e-12
 3.05253e+16	1.61e-02	9.84e-01	1.22e-12
 3.07348e+16	1.70e-02	9.83e-01	1.29e-12
 3.09692e+16	1.80e-02	9.82e-01	1.38e-12
 3.11916e+16	1.92e-02	9.81e-01	1.48e-12
 3.14364e+16	2.06e-02	9.79e-01	1.60e-12
 3.17548e+16	2.28e-02	9.77e-01	1.78e-12
 3.21686e+16	2.64e-02	9.74e-01	2.08e-12
 3.26279e+16	3.17e-02	9.68e-01	2.54e-12
 3.30750e+16	3.90e-02	9.61e-01	3.20e-12
 3.34864e+16	4.91e-02	9.51e-01	4.12e-12
 3.38238e+16	6.14e-02	9.39e-01	5.32e-12
 3.40594e+16	7.40e-02	9.26e-01	6.60e-12
 3.42118e+16	8.47e-02	9.15e-01	7.76e-12
 3.43604e+16	9.78e-02	9.02e-01	9.24e-12
 3.45259e+16	1.16e-01	8.84e-01	1.14e-11
 3.46725e+16	1.38e-01	8.62e-01	1.43e-11
 3.47894e+16	1.61e-01	8.39e-01	1.75e-11
 3.48876e+16	1.86e-01	8.14e-01	2.12e-11
 3.49802e+16	2.13e-01	7.87e-01	2.58e-11
 3.50742e+16	2.48e-01	7.52e-01	3.23e-11
 3.51639e+16	2.88e-01	7.12e-01	4.10e-11
 3.52350e+16	3.26e-01	6.74e-01	5.06e-11
 3.52850e+16	3.57e-01	6.43e-01	5.94e-11
 3.53233e+16	3.82e-01	6.18e-01	6.76e-11
 3.53581e+16	4.07e-01	5.93e-01	7.64e-11
 3.53918e+16	4.32e-01	5.68e-01	8.63e-11
 3.54234e+16	4.57e-01	5.43e-01	9.77e-11
 3.54522e+16	4.79e-01	5.21e-01	1.09e-10
 3.54780e+16	5.01e-01	4.99e-01	1.21e-10
 3.55015e+16	5.21e-01	4.79e-01	1.33e-10
 3.55240e+16	5.40e-01	4.60e-01	1.46e-10
 3.55422e+16	5.55e-01	4.45e-01	1.57e-10
 3.55556e+16	5.67e-01	4.33e-01	1.67e-10
 3.55685e+16	5.78e-01	4.22e-01	1.76e-10
 3.55826e+16	5.91e-01	4.09e-01	1.88e-10
 3.55972e+16	6.04e-01	3.96e-01	2.01e-10
 3.56115e+16	6.16e-01	3.84e-01	2.14e-10
 3.56254e+16	6.28e-01	3.72e-01	2.28e-10
 3.56391e+16	6.40e-01	3.60e-01	2.42e-10
 3.56528e+16	6.52e-01	3.48e-01	2.58e-10
 3.56665e+16	6.64e-01	3.36e-01	2.75e-10
 3.56800e+16	6.75e-01	3.25e-01	2.93e-10
 3.56933e+16	6.86e-01	3.14e-01	3.12e-10
 3.57066e+16	6.97e-01	3.03e-01	3.33e-10
 3.57198e+16	7.08e-01	2.92e-01	3.54e-10
 3.57330e+16	7.19e-01	2.81e-01	3.77e-10
 3.57461e+16	7.29e-01	2.71e-01	4.02e-10
 3.57591e+16	7.39e-01	2.61e-01	4.29e-10
 3.57720e+16	7.49e-01	2.51e-01	4.57e-10
 3.57848e+16	7.58e-01	2.42e-01	4.86e-10
 3.57976e+16	7.68e-01	2.32e-01	5.18e-10
 3.58104e+16	7.77e-01	2.23e-01	5.52e-10
 3.58231e+16	7.85e-01	2.15e-01	5.87e-10
 3.58355e+16	7.94e-01	2.06e-01	6.27e-10
 3.58477e+16	8.02e-01	1.98e-01	6.65e-10
 3.58598e+16	8.10e-01	1.90e-01	7.09e-10
 3.58717e+16	8.17e-01	1.83e-01	7.48e-10
 3.58835e+16	8.24e-01	1.76e-01	7.98e-10
 3.58951e+16	8.31e-01	1.69e-01	8.47e-10
 3.59066e+16	8.37e-01	1.63e-01	8.99e-10
 3.59181e+16	8.44e-01	1.56e-01	9.51e-10
 3.59294e+16	8.50e-01	1.50e-01	1.01e-09
 3.59406e+16	8.56e-01	1.44e-01	1.06e-09
 3.59517e+16	8.61e-01	1.39e-01	1.13e-09
 3.59626e+16	8.67e-01	1.33e-01	1.20e-09
 3.59735e+16	8.72e-01	1.28e-01	1.27e-09
 3.59844e+16	8.77e-01	1.23e-01	1.34e-09
 3.59952e+16	8.82e-01	1.18e-01	1.43e-09
 3.60060e+16	8.86e-01	1.14e-01	1.50e-09
 3.60166e+16	8.91e-01	1.09e-01	1.60e-09
 3.60272e+16	8.95e-01	1.05e-01	1.68e-09
 3.60377e+16	8.99e-01	1.01e-01	1.78e-09
 3.60481e+16	9.03e-01	9.73e-02	1.88e-09
 3.60585e+16	9.07e-01	9.35e-02	1.99e-09
 3.60689e+16	9.10e-01	8.98e-02	2.11e-09
 3.60793e+16	9.14e-01	8.64e-02	2.22e-09
 3.60896e+16	9.17e-01	8.29e-02	2.36e-09
 3.60999e+16	9.20e-01	7.98e-02	2.47e-09
 3.61101e+16	9.23e-01	7.67e-02	2.62e-09
 3.61202e+16	9.26e-01	7.37e-02	2.78e-09
 3.61303e+16	9.29e-01	7.09e-02	2.92e-09
 3.61404e+16	9.32e-01	6.81e-02	3.11e-09
 3.61505e+16	9.34e-01	6.55e-02	3.27e-09
 3.61605e+16	9.37e-01	6.29e-02	3.47e-09
 3.61705e+16	9.39e-01	6.06e-02	3.63e-09
 3.61805e+16	9.42e-01	5.82e-02	3.86e-09
 3.61904e+16	9.44e-01	5.59e-02	4.08e-09
 3.62003e+16	9.46e-01	5.38e-02	4.31e-09
 3.62103e+16	9.48e-01	5.17e-02	4.54e-09
 3.62202e+16	9.50e-01	4.96e-02	4.83e-09
 3.62301e+16	9.52e-01	4.78e-02	5.07e-09
 3.62399e+16	9.54e-01	4.59e-02	5.39e-09
 3.62496e+16	9.56e-01	4.42e-02	5.69e-09
 3.62594e+16	9.58e-01	4.24e-02	6.04e-09
 3.62693e+16	9.59e-01	4.08e-02	6.37e-09
 3.62791e+16	9.61e-01	3.92e-02	6.78e-09
 3.62888e+16	9.62e-01	3.77e-02	7.14e-09
 3.62985e+16	9.64e-01	3.62e-02	7.61e-09
 3.63083e+16	9.65e-01	3.48e-02	8.01e-09
 3.63180e+16	9.67e-01	3.35e-02	8.52e-09
 3.63275e+16	9.68e-01	3.22e-02	9.02e-09
 3.63372e+16	9.69e-01	3.09e-02	9.60e-09
 3.63469e+16	9.70e-01	2.97e-02	1.02e-08
 3.63566e+16	9.71e-01	2.85e-02	1.08e-08
 3.63662e+16	9.73e-01	2.74e-02	1.15e-08
 3.63758e+16	9.74e-01	2.64e-02	1.22e-08
 3.63853e+16	9.75e-01	2.54e-02	1.30e-08
 3.63949e+16	9.76e-01	2.44e-02	1.38e-08
 3.64045e+16	9.77e-01	2.34e-02	1.46e-08
 3.64139e+16	9.77e-01	2.25e-02	1.55e-08
 3.64232e+16	9.78e-01	2.17e-02	1.64e-08
 3.64326e+16	9.79e-01	2.08e-02	1.73e-08
 3.64421e+16	9.80e-01	2.00e-02	1.83e-08
 3.64515e+16	9.81e-01	1.92e-02	1.93e-08
 3.64609e+16	9.82e-01	1.85e-02	2.04e-08
 3.64702e+16	9.82e-01	1.77e-02	2.15e-08
 3.64796e+16	9.83e-01	1.71e-02	2.25e-08
 3.64888e+16	9.84e-01	1.64e-02	2.36e-08
 3.64980e+16	9.84e-01	1.57e-02	2.46e-08
 3.65072e+16	9.85e-01	1.51e-02	2.56e-08
 3.65163e+16	9.85e-01	1.45e-02	2.66e-08
 3.65253e+16	9.86e-01	1.40e-02	2.75e-08
 3.65342e+16	9.87e-01	1.34e-02	2.83e-08
 3.65430e+16	9.87e-01	1.29e-02	2.91e-08
 3.65518e+16	9.88e-01	1.24e-02	2.98e-08
 3.65605e+16	9.88e-01	1.19e-02	3.03e-08
 3.65690e+16	9.89e-01	1.14e-02	3.08e-08
 3.65775e+16	9.89e-01	1.10e-02	3.12e-08
 3.65858e+16	9.89e-01	1.05e-02	3.16e-08
 3.65938e+16	9.90e-01	1.01e-02	3.21e-08
 3.66013e+16	9.90e-01	9.75e-03	3.25e-08
 3.66080e+16	9.91e-01	9.43e-03	3.29e-08
 3.66142e+16	9.91e-01	9.11e-03	3.34e-08
 3.66201e+16	9.91e-01	8.84e-03	3.40e-08
 3.66254e+16	9.91e-01	8.59e-03	3.45e-08
 3.66303e+16	9.92e-01	8.36e-03	3.50e-08
 3.66347e+16	9.92e-01	8.16e-03	3.56e-08
 3.66387e+16	9.92e-01	7.99e-03	3.61e-08
 3.66424e+16	9.92e-01	7.82e-03	3.67e-08
 3.66457e+16	9.92e-01	7.68e-03	3.72e-08
 3.66494e+16	9.92e-01	7.51e-03	3.79e-08
 3.66533e+16	9.93e-01	7.35e-03	3.86e-08
 3.66569e+16	9.93e-01	7.21e-03	3.91e-08
 3.66608e+16	9.93e-01	7.03e-03	4.02e-08
 3.66651e+16	9.93e-01	6.86e-03	4.12e-08
 3.66689e+16	9.93e-01	6.71e-03	4.21e-08
 3.66725e+16	9.93e-01	6.58e-03	4.30e-08
 3.66757e+16	9.94e-01	6.45e-03	4.39e-08
 3.66786e+16	9.94e-01	6.35e-03	4.46e-08
 3.66818e+16	9.94e-01	6.23e-03	4.55e-08
 3.66852e+16	9.94e-01	6.12e-03	4.63e-08
 3.66890e+16	9.94e-01	5.98e-03	4.75e-08
 3.66930e+16	9.94e-01	5.85e-03	4.87e-08
 3.66968e+16	9.94e-01	5.75e-03	4.95e-08
 3.67008e+16	9.94e-01	5.60e-03	5.11e-08
 3.67052e+16	9.95e-01	5.48e-03	5.25e-08
 3.67092e+16	9.95e-01	5.36e-03	5.35e-08
 3.67128e+16	9.95e-01	5.25e-03	5.50e-08
 3.67161e+16	9.95e-01	5.16e-03	5.61e-08
 3.67197e+16	9.95e-01	5.06e-03	5.74e-08
 3.67237e+16	9.95e-01	4.96e-03	5.88e-08
 3.67272e+16	9.95e-01	4.86e-03	6.03e-08
 3.67305e+16	9.95e-01	4.78e-03	6.14e-08
 3.67340e+16	9.95e-01	4.68e-03	6.34e-08
 3.67378e+16	9.95e-01	4.58e-03	6.50e-08
 3.67413e+16	9.96e-01	4.49e-03	6.67e-08
 3.67445e+16	9.96e-01	4.42e-03	6.79e-08
 3.67480e+16	9.96e-01	4.34e-03	6.96e-08
 3.67517e+16	9.96e-01	4.25e-03	7.14e-08
 3.67551e+16	9.96e-01	4.18e-03	7.26e-08
 3.67589e+16	9.96e-01	4.09e-03	7.50e-08
 3.67629e+16	9.96e-01	4.00e-03	7.69e-08
 3.67666e+16	9.96e-01	3.93e-03	7.82e-08
 3.67706e+16	9.96e-01	3.84e-03	8.06e-08
 3.67750e+16	9.96e-01	3.76e-03	8.27e-08
 3.67789e+16	9.96e-01	3.68e-03	8.47e-08
 3.67825e+16	9.96e-01	3.61e-03	8.64e-08
 3.67858e+16	9.96e-01	3.60e-03	8.64e-08
 3.67894e+16	9.96e-01	3.55e-03	8.64e-08
 3.67940e+16	9.96e-01	3.51e-03	8.63e-08
 3.68001e+16	9.97e-01	3.45e-03	8.63e-08
 3.68080e+16	9.97e-01	3.38e-03	8.63e-08
 3.68183e+16	9.97e-01	3.29e-03	8.62e-08
 3.68316e+16	9.97e-01	3.18e-03	8.62e-08
 3.68483e+16	9.97e-01	3.05e-03	8.61e-08
 3.68669e+16	9.97e-01	2.92e-03	8.61e-08
 3.68853e+16	9.97e-01	2.81e-03	8.60e-08
 3.69037e+16	9.97e-01	2.70e-03	8.60e-08
 3.69231e+16	9.97e-01	2.60e-03	8.59e-08
 3.69441e+16	9.98e-01	2.50e-03	8.59e-08
 3.69668e+16	9.98e-01	2.40e-03	8.58e-08
 3.69911e+16	9.98e-01	2.31e-03	8.58e-08
 3.70174e+16	9.98e-01	2.22e-03	8.58e-08
 3.70461e+16	9.98e-01	2.14e-03	8.57e-08
 3.70780e+16	9.98e-01	2.06e-03	8.57e-08
 3.71139e+16	9.98e-01	1.99e-03	8.57e-08
 3.71549e+16	9.98e-01	1.92e-03	8.57e-08
 3.72027e+16	9.98e-01	1.86e-03	8.57e-08
 3.72592e+16	9.98e-01	1.79e-03	8.57e-08
 3.73274e+16	9.98e-01	1.73e-03	8.57e-08
 3.74113e+16	9.98e-01	1.68e-03	8.57e-08
 3.75156e+16	9.98e-01	1.62e-03	8.57e-08
 3.76445e+16	9.98e-01	1.57e-03	8.58e-08
 3.77979e+16	9.98e-01	1.51e-03	8.59e-08
 3.79688e+16	9.99e-01	1.44e-03	8.60e-08
 3.81453e+16	9.99e-01	1.38e-03	8.61e-08
 3.83166e+16	9.99e-01	1.32e-03	8.62e-08
 3.84792e+16	9.99e-01	1.27e-03	8.63e-08
 3.86392e+16	9.99e-01	1.22e-03	8.64e-08
 3.88243e+16	9.99e-01	1.19e-03	8.65e-08
 3.90651e+16	9.99e-01	1.15e-03	8.66e-08
 3.93780e+16	9.99e-01	1.11e-03	8.68e-08
 3.97592e+16	9.99e-01	1.06e-03	8.71e-08
 4.01723e+16	9.99e-01	1.01e-03	8.74e-08
 4.05767e+16	9.99e-01	9.64e-04	8.77e-08
 4.09692e+16	9.99e-01	9.28e-04	8.80e-08
 4.14020e+16	9.99e-01	9.00e-04	8.83e-08
 4.19447e+16	9.99e-01	8.68e-04	8.87e-08
 4.26501e+16	9.99e-01	8.38e-04	8.92e-08
