#depth	He	He+	He+2
 6.46415e+15	2.36e-07	8.09e-02	9.19e-01
 3.87849e+16	2.46e-07	8.26e-02	9.17e-01
 1.25934e+17	2.76e-07	8.71e-02	9.13e-01
 2.50972e+17	3.22e-07	9.36e-02	9.06e-01
 3.81010e+17	3.75e-07	1.01e-01	8.99e-01
 5.16251e+17	4.38e-07	1.08e-01	8.92e-01
 6.56901e+17	5.11e-07	1.16e-01	8.84e-01
 8.03177e+17	5.96e-07	1.25e-01	8.75e-01
 9.55304e+17	6.95e-07	1.34e-01	8.66e-01
 1.11352e+18	8.09e-07	1.43e-01	8.57e-01
 1.27806e+18	9.42e-07	1.53e-01	8.47e-01
 1.44918e+18	1.10e-06	1.64e-01	8.36e-01
 1.62715e+18	1.27e-06	1.76e-01	8.24e-01
 1.81223e+18	1.48e-06	1.88e-01	8.12e-01
 2.00472e+18	1.72e-06	2.01e-01	7.99e-01
 2.20491e+18	1.99e-06	2.14e-01	7.86e-01
 2.41311e+18	2.31e-06	2.29e-01	7.71e-01
 2.62963e+18	2.67e-06	2.44e-01	7.56e-01
 2.85481e+18	3.09e-06	2.60e-01	7.40e-01
 3.08901e+18	3.58e-06	2.77e-01	7.23e-01
 3.33257e+18	4.13e-06	2.94e-01	7.06e-01
 3.58587e+18	4.77e-06	3.13e-01	6.87e-01
 3.84930e+18	5.51e-06	3.33e-01	6.67e-01
 4.12328e+18	6.34e-06	3.53e-01	6.47e-01
 4.40821e+18	7.31e-06	3.74e-01	6.26e-01
 4.70454e+18	8.41e-06	3.97e-01	6.03e-01
 5.01272e+18	9.67e-06	4.20e-01	5.80e-01
 5.33323e+18	1.11e-05	4.45e-01	5.55e-01
 5.66656e+18	1.27e-05	4.70e-01	5.30e-01
 6.01322e+18	1.46e-05	4.97e-01	5.03e-01
 6.37375e+18	1.67e-05	5.24e-01	4.76e-01
 6.74870e+18	1.91e-05	5.52e-01	4.48e-01
 7.13864e+18	2.18e-05	5.81e-01	4.19e-01
 7.54419e+18	2.49e-05	6.11e-01	3.89e-01
 7.96596e+18	2.83e-05	6.41e-01	3.59e-01
 8.40459e+18	3.21e-05	6.71e-01	3.29e-01
 8.86078e+18	3.64e-05	7.02e-01	2.98e-01
 9.33521e+18	4.11e-05	7.32e-01	2.68e-01
 9.82862e+18	4.63e-05	7.61e-01	2.39e-01
 1.03418e+19	5.21e-05	7.90e-01	2.10e-01
 1.08754e+19	5.84e-05	8.17e-01	1.83e-01
 1.14305e+19	6.52e-05	8.43e-01	1.57e-01
 1.20077e+19	7.26e-05	8.66e-01	1.34e-01
 1.26080e+19	8.06e-05	8.88e-01	1.12e-01
 1.32323e+19	8.93e-05	9.07e-01	9.33e-02
 1.38816e+19	9.85e-05	9.23e-01	7.66e-02
 1.45568e+19	1.08e-04	9.38e-01	6.21e-02
 1.52591e+19	1.19e-04	9.50e-01	4.98e-02
 1.59895e+19	1.30e-04	9.60e-01	3.95e-02
 1.67491e+19	1.43e-04	9.69e-01	3.10e-02
 1.75390e+19	1.56e-04	9.76e-01	2.41e-02
 1.83606e+19	1.70e-04	9.81e-01	1.86e-02
 1.92150e+19	1.85e-04	9.86e-01	1.42e-02
 2.01036e+19	2.01e-04	9.89e-01	1.07e-02
 2.10278e+19	2.19e-04	9.92e-01	8.04e-03
 2.19889e+19	2.38e-04	9.94e-01	5.98e-03
 2.29884e+19	2.58e-04	9.95e-01	4.41e-03
 2.40280e+19	2.80e-04	9.96e-01	3.23e-03
 2.51091e+19	3.04e-04	9.97e-01	2.34e-03
 2.62334e+19	3.30e-04	9.98e-01	1.69e-03
 2.74028e+19	3.58e-04	9.98e-01	1.21e-03
 2.86189e+19	3.89e-04	9.99e-01	8.56e-04
 2.98836e+19	4.22e-04	9.99e-01	6.03e-04
 3.11990e+19	4.57e-04	9.99e-01	4.21e-04
 3.25670e+19	4.96e-04	9.99e-01	2.92e-04
 3.39896e+19	5.38e-04	9.99e-01	2.02e-04
 3.54692e+19	5.84e-04	9.99e-01	1.38e-04
 3.70080e+19	6.34e-04	9.99e-01	9.38e-05
 3.86083e+19	6.88e-04	9.99e-01	6.34e-05
 4.02726e+19	7.46e-04	9.99e-01	4.26e-05
 4.20035e+19	8.10e-04	9.99e-01	2.85e-05
 4.38037e+19	8.79e-04	9.99e-01	1.89e-05
 4.56758e+19	9.55e-04	9.99e-01	1.25e-05
 4.76229e+19	1.04e-03	9.99e-01	8.26e-06
 4.96478e+19	1.13e-03	9.99e-01	5.43e-06
 5.17537e+19	1.22e-03	9.99e-01	3.55e-06
 5.39438e+19	1.33e-03	9.99e-01	2.32e-06
 5.62216e+19	1.45e-03	9.99e-01	1.51e-06
 5.85905e+19	1.57e-03	9.98e-01	9.78e-07
 6.10541e+19	1.71e-03	9.98e-01	6.34e-07
 6.36162e+19	1.86e-03	9.98e-01	4.09e-07
 6.62809e+19	2.03e-03	9.98e-01	2.64e-07
 6.90521e+19	2.21e-03	9.98e-01	1.70e-07
 7.19342e+19	2.42e-03	9.98e-01	1.09e-07
 7.49316e+19	2.64e-03	9.97e-01	7.00e-08
 7.80488e+19	2.89e-03	9.97e-01	4.48e-08
 8.12908e+19	3.16e-03	9.97e-01	2.86e-08
 8.46624e+19	3.46e-03	9.97e-01	1.82e-08
 8.81689e+19	3.80e-03	9.96e-01	1.16e-08
 9.18157e+19	4.18e-03	9.96e-01	7.34e-09
 9.56083e+19	4.61e-03	9.95e-01	4.64e-09
 9.94617e+19	5.08e-03	9.95e-01	2.97e-09
 1.03469e+20	5.62e-03	9.94e-01	1.88e-09
 1.07614e+20	6.23e-03	9.94e-01	1.20e-09
 1.11680e+20	6.90e-03	9.93e-01	7.84e-10
 1.16022e+20	7.70e-03	9.92e-01	5.00e-10
 1.20588e+20	8.65e-03	9.91e-01	3.19e-10
 1.24655e+20	9.61e-03	9.90e-01	2.18e-10
 1.28230e+20	1.06e-02	9.89e-01	1.57e-10
 1.32235e+20	1.18e-02	9.88e-01	1.08e-10
 1.36622e+20	1.34e-02	9.87e-01	7.33e-11
 1.40570e+20	1.51e-02	9.85e-01	5.24e-11
 1.43892e+20	1.68e-02	9.83e-01	3.99e-11
 1.46856e+20	1.86e-02	9.81e-01	3.12e-11
 1.49764e+20	2.06e-02	9.79e-01	2.47e-11
 1.52627e+20	2.30e-02	9.77e-01	1.96e-11
 1.55434e+20	2.57e-02	9.74e-01	1.57e-11
 1.58170e+20	2.90e-02	9.71e-01	1.27e-11
 1.60819e+20	3.30e-02	9.67e-01	1.04e-11
 1.63383e+20	3.77e-02	9.62e-01	8.54e-12
 1.65871e+20	4.35e-02	9.56e-01	7.07e-12
 1.68286e+20	5.09e-02	9.49e-01	5.89e-12
 1.70535e+20	5.98e-02	9.40e-01	4.97e-12
 1.72503e+20	7.01e-02	9.30e-01	4.29e-12
 1.74199e+20	8.17e-02	9.18e-01	3.75e-12
 1.75701e+20	9.51e-02	9.05e-01	3.33e-12
 1.77110e+20	1.12e-01	8.88e-01	2.95e-12
 1.78460e+20	1.32e-01	8.68e-01	2.62e-12
 1.79700e+20	1.58e-01	8.42e-01	2.33e-12
 1.80798e+20	1.88e-01	8.12e-01	2.08e-12
 1.81767e+20	2.23e-01	7.77e-01	1.84e-12
 1.82650e+20	2.65e-01	7.35e-01	1.62e-12
 1.83468e+20	3.15e-01	6.85e-01	1.42e-12
 1.84217e+20	3.73e-01	6.27e-01	1.22e-12
 1.84899e+20	4.38e-01	5.62e-01	1.03e-12
 1.85530e+20	5.08e-01	4.92e-01	8.52e-13
 1.86138e+20	5.83e-01	4.17e-01	6.82e-13
 1.86740e+20	6.61e-01	3.39e-01	5.24e-13
 1.87429e+20	7.48e-01	2.52e-01	3.65e-13
 1.88163e+20	8.28e-01	1.72e-01	2.35e-13
 1.88796e+20	8.82e-01	1.18e-01	1.54e-13
 1.89364e+20	9.18e-01	8.23e-02	1.04e-13
 1.89884e+20	9.41e-01	5.87e-02	7.19e-14
 1.90327e+20	9.56e-01	4.39e-02	5.27e-14
 1.90707e+20	9.66e-01	3.42e-02	4.06e-14
 1.91051e+20	9.73e-01	2.72e-02	3.22e-14
 1.91376e+20	9.78e-01	2.20e-02	2.61e-14
 1.91683e+20	9.82e-01	1.81e-02	2.17e-14
 1.91970e+20	9.85e-01	1.51e-02	1.84e-14
 1.92225e+20	9.87e-01	1.30e-02	1.63e-14
 1.92380e+20	9.88e-01	1.20e-02	1.55e-14
 1.92436e+20	9.88e-01	1.17e-02	1.52e-14
 1.92474e+20	9.89e-01	1.14e-02	1.50e-14
 1.92521e+20	9.89e-01	1.11e-02	1.47e-14
 1.92583e+20	9.89e-01	1.07e-02	1.44e-14
 1.92654e+20	9.90e-01	1.03e-02	1.41e-14
 1.92721e+20	9.90e-01	1.00e-02	1.38e-14
 1.92780e+20	9.90e-01	9.73e-03	1.37e-14
 1.92839e+20	9.91e-01	9.43e-03	1.35e-14
 1.92898e+20	9.91e-01	9.19e-03	1.34e-14
 1.92958e+20	9.91e-01	8.94e-03	1.33e-14
 1.93017e+20	9.91e-01	8.70e-03	1.32e-14
 1.93074e+20	9.92e-01	8.50e-03	1.31e-14
 1.93129e+20	9.92e-01	8.31e-03	1.32e-14
 1.93187e+20	9.92e-01	8.13e-03	1.32e-14
 1.93244e+20	9.92e-01	7.95e-03	1.32e-14
 1.93299e+20	9.92e-01	7.81e-03	1.33e-14
 1.93348e+20	9.92e-01	7.70e-03	1.35e-14
 1.93390e+20	9.92e-01	7.59e-03	1.36e-14
 1.93432e+20	9.92e-01	7.50e-03	1.37e-14
 1.93474e+20	9.93e-01	7.40e-03	1.38e-14
 1.93517e+20	9.93e-01	7.33e-03	1.41e-14
 1.93560e+20	9.93e-01	7.25e-03	1.42e-14
 1.93603e+20	9.93e-01	7.17e-03	1.45e-14
 1.93644e+20	9.93e-01	7.11e-03	1.47e-14
 1.93684e+20	9.93e-01	7.05e-03	1.50e-14
 1.93725e+20	9.93e-01	6.99e-03	1.52e-14
 1.93766e+20	9.93e-01	6.95e-03	1.56e-14
 1.93806e+20	9.93e-01	6.89e-03	1.59e-14
 1.93846e+20	9.93e-01	6.86e-03	1.63e-14
 1.93886e+20	9.93e-01	6.81e-03	1.66e-14
 1.93925e+20	9.93e-01	6.79e-03	1.71e-14
 1.93965e+20	9.93e-01	6.76e-03	1.75e-14
 1.94004e+20	9.93e-01	6.73e-03	1.80e-14
 1.94043e+20	9.93e-01	6.71e-03	1.85e-14
 1.94081e+20	9.93e-01	6.69e-03	1.90e-14
 1.94119e+20	9.93e-01	6.67e-03	1.95e-14
 1.94158e+20	9.93e-01	6.66e-03	2.02e-14
 1.94195e+20	9.93e-01	6.64e-03	2.07e-14
 1.94232e+20	9.93e-01	6.64e-03	2.14e-14
 1.94268e+20	9.93e-01	6.62e-03	2.20e-14
 1.94305e+20	9.93e-01	6.63e-03	2.28e-14
 1.94341e+20	9.93e-01	6.62e-03	2.34e-14
 1.94376e+20	9.93e-01	6.62e-03	2.42e-14
 1.94411e+20	9.93e-01	6.62e-03	2.49e-14
 1.94446e+20	9.93e-01	6.62e-03	2.57e-14
 1.94480e+20	9.93e-01	6.62e-03	2.65e-14
 1.94514e+20	9.93e-01	6.62e-03	2.74e-14
 1.94548e+20	9.93e-01	6.63e-03	2.82e-14
 1.94581e+20	9.93e-01	6.63e-03	2.91e-14
 1.94614e+20	9.93e-01	6.64e-03	3.01e-14
 1.94647e+20	9.93e-01	6.64e-03	3.10e-14
 1.94680e+20	9.93e-01	6.66e-03	3.20e-14
 1.94712e+20	9.93e-01	6.66e-03	3.30e-14
 1.94744e+20	9.93e-01	6.67e-03	3.40e-14
 1.94776e+20	9.93e-01	6.68e-03	3.51e-14
 1.94808e+20	9.93e-01	6.69e-03	3.62e-14
 1.94840e+20	9.93e-01	6.70e-03	3.74e-14
 1.94871e+20	9.93e-01	6.71e-03	3.86e-14
 1.94903e+20	9.93e-01	6.72e-03	3.98e-14
 1.94934e+20	9.93e-01	6.73e-03	4.10e-14
 1.94965e+20	9.93e-01	6.75e-03	4.23e-14
 1.94996e+20	9.93e-01	6.76e-03	4.36e-14
 1.95027e+20	9.93e-01	6.77e-03	4.49e-14
 1.95058e+20	9.93e-01	6.78e-03	4.63e-14
 1.95088e+20	9.93e-01	6.79e-03	4.78e-14
 1.95119e+20	9.93e-01	6.80e-03	4.92e-14
 1.95149e+20	9.93e-01	6.81e-03	5.07e-14
 1.95179e+20	9.93e-01	6.82e-03	5.22e-14
 1.95209e+20	9.93e-01	6.83e-03	5.37e-14
 1.95240e+20	9.93e-01	6.84e-03	5.53e-14
 1.95270e+20	9.93e-01	6.85e-03	5.69e-14
 1.95299e+20	9.93e-01	6.86e-03	5.85e-14
 1.95329e+20	9.93e-01	6.86e-03	6.02e-14
 1.95359e+20	9.93e-01	6.87e-03	6.19e-14
 1.95388e+20	9.93e-01	6.88e-03	6.36e-14
 1.95418e+20	9.93e-01	6.88e-03	6.53e-14
 1.95447e+20	9.93e-01	6.89e-03	6.71e-14
 1.95476e+20	9.93e-01	6.89e-03	6.88e-14
 1.95505e+20	9.93e-01	6.90e-03	7.06e-14
 1.95534e+20	9.93e-01	6.90e-03	7.24e-14
 1.95563e+20	9.93e-01	6.90e-03	7.41e-14
 1.95591e+20	9.93e-01	6.90e-03	7.59e-14
 1.95619e+20	9.93e-01	6.90e-03	7.76e-14
 1.95647e+20	9.93e-01	6.90e-03	7.93e-14
 1.95675e+20	9.93e-01	6.89e-03	8.10e-14
 1.95702e+20	9.93e-01	6.89e-03	8.27e-14
 1.95730e+20	9.93e-01	6.88e-03	8.43e-14
 1.95756e+20	9.93e-01	6.87e-03	8.59e-14
 1.95782e+20	9.93e-01	6.86e-03	8.73e-14
 1.95808e+20	9.93e-01	6.85e-03	8.87e-14
 1.95834e+20	9.93e-01	6.84e-03	9.00e-14
 1.95858e+20	9.93e-01	6.83e-03	9.11e-14
 1.95880e+20	9.93e-01	6.81e-03	9.21e-14
 1.95900e+20	9.93e-01	6.79e-03	9.28e-14
 1.95918e+20	9.93e-01	6.77e-03	9.34e-14
 1.95935e+20	9.93e-01	6.76e-03	9.38e-14
 1.95951e+20	9.93e-01	6.74e-03	9.42e-14
 1.95966e+20	9.93e-01	6.72e-03	9.44e-14
 1.95979e+20	9.93e-01	6.70e-03	9.45e-14
 1.95991e+20	9.93e-01	6.68e-03	9.46e-14
 1.96002e+20	9.93e-01	6.66e-03	9.47e-14
 1.96012e+20	9.93e-01	6.64e-03	9.46e-14
 1.96021e+20	9.93e-01	6.62e-03	9.46e-14
 1.96029e+20	9.93e-01	6.61e-03	9.46e-14
 1.96037e+20	9.93e-01	6.60e-03	9.47e-14
 1.96045e+20	9.93e-01	6.58e-03	9.45e-14
 1.96054e+20	9.93e-01	6.56e-03	9.45e-14
 1.96062e+20	9.93e-01	6.54e-03	9.44e-14
 1.96070e+20	9.93e-01	6.52e-03	9.40e-14
 1.96076e+20	9.93e-01	6.51e-03	9.41e-14
 1.96084e+20	9.94e-01	6.49e-03	9.39e-14
 1.96092e+20	9.94e-01	6.46e-03	9.36e-14
 1.96099e+20	9.94e-01	6.45e-03	9.35e-14
 1.96106e+20	9.94e-01	6.44e-03	9.36e-14
 1.96113e+20	9.94e-01	6.42e-03	9.36e-14
 1.96122e+20	9.94e-01	6.40e-03	9.36e-14
 1.96132e+20	9.94e-01	6.38e-03	9.34e-14
 1.96141e+20	9.94e-01	6.36e-03	9.35e-14
 1.96150e+20	9.94e-01	6.35e-03	9.35e-14
 1.96157e+20	9.94e-01	6.33e-03	9.34e-14
 1.96166e+20	9.94e-01	6.31e-03	9.33e-14
 1.96175e+20	9.94e-01	6.29e-03	9.31e-14
 1.96183e+20	9.94e-01	6.27e-03	9.33e-14
 1.96192e+20	9.94e-01	6.25e-03	9.30e-14
 1.96202e+20	9.94e-01	6.23e-03	9.31e-14
 1.96211e+20	9.94e-01	6.21e-03	9.29e-14
 1.96219e+20	9.94e-01	6.19e-03	9.28e-14
 1.96226e+20	9.94e-01	6.17e-03	9.27e-14
 1.96234e+20	9.94e-01	6.15e-03	9.25e-14
 1.96243e+20	9.94e-01	6.13e-03	9.24e-14
 1.96250e+20	9.94e-01	6.11e-03	9.23e-14
 1.96258e+20	9.94e-01	6.09e-03	9.21e-14
 1.96265e+20	9.94e-01	6.07e-03	9.19e-14
 1.96274e+20	9.94e-01	6.05e-03	9.17e-14
 1.96282e+20	9.94e-01	6.02e-03	9.16e-14
 1.96290e+20	9.94e-01	6.00e-03	9.14e-14
 1.96299e+20	9.94e-01	5.98e-03	9.14e-14
 1.96308e+20	9.94e-01	5.96e-03	9.11e-14
 1.96315e+20	9.94e-01	5.94e-03	9.11e-14
 1.96323e+20	9.94e-01	5.92e-03	9.09e-14
 1.96332e+20	9.94e-01	5.90e-03	9.08e-14
 1.96340e+20	9.94e-01	5.88e-03	9.06e-14
 1.96349e+20	9.94e-01	5.85e-03	9.04e-14
 1.96359e+20	9.94e-01	5.82e-03	9.02e-14
 1.96368e+20	9.94e-01	5.80e-03	9.01e-14
 1.96376e+20	9.94e-01	5.77e-03	8.96e-14
 1.96384e+20	9.94e-01	5.78e-03	9.06e-14
 1.96396e+20	9.94e-01	5.80e-03	9.18e-14
 1.96411e+20	9.94e-01	5.80e-03	9.30e-14
 1.96430e+20	9.94e-01	5.81e-03	9.47e-14
 1.96455e+20	9.94e-01	5.82e-03	9.70e-14
 1.96487e+20	9.94e-01	5.83e-03	9.99e-14
 1.96527e+20	9.94e-01	5.85e-03	1.03e-13
 1.96569e+20	9.94e-01	5.86e-03	1.07e-13
 1.96609e+20	9.94e-01	5.87e-03	1.11e-13
 1.96647e+20	9.94e-01	5.87e-03	1.14e-13
 1.96687e+20	9.94e-01	5.87e-03	1.18e-13
 1.96728e+20	9.94e-01	5.87e-03	1.21e-13
 1.96770e+20	9.94e-01	5.87e-03	1.25e-13
 1.96812e+20	9.94e-01	5.86e-03	1.28e-13
 1.96854e+20	9.94e-01	5.84e-03	1.32e-13
 1.96897e+20	9.94e-01	5.83e-03	1.35e-13
 1.96941e+20	9.94e-01	5.81e-03	1.39e-13
 1.96986e+20	9.94e-01	5.78e-03	1.42e-13
 1.97031e+20	9.94e-01	5.75e-03	1.45e-13
 1.97077e+20	9.94e-01	5.72e-03	1.48e-13
 1.97124e+20	9.94e-01	5.68e-03	1.52e-13
 1.97172e+20	9.94e-01	5.63e-03	1.54e-13
 1.97221e+20	9.94e-01	5.58e-03	1.57e-13
 1.97271e+20	9.94e-01	5.53e-03	1.60e-13
 1.97322e+20	9.95e-01	5.47e-03	1.62e-13
 1.97374e+20	9.95e-01	5.41e-03	1.65e-13
 1.97427e+20	9.95e-01	5.34e-03	1.67e-13
 1.97482e+20	9.95e-01	5.26e-03	1.68e-13
 1.97538e+20	9.95e-01	5.18e-03	1.70e-13
 1.97596e+20	9.95e-01	5.09e-03	1.71e-13
 1.97655e+20	9.95e-01	5.00e-03	1.72e-13
 1.97716e+20	9.95e-01	4.90e-03	1.73e-13
 1.97778e+20	9.95e-01	4.80e-03	1.73e-13
 1.97842e+20	9.95e-01	4.69e-03	1.73e-13
 1.97908e+20	9.95e-01	4.58e-03	1.72e-13
 1.97976e+20	9.96e-01	4.47e-03	1.72e-13
 1.98047e+20	9.96e-01	4.34e-03	1.70e-13
 1.98119e+20	9.96e-01	4.22e-03	1.69e-13
 1.98193e+20	9.96e-01	4.09e-03	1.67e-13
 1.98269e+20	9.96e-01	3.96e-03	1.65e-13
 1.98348e+20	9.96e-01	3.82e-03	1.62e-13
 1.98429e+20	9.96e-01	3.69e-03	1.59e-13
 1.98511e+20	9.96e-01	3.55e-03	1.56e-13
 1.98596e+20	9.97e-01	3.41e-03	1.52e-13
 1.98684e+20	9.97e-01	3.27e-03	1.49e-13
 1.98774e+20	9.97e-01	3.13e-03	1.45e-13
 1.98867e+20	9.97e-01	2.99e-03	1.40e-13
 1.98961e+20	9.97e-01	2.86e-03	1.36e-13
 1.99057e+20	9.97e-01	2.72e-03	1.31e-13
 1.99156e+20	9.97e-01	2.59e-03	1.27e-13
 1.99257e+20	9.98e-01	2.46e-03	1.22e-13
 1.99359e+20	9.98e-01	2.33e-03	1.17e-13
 1.99464e+20	9.98e-01	2.21e-03	1.12e-13
 1.99570e+20	9.98e-01	2.09e-03	1.07e-13
 1.99679e+20	9.98e-01	1.97e-03	1.03e-13
 1.99788e+20	9.98e-01	1.86e-03	9.78e-14
 1.99898e+20	9.98e-01	1.75e-03	9.32e-14
 2.00010e+20	9.98e-01	1.65e-03	8.86e-14
 2.00124e+20	9.98e-01	1.55e-03	8.40e-14
 2.00240e+20	9.99e-01	1.45e-03	7.96e-14
 2.00356e+20	9.99e-01	1.36e-03	7.53e-14
 2.00472e+20	9.99e-01	1.28e-03	7.13e-14
