#depth	He	He+	He+2
 2.25099e+13	7.94e-05	7.60e-01	2.40e-01
 1.35059e+14	7.95e-05	7.60e-01	2.40e-01
 5.85257e+14	7.96e-05	7.60e-01	2.40e-01
 2.38605e+15	7.98e-05	7.61e-01	2.39e-01
 5.69951e+15	7.99e-05	7.60e-01	2.39e-01
 1.00070e+16	8.02e-05	7.61e-01	2.39e-01
 1.56067e+16	8.07e-05	7.62e-01	2.38e-01
 2.28864e+16	8.15e-05	7.65e-01	2.35e-01
 3.23500e+16	8.26e-05	7.69e-01	2.30e-01
 4.46526e+16	8.41e-05	7.77e-01	2.23e-01
 6.06460e+16	8.62e-05	7.87e-01	2.13e-01
 8.14375e+16	8.92e-05	8.03e-01	1.97e-01
 1.08466e+17	9.32e-05	8.23e-01	1.76e-01
 1.43604e+17	9.86e-05	8.51e-01	1.49e-01
 1.89283e+17	1.05e-04	8.83e-01	1.17e-01
 2.48665e+17	1.14e-04	9.19e-01	8.10e-02
 3.25862e+17	1.24e-04	9.52e-01	4.80e-02
 4.26219e+17	1.35e-04	9.77e-01	2.32e-02
 5.52601e+17	1.48e-04	9.91e-01	8.97e-03
 6.94705e+17	1.61e-04	9.97e-01	3.05e-03
 8.05507e+17	1.72e-04	9.99e-01	1.32e-03
 8.86058e+17	1.80e-04	9.99e-01	7.41e-04
 9.74664e+17	1.89e-04	9.99e-01	4.00e-04
 1.07213e+18	1.99e-04	1.00e+00	2.08e-04
 1.17934e+18	2.10e-04	1.00e+00	1.04e-04
 1.29728e+18	2.23e-04	1.00e+00	5.04e-05
 1.42701e+18	2.38e-04	1.00e+00	2.36e-05
 1.56971e+18	2.55e-04	1.00e+00	1.08e-05
 1.72668e+18	2.74e-04	1.00e+00	4.80e-06
 1.89934e+18	2.96e-04	1.00e+00	2.09e-06
 2.08928e+18	3.22e-04	1.00e+00	8.88e-07
 2.29254e+18	3.51e-04	1.00e+00	3.80e-07
 2.50425e+18	3.83e-04	1.00e+00	1.66e-07
 2.72442e+18	4.18e-04	1.00e+00	7.40e-08
 2.95339e+18	4.57e-04	1.00e+00	3.35e-08
 3.19153e+18	4.99e-04	1.00e+00	1.54e-08
 3.43919e+18	5.46e-04	9.99e-01	7.20e-09
 3.69676e+18	5.98e-04	9.99e-01	3.40e-09
 3.96463e+18	6.55e-04	9.99e-01	1.62e-09
 4.24321e+18	7.19e-04	9.99e-01	7.78e-10
 4.53294e+18	7.91e-04	9.99e-01	3.77e-10
 4.83426e+18	8.70e-04	9.99e-01	1.84e-10
 5.14763e+18	9.60e-04	9.99e-01	9.03e-11
 5.47353e+18	1.06e-03	9.99e-01	4.46e-11
 5.81247e+18	1.18e-03	9.99e-01	2.22e-11
 6.16497e+18	1.30e-03	9.99e-01	1.11e-11
 6.53157e+18	1.45e-03	9.99e-01	5.64e-12
 6.91283e+18	1.63e-03	9.98e-01	2.90e-12
 7.30935e+18	1.83e-03	9.98e-01	1.52e-12
 7.66656e+18	2.03e-03	9.98e-01	8.99e-13
 7.95772e+18	2.21e-03	9.98e-01	6.04e-13
 8.27070e+18	2.43e-03	9.98e-01	4.04e-13
 8.62109e+18	2.70e-03	9.97e-01	2.70e-13
 8.94594e+18	2.99e-03	9.97e-01	1.94e-13
 9.23959e+18	3.28e-03	9.97e-01	1.50e-13
 9.56686e+18	3.66e-03	9.96e-01	1.16e-13
 9.91384e+18	4.12e-03	9.96e-01	8.96e-14
 1.02086e+19	4.57e-03	9.95e-01	7.45e-14
 1.04673e+19	5.03e-03	9.95e-01	6.45e-14
 1.07572e+19	5.64e-03	9.94e-01	5.57e-14
 1.10648e+19	6.41e-03	9.94e-01	4.71e-14
 1.13245e+19	7.19e-03	9.93e-01	4.16e-14
 1.15476e+19	7.99e-03	9.92e-01	3.77e-14
 1.17454e+19	8.83e-03	9.91e-01	3.44e-14
 1.19199e+19	9.73e-03	9.90e-01	3.19e-14
 1.20864e+19	1.07e-02	9.89e-01	2.96e-14
 1.22518e+19	1.19e-02	9.88e-01	2.75e-14
 1.24132e+19	1.33e-02	9.87e-01	2.55e-14
 1.25623e+19	1.48e-02	9.85e-01	2.37e-14
 1.26969e+19	1.65e-02	9.83e-01	2.21e-14
 1.28221e+19	1.84e-02	9.82e-01	2.08e-14
 1.29423e+19	2.07e-02	9.79e-01	1.95e-14
 1.30574e+19	2.34e-02	9.77e-01	1.82e-14
 1.31656e+19	2.65e-02	9.73e-01	1.70e-14
 1.32668e+19	3.03e-02	9.70e-01	1.59e-14
 1.33619e+19	3.48e-02	9.65e-01	1.48e-14
 1.34520e+19	4.04e-02	9.60e-01	1.38e-14
 1.35374e+19	4.74e-02	9.53e-01	1.27e-14
 1.36179e+19	5.62e-02	9.44e-01	1.17e-14
 1.36931e+19	6.74e-02	9.33e-01	1.07e-14
 1.37635e+19	8.22e-02	9.18e-01	9.65e-15
 1.38208e+19	9.90e-02	9.01e-01	8.64e-15
 1.38593e+19	1.14e-01	8.86e-01	7.97e-15
 1.38884e+19	1.28e-01	8.72e-01	7.49e-15
 1.39200e+19	1.48e-01	8.52e-01	6.90e-15
 1.39543e+19	1.74e-01	8.26e-01	6.08e-15
 1.39836e+19	2.04e-01	7.96e-01	5.37e-15
 1.40064e+19	2.33e-01	7.67e-01	4.82e-15
 1.40261e+19	2.64e-01	7.36e-01	4.33e-15
 1.40478e+19	3.05e-01	6.95e-01	3.77e-15
 1.40704e+19	3.57e-01	6.43e-01	3.08e-15
 1.40882e+19	4.06e-01	5.94e-01	2.57e-15
 1.41023e+19	4.50e-01	5.50e-01	2.19e-15
 1.41172e+19	5.03e-01	4.97e-01	1.81e-15
 1.41334e+19	5.65e-01	4.35e-01	1.38e-15
 1.41473e+19	6.21e-01	3.79e-01	1.07e-15
 1.41588e+19	6.68e-01	3.32e-01	8.52e-16
 1.41694e+19	7.11e-01	2.89e-01	6.77e-16
 1.41815e+19	7.58e-01	2.42e-01	5.12e-16
 1.41943e+19	8.01e-01	1.99e-01	3.63e-16
 1.42046e+19	8.32e-01	1.68e-01	2.75e-16
 1.42123e+19	8.52e-01	1.48e-01	2.25e-16
 1.42181e+19	8.66e-01	1.34e-01	1.94e-16
 1.42229e+19	8.76e-01	1.24e-01	1.72e-16
 1.42272e+19	8.85e-01	1.15e-01	1.54e-16
 1.42311e+19	8.92e-01	1.08e-01	1.39e-16
 1.42347e+19	8.97e-01	1.03e-01	1.28e-16
 1.42379e+19	9.02e-01	9.77e-02	1.18e-16
 1.42407e+19	9.06e-01	9.39e-02	1.11e-16
 1.42434e+19	9.10e-01	9.05e-02	1.05e-16
 1.42459e+19	9.12e-01	8.76e-02	9.97e-17
 1.42482e+19	9.15e-01	8.49e-02	9.50e-17
 1.42501e+19	9.17e-01	8.31e-02	9.15e-17
 1.42514e+19	9.18e-01	8.19e-02	8.98e-17
 1.42527e+19	9.19e-01	8.06e-02	8.79e-17
 1.42542e+19	9.21e-01	7.92e-02	8.56e-17
 1.42557e+19	9.22e-01	7.78e-02	8.34e-17
 1.42572e+19	9.23e-01	7.66e-02	8.15e-17
 1.42586e+19	9.24e-01	7.56e-02	7.99e-17
 1.42600e+19	9.26e-01	7.45e-02	7.84e-17
 1.42614e+19	9.26e-01	7.36e-02	7.71e-17
 1.42629e+19	9.27e-01	7.25e-02	7.57e-17
 1.42642e+19	9.28e-01	7.18e-02	7.47e-17
 1.42656e+19	9.29e-01	7.09e-02	7.36e-17
 1.42670e+19	9.30e-01	7.01e-02	7.27e-17
 1.42684e+19	9.31e-01	6.94e-02	7.19e-17
 1.42697e+19	9.31e-01	6.87e-02	7.13e-17
 1.42711e+19	9.32e-01	6.80e-02	7.06e-17
 1.42724e+19	9.33e-01	6.75e-02	7.03e-17
 1.42738e+19	9.33e-01	6.69e-02	6.98e-17
 1.42751e+19	9.34e-01	6.64e-02	6.96e-17
 1.42764e+19	9.34e-01	6.59e-02	6.94e-17
 1.42778e+19	9.35e-01	6.53e-02	6.93e-17
 1.42791e+19	9.35e-01	6.49e-02	6.93e-17
 1.42804e+19	9.36e-01	6.45e-02	6.94e-17
 1.42817e+19	9.36e-01	6.40e-02	6.95e-17
 1.42830e+19	9.36e-01	6.37e-02	6.99e-17
 1.42843e+19	9.37e-01	6.33e-02	7.01e-17
 1.42856e+19	9.37e-01	6.30e-02	7.07e-17
 1.42868e+19	9.37e-01	6.27e-02	7.11e-17
 1.42881e+19	9.38e-01	6.23e-02	7.16e-17
 1.42893e+19	9.38e-01	6.20e-02	7.22e-17
 1.42905e+19	9.38e-01	6.18e-02	7.30e-17
 1.42918e+19	9.39e-01	6.14e-02	7.36e-17
 1.42930e+19	9.39e-01	6.12e-02	7.46e-17
 1.42942e+19	9.39e-01	6.09e-02	7.54e-17
 1.42954e+19	9.39e-01	6.07e-02	7.64e-17
 1.42966e+19	9.40e-01	6.04e-02	7.73e-17
 1.42978e+19	9.40e-01	6.02e-02	7.85e-17
 1.42990e+19	9.40e-01	5.99e-02	7.96e-17
 1.43002e+19	9.40e-01	5.96e-02	8.08e-17
 1.43014e+19	9.41e-01	5.93e-02	8.19e-17
 1.43026e+19	9.41e-01	5.91e-02	8.33e-17
 1.43038e+19	9.41e-01	5.88e-02	8.45e-17
 1.43050e+19	9.41e-01	5.86e-02	8.61e-17
 1.43062e+19	9.42e-01	5.83e-02	8.74e-17
 1.43074e+19	9.42e-01	5.80e-02	8.90e-17
 1.43086e+19	9.42e-01	5.77e-02	9.05e-17
 1.43098e+19	9.43e-01	5.74e-02	9.20e-17
 1.43110e+19	9.43e-01	5.71e-02	9.37e-17
 1.43122e+19	9.43e-01	5.68e-02	9.53e-17
 1.43134e+19	9.44e-01	5.65e-02	9.69e-17
 1.43146e+19	9.44e-01	5.62e-02	9.87e-17
 1.43158e+19	9.44e-01	5.58e-02	1.00e-16
 1.43171e+19	9.45e-01	5.55e-02	1.02e-16
 1.43183e+19	9.45e-01	5.51e-02	1.04e-16
 1.43196e+19	9.45e-01	5.47e-02	1.06e-16
 1.43208e+19	9.46e-01	5.43e-02	1.08e-16
 1.43221e+19	9.46e-01	5.39e-02	1.09e-16
 1.43233e+19	9.46e-01	5.35e-02	1.11e-16
 1.43246e+19	9.47e-01	5.30e-02	1.13e-16
 1.43259e+19	9.47e-01	5.26e-02	1.15e-16
 1.43272e+19	9.48e-01	5.21e-02	1.16e-16
 1.43285e+19	9.48e-01	5.16e-02	1.18e-16
 1.43298e+19	9.49e-01	5.10e-02	1.20e-16
 1.43312e+19	9.49e-01	5.05e-02	1.22e-16
 1.43325e+19	9.50e-01	5.00e-02	1.23e-16
 1.43339e+19	9.51e-01	4.94e-02	1.25e-16
 1.43352e+19	9.51e-01	4.88e-02	1.26e-16
 1.43366e+19	9.52e-01	4.82e-02	1.27e-16
 1.43380e+19	9.52e-01	4.75e-02	1.29e-16
 1.43394e+19	9.53e-01	4.69e-02	1.30e-16
 1.43409e+19	9.54e-01	4.62e-02	1.31e-16
 1.43423e+19	9.54e-01	4.55e-02	1.32e-16
 1.43438e+19	9.55e-01	4.48e-02	1.33e-16
 1.43452e+19	9.56e-01	4.41e-02	1.33e-16
 1.43467e+19	9.57e-01	4.34e-02	1.34e-16
 1.43482e+19	9.57e-01	4.26e-02	1.34e-16
 1.43497e+19	9.58e-01	4.19e-02	1.35e-16
 1.43512e+19	9.59e-01	4.11e-02	1.35e-16
 1.43528e+19	9.60e-01	4.03e-02	1.35e-16
 1.43543e+19	9.60e-01	3.96e-02	1.34e-16
 1.43558e+19	9.61e-01	3.88e-02	1.34e-16
 1.43574e+19	9.62e-01	3.80e-02	1.33e-16
 1.43589e+19	9.63e-01	3.72e-02	1.32e-16
 1.43604e+19	9.64e-01	3.65e-02	1.31e-16
 1.43618e+19	9.64e-01	3.58e-02	1.30e-16
 1.43631e+19	9.65e-01	3.51e-02	1.29e-16
 1.43643e+19	9.65e-01	3.45e-02	1.28e-16
 1.43654e+19	9.66e-01	3.40e-02	1.27e-16
 1.43665e+19	9.67e-01	3.34e-02	1.26e-16
 1.43675e+19	9.67e-01	3.29e-02	1.24e-16
 1.43685e+19	9.68e-01	3.24e-02	1.23e-16
 1.43694e+19	9.68e-01	3.19e-02	1.22e-16
 1.43702e+19	9.69e-01	3.15e-02	1.20e-16
 1.43710e+19	9.69e-01	3.11e-02	1.19e-16
 1.43717e+19	9.69e-01	3.07e-02	1.18e-16
 1.43723e+19	9.70e-01	3.04e-02	1.17e-16
 1.43729e+19	9.70e-01	3.01e-02	1.15e-16
 1.43734e+19	9.70e-01	2.98e-02	1.14e-16
 1.43739e+19	9.70e-01	2.96e-02	1.14e-16
 1.43745e+19	9.71e-01	2.93e-02	1.12e-16
 1.43751e+19	9.71e-01	2.89e-02	1.11e-16
 1.43759e+19	9.71e-01	2.85e-02	1.09e-16
 1.43766e+19	9.72e-01	2.82e-02	1.08e-16
 1.43772e+19	9.72e-01	2.79e-02	1.07e-16
 1.43777e+19	9.72e-01	2.76e-02	1.06e-16
 1.43782e+19	9.73e-01	2.73e-02	1.05e-16
 1.43787e+19	9.73e-01	2.71e-02	1.04e-16
 1.43792e+19	9.73e-01	2.68e-02	1.03e-16
 1.43799e+19	9.74e-01	2.64e-02	1.02e-16
 1.43806e+19	9.74e-01	2.61e-02	1.01e-16
 1.43812e+19	9.74e-01	2.58e-02	9.93e-17
 1.43818e+19	9.74e-01	2.55e-02	9.84e-17
 1.43823e+19	9.75e-01	2.52e-02	9.74e-17
 1.43829e+19	9.75e-01	2.50e-02	9.64e-17
 1.43836e+19	9.75e-01	2.46e-02	9.52e-17
 1.43841e+19	9.76e-01	2.44e-02	9.44e-17
 1.43848e+19	9.76e-01	2.41e-02	9.32e-17
 1.43855e+19	9.76e-01	2.38e-02	9.21e-17
 1.43861e+19	9.77e-01	2.35e-02	9.11e-17
 1.43866e+19	9.77e-01	2.32e-02	9.01e-17
 1.43871e+19	9.77e-01	2.30e-02	8.92e-17
 1.43877e+19	9.77e-01	2.27e-02	8.82e-17
 1.43884e+19	9.78e-01	2.24e-02	8.67e-17
 1.43892e+19	9.78e-01	2.20e-02	8.54e-17
 1.43900e+19	9.78e-01	2.17e-02	8.42e-17
 1.43906e+19	9.79e-01	2.14e-02	8.33e-17
 1.43912e+19	9.79e-01	2.12e-02	8.23e-17
 1.43917e+19	9.79e-01	2.09e-02	8.14e-17
 1.43923e+19	9.79e-01	2.07e-02	8.04e-17
 1.43931e+19	9.80e-01	2.03e-02	7.90e-17
 1.43939e+19	9.80e-01	2.00e-02	7.77e-17
 1.43947e+19	9.80e-01	1.96e-02	7.65e-17
 1.43954e+19	9.81e-01	1.94e-02	7.56e-17
 1.43960e+19	9.81e-01	1.91e-02	7.46e-17
 1.43966e+19	9.81e-01	1.89e-02	7.38e-17
 1.43972e+19	9.81e-01	1.86e-02	7.29e-17
 1.43979e+19	9.82e-01	1.84e-02	7.18e-17
 1.43986e+19	9.82e-01	1.82e-02	7.16e-17
 1.43996e+19	9.82e-01	1.80e-02	7.15e-17
 1.44008e+19	9.82e-01	1.76e-02	7.12e-17
 1.44025e+19	9.83e-01	1.72e-02	7.07e-17
 1.44046e+19	9.83e-01	1.68e-02	7.03e-17
 1.44073e+19	9.84e-01	1.61e-02	6.98e-17
 1.44105e+19	9.84e-01	1.55e-02	6.96e-17
 1.44134e+19	9.85e-01	1.50e-02	6.94e-17
 1.44160e+19	9.85e-01	1.45e-02	6.88e-17
 1.44187e+19	9.86e-01	1.40e-02	6.80e-17
 1.44218e+19	9.87e-01	1.34e-02	6.70e-17
 1.44251e+19	9.87e-01	1.28e-02	6.62e-17
 1.44282e+19	9.88e-01	1.23e-02	6.54e-17
 1.44311e+19	9.88e-01	1.18e-02	6.44e-17
 1.44342e+19	9.89e-01	1.13e-02	6.32e-17
 1.44375e+19	9.89e-01	1.08e-02	6.20e-17
 1.44409e+19	9.90e-01	1.03e-02	6.09e-17
 1.44441e+19	9.90e-01	9.83e-03	5.97e-17
 1.44473e+19	9.91e-01	9.38e-03	5.85e-17
 1.44506e+19	9.91e-01	8.94e-03	5.72e-17
 1.44541e+19	9.91e-01	8.51e-03	5.59e-17
 1.44575e+19	9.92e-01	8.10e-03	5.46e-17
 1.44608e+19	9.92e-01	7.72e-03	5.33e-17
 1.44642e+19	9.93e-01	7.35e-03	5.20e-17
 1.44676e+19	9.93e-01	6.98e-03	5.07e-17
 1.44711e+19	9.93e-01	6.63e-03	4.93e-17
 1.44746e+19	9.94e-01	6.30e-03	4.80e-17
 1.44781e+19	9.94e-01	5.98e-03	4.66e-17
 1.44815e+19	9.94e-01	5.68e-03	4.53e-17
 1.44851e+19	9.95e-01	5.38e-03	4.39e-17
 1.44887e+19	9.95e-01	5.10e-03	4.26e-17
 1.44922e+19	9.95e-01	4.83e-03	4.12e-17
 1.44958e+19	9.95e-01	4.57e-03	3.99e-17
 1.44994e+19	9.96e-01	4.33e-03	3.86e-17
 1.45030e+19	9.96e-01	4.10e-03	3.73e-17
 1.45066e+19	9.96e-01	3.87e-03	3.60e-17
 1.45103e+19	9.96e-01	3.66e-03	3.47e-17
 1.45140e+19	9.97e-01	3.45e-03	3.34e-17
 1.45177e+19	9.97e-01	3.26e-03	3.22e-17
 1.45214e+19	9.97e-01	3.08e-03	3.09e-17
 1.45251e+19	9.97e-01	2.90e-03	2.97e-17
 1.45288e+19	9.97e-01	2.74e-03	2.85e-17
 1.45326e+19	9.97e-01	2.58e-03	2.74e-17
 1.45364e+19	9.98e-01	2.42e-03	2.62e-17
 1.45402e+19	9.98e-01	2.28e-03	2.50e-17
 1.45441e+19	9.98e-01	2.14e-03	2.39e-17
 1.45479e+19	9.98e-01	2.01e-03	2.28e-17
 1.45518e+19	9.98e-01	1.89e-03	2.18e-17
 1.45557e+19	9.98e-01	1.77e-03	2.07e-17
 1.45597e+19	9.98e-01	1.66e-03	1.97e-17
 1.45637e+19	9.98e-01	1.55e-03	1.87e-17
 1.45677e+19	9.99e-01	1.45e-03	1.78e-17
 1.45717e+19	9.99e-01	1.36e-03	1.69e-17
 1.45757e+19	9.99e-01	1.27e-03	1.60e-17
