#depth	H	H+	H2
 5.94218e+12	6.15e-05	1.00e+00	1.38e-16
 3.56531e+13	6.15e-05	1.00e+00	1.38e-16
 1.54497e+14	6.15e-05	1.00e+00	1.38e-16
 6.29871e+14	6.16e-05	1.00e+00	1.38e-16
 1.50456e+15	6.16e-05	1.00e+00	1.39e-16
 2.64165e+15	6.16e-05	1.00e+00	1.39e-16
 4.11988e+15	6.16e-05	1.00e+00	1.40e-16
 6.04157e+15	6.17e-05	1.00e+00	1.40e-16
 8.53977e+15	6.18e-05	1.00e+00	1.41e-16
 1.17874e+16	6.19e-05	1.00e+00	1.42e-16
 1.60094e+16	6.21e-05	1.00e+00	1.44e-16
 2.14979e+16	6.23e-05	1.00e+00	1.45e-16
 2.86330e+16	6.25e-05	1.00e+00	1.47e-16
 3.79087e+16	6.28e-05	1.00e+00	1.50e-16
 4.99670e+16	6.33e-05	1.00e+00	1.54e-16
 6.56428e+16	6.39e-05	1.00e+00	1.58e-16
 8.60214e+16	6.47e-05	1.00e+00	1.64e-16
 1.12513e+17	6.58e-05	1.00e+00	1.71e-16
 1.46953e+17	6.74e-05	1.00e+00	1.81e-16
 1.91725e+17	6.95e-05	1.00e+00	1.95e-16
 2.27882e+17	7.07e-05	1.00e+00	2.05e-16
 2.50670e+17	7.18e-05	1.00e+00	2.12e-16
 2.75738e+17	7.31e-05	1.00e+00	2.21e-16
 3.03311e+17	7.45e-05	1.00e+00	2.30e-16
 3.33642e+17	7.61e-05	1.00e+00	2.42e-16
 3.67007e+17	7.79e-05	1.00e+00	2.54e-16
 4.03707e+17	7.99e-05	1.00e+00	2.69e-16
 4.44078e+17	8.22e-05	1.00e+00	2.86e-16
 4.88486e+17	8.49e-05	1.00e+00	3.06e-16
 5.37334e+17	8.78e-05	1.00e+00	3.29e-16
 5.91068e+17	9.13e-05	1.00e+00	3.57e-16
 6.50175e+17	9.52e-05	1.00e+00	3.89e-16
 7.15192e+17	9.97e-05	1.00e+00	4.28e-16
 7.86711e+17	1.05e-04	1.00e+00	4.76e-16
 8.65383e+17	1.11e-04	1.00e+00	5.34e-16
 9.51921e+17	1.18e-04	1.00e+00	6.05e-16
 1.04711e+18	1.26e-04	1.00e+00	6.94e-16
 1.15182e+18	1.36e-04	1.00e+00	8.07e-16
 1.26701e+18	1.48e-04	1.00e+00	9.51e-16
 1.39371e+18	1.62e-04	1.00e+00	1.14e-15
 1.53308e+18	1.79e-04	1.00e+00	1.39e-15
 1.68639e+18	2.01e-04	1.00e+00	1.72e-15
 1.85502e+18	2.27e-04	1.00e+00	2.18e-15
 2.04053e+18	2.61e-04	1.00e+00	2.82e-15
 2.24045e+18	3.03e-04	1.00e+00	3.73e-15
 2.43796e+18	3.52e-04	1.00e+00	4.91e-15
 2.62014e+18	4.07e-04	1.00e+00	6.35e-15
 2.77091e+18	4.59e-04	1.00e+00	7.83e-15
 2.89086e+18	5.08e-04	9.99e-01	9.30e-15
 3.02107e+18	5.70e-04	9.99e-01	1.13e-14
 3.16567e+18	6.49e-04	9.99e-01	1.40e-14
 3.29717e+18	7.34e-04	9.99e-01	1.70e-14
 3.41295e+18	8.23e-04	9.99e-01	2.03e-14
 3.54012e+18	9.40e-04	9.99e-01	2.48e-14
 3.67284e+18	1.09e-03	9.99e-01	3.07e-14
 3.78163e+18	1.23e-03	9.99e-01	3.68e-14
 3.87396e+18	1.38e-03	9.99e-01	4.32e-14
 3.97602e+18	1.58e-03	9.98e-01	5.21e-14
 4.08339e+18	1.84e-03	9.98e-01	6.38e-14
 4.17182e+18	2.10e-03	9.98e-01	7.60e-14
 4.23893e+18	2.35e-03	9.98e-01	8.75e-14
 4.29361e+18	2.58e-03	9.97e-01	9.86e-14
 4.35417e+18	2.89e-03	9.97e-01	1.13e-13
 4.41976e+18	3.29e-03	9.97e-01	1.33e-13
 4.47596e+18	3.72e-03	9.96e-01	1.54e-13
 4.52216e+18	4.15e-03	9.96e-01	1.76e-13
 4.56418e+18	4.60e-03	9.95e-01	1.98e-13
 4.61170e+18	5.24e-03	9.95e-01	2.31e-13
 4.66026e+18	6.05e-03	9.94e-01	2.73e-13
 4.69830e+18	6.85e-03	9.93e-01	3.16e-13
 4.72932e+18	7.66e-03	9.92e-01	3.59e-13
 4.76309e+18	8.73e-03	9.91e-01	4.18e-13
 4.79921e+18	1.02e-02	9.90e-01	5.01e-13
 4.82954e+18	1.18e-02	9.88e-01	5.93e-13
 4.85449e+18	1.35e-02	9.86e-01	6.93e-13
 4.87686e+18	1.55e-02	9.85e-01	8.09e-13
 4.89739e+18	1.77e-02	9.82e-01	9.47e-13
 4.91582e+18	2.04e-02	9.80e-01	1.11e-12
 4.93189e+18	2.33e-02	9.77e-01	1.30e-12
 4.94507e+18	2.63e-02	9.74e-01	1.49e-12
 4.95575e+18	2.92e-02	9.71e-01	1.70e-12
 4.96548e+18	3.25e-02	9.67e-01	1.92e-12
 4.97494e+18	3.65e-02	9.64e-01	2.20e-12
 4.98381e+18	4.10e-02	9.59e-01	2.53e-12
 4.99171e+18	4.60e-02	9.54e-01	2.91e-12
 4.99872e+18	5.14e-02	9.49e-01	3.33e-12
 5.00514e+18	5.74e-02	9.43e-01	3.82e-12
 5.01113e+18	6.43e-02	9.36e-01	4.41e-12
 5.01670e+18	7.21e-02	9.28e-01	5.11e-12
 5.02182e+18	8.08e-02	9.19e-01	5.92e-12
 5.02659e+18	9.08e-02	9.09e-01	6.91e-12
 5.03108e+18	1.02e-01	8.98e-01	8.15e-12
 5.03527e+18	1.16e-01	8.84e-01	9.67e-12
 5.03916e+18	1.31e-01	8.69e-01	1.16e-11
 5.04284e+18	1.49e-01	8.51e-01	1.40e-11
 5.04633e+18	1.70e-01	8.30e-01	1.72e-11
 5.04964e+18	1.95e-01	8.05e-01	2.12e-11
 5.05280e+18	2.24e-01	7.76e-01	2.68e-11
 5.05580e+18	2.58e-01	7.42e-01	3.45e-11
 5.05843e+18	2.95e-01	7.05e-01	4.42e-11
 5.06048e+18	3.29e-01	6.71e-01	5.47e-11
 5.06202e+18	3.57e-01	6.43e-01	6.50e-11
 5.06330e+18	3.82e-01	6.18e-01	7.55e-11
 5.06448e+18	4.07e-01	5.93e-01	8.71e-11
 5.06561e+18	4.32e-01	5.68e-01	1.00e-10
 5.06665e+18	4.57e-01	5.43e-01	1.15e-10
 5.06759e+18	4.80e-01	5.20e-01	1.29e-10
 5.06844e+18	5.01e-01	4.99e-01	1.45e-10
 5.06922e+18	5.21e-01	4.79e-01	1.61e-10
 5.06997e+18	5.40e-01	4.60e-01	1.79e-10
 5.07057e+18	5.56e-01	4.44e-01	1.94e-10
 5.07101e+18	5.67e-01	4.33e-01	2.06e-10
 5.07143e+18	5.78e-01	4.22e-01	2.18e-10
 5.07190e+18	5.91e-01	4.09e-01	2.34e-10
 5.07239e+18	6.04e-01	3.96e-01	2.50e-10
 5.07288e+18	6.16e-01	3.84e-01	2.68e-10
 5.07334e+18	6.28e-01	3.72e-01	2.85e-10
 5.07380e+18	6.40e-01	3.60e-01	3.05e-10
 5.07425e+18	6.52e-01	3.48e-01	3.23e-10
 5.07471e+18	6.64e-01	3.36e-01	3.45e-10
 5.07516e+18	6.75e-01	3.25e-01	3.68e-10
 5.07561e+18	6.87e-01	3.13e-01	3.91e-10
 5.07605e+18	6.97e-01	3.03e-01	4.15e-10
 5.07649e+18	7.08e-01	2.92e-01	4.43e-10
 5.07694e+18	7.19e-01	2.81e-01	4.68e-10
 5.07738e+18	7.29e-01	2.71e-01	4.99e-10
 5.07781e+18	7.39e-01	2.61e-01	5.26e-10
 5.07825e+18	7.49e-01	2.51e-01	5.60e-10
 5.07869e+18	7.59e-01	2.41e-01	5.95e-10
 5.07912e+18	7.68e-01	2.32e-01	6.29e-10
 5.07955e+18	7.77e-01	2.23e-01	6.65e-10
 5.07998e+18	7.86e-01	2.14e-01	7.06e-10
 5.08041e+18	7.94e-01	2.06e-01	7.44e-10
 5.08084e+18	8.02e-01	1.98e-01	7.89e-10
 5.08126e+18	8.10e-01	1.90e-01	8.28e-10
 5.08167e+18	8.18e-01	1.82e-01	8.77e-10
 5.08209e+18	8.25e-01	1.75e-01	9.25e-10
 5.08251e+18	8.32e-01	1.68e-01	9.75e-10
 5.08293e+18	8.39e-01	1.61e-01	1.03e-09
 5.08334e+18	8.45e-01	1.55e-01	1.08e-09
 5.08375e+18	8.52e-01	1.48e-01	1.14e-09
 5.08416e+18	8.57e-01	1.43e-01	1.19e-09
 5.08456e+18	8.63e-01	1.37e-01	1.26e-09
 5.08497e+18	8.69e-01	1.31e-01	1.32e-09
 5.08538e+18	8.74e-01	1.26e-01	1.39e-09
 5.08578e+18	8.79e-01	1.21e-01	1.46e-09
 5.08618e+18	8.84e-01	1.16e-01	1.54e-09
 5.08659e+18	8.89e-01	1.11e-01	1.60e-09
 5.08699e+18	8.93e-01	1.07e-01	1.69e-09
 5.08739e+18	8.98e-01	1.02e-01	1.77e-09
 5.08780e+18	9.02e-01	9.80e-02	1.87e-09
 5.08821e+18	9.06e-01	9.40e-02	1.95e-09
 5.08862e+18	9.10e-01	9.01e-02	2.06e-09
 5.08902e+18	9.14e-01	8.64e-02	2.16e-09
 5.08943e+18	9.17e-01	8.28e-02	2.28e-09
 5.08985e+18	9.21e-01	7.95e-02	2.39e-09
 5.09026e+18	9.24e-01	7.61e-02	2.53e-09
 5.09068e+18	9.27e-01	7.30e-02	2.64e-09
 5.09110e+18	9.30e-01	7.00e-02	2.79e-09
 5.09152e+18	9.33e-01	6.71e-02	2.93e-09
 5.09194e+18	9.36e-01	6.43e-02	3.10e-09
 5.09237e+18	9.38e-01	6.17e-02	3.25e-09
 5.09281e+18	9.41e-01	5.91e-02	3.45e-09
 5.09324e+18	9.43e-01	5.66e-02	3.64e-09
 5.09368e+18	9.46e-01	5.43e-02	3.85e-09
 5.09413e+18	9.48e-01	5.20e-02	4.07e-09
 5.09458e+18	9.50e-01	4.98e-02	4.31e-09
 5.09503e+18	9.52e-01	4.77e-02	4.57e-09
 5.09549e+18	9.54e-01	4.57e-02	4.84e-09
 5.09596e+18	9.56e-01	4.38e-02	5.14e-09
 5.09643e+18	9.58e-01	4.20e-02	5.46e-09
 5.09691e+18	9.60e-01	4.02e-02	5.81e-09
 5.09739e+18	9.61e-01	3.85e-02	6.19e-09
 5.09788e+18	9.63e-01	3.69e-02	6.61e-09
 5.09838e+18	9.65e-01	3.54e-02	7.05e-09
 5.09888e+18	9.66e-01	3.39e-02	7.54e-09
 5.09939e+18	9.68e-01	3.25e-02	8.06e-09
 5.09991e+18	9.69e-01	3.11e-02	8.62e-09
 5.10043e+18	9.70e-01	2.98e-02	9.24e-09
 5.10096e+18	9.71e-01	2.86e-02	9.91e-09
 5.10151e+18	9.73e-01	2.74e-02	1.06e-08
 5.10205e+18	9.74e-01	2.63e-02	1.14e-08
 5.10261e+18	9.75e-01	2.52e-02	1.23e-08
 5.10317e+18	9.76e-01	2.41e-02	1.32e-08
 5.10374e+18	9.77e-01	2.31e-02	1.42e-08
 5.10431e+18	9.78e-01	2.22e-02	1.52e-08
 5.10489e+18	9.79e-01	2.13e-02	1.63e-08
 5.10548e+18	9.80e-01	2.04e-02	1.74e-08
 5.10607e+18	9.80e-01	1.95e-02	1.85e-08
 5.10667e+18	9.81e-01	1.87e-02	1.96e-08
 5.10727e+18	9.82e-01	1.79e-02	2.08e-08
 5.10787e+18	9.83e-01	1.72e-02	2.19e-08
 5.10848e+18	9.84e-01	1.65e-02	2.30e-08
 5.10908e+18	9.84e-01	1.58e-02	2.41e-08
 5.10969e+18	9.85e-01	1.51e-02	2.51e-08
 5.11029e+18	9.85e-01	1.45e-02	2.61e-08
 5.11086e+18	9.86e-01	1.39e-02	2.70e-08
 5.11139e+18	9.87e-01	1.34e-02	2.78e-08
 5.11188e+18	9.87e-01	1.29e-02	2.84e-08
 5.11233e+18	9.87e-01	1.25e-02	2.91e-08
 5.11277e+18	9.88e-01	1.21e-02	2.97e-08
 5.11318e+18	9.88e-01	1.18e-02	3.04e-08
 5.11356e+18	9.89e-01	1.14e-02	3.10e-08
 5.11392e+18	9.89e-01	1.11e-02	3.17e-08
 5.11426e+18	9.89e-01	1.08e-02	3.24e-08
 5.11459e+18	9.89e-01	1.05e-02	3.31e-08
 5.11490e+18	9.90e-01	1.02e-02	3.38e-08
 5.11518e+18	9.90e-01	1.00e-02	3.46e-08
 5.11544e+18	9.90e-01	9.80e-03	3.53e-08
 5.11567e+18	9.90e-01	9.62e-03	3.60e-08
 5.11589e+18	9.91e-01	9.45e-03	3.66e-08
 5.11608e+18	9.91e-01	9.30e-03	3.73e-08
 5.11626e+18	9.91e-01	9.17e-03	3.78e-08
 5.11645e+18	9.91e-01	9.03e-03	3.84e-08
 5.11670e+18	9.91e-01	8.82e-03	3.95e-08
 5.11697e+18	9.91e-01	8.61e-03	4.06e-08
 5.11721e+18	9.92e-01	8.42e-03	4.17e-08
 5.11744e+18	9.92e-01	8.27e-03	4.27e-08
 5.11764e+18	9.92e-01	8.12e-03	4.36e-08
 5.11783e+18	9.92e-01	8.00e-03	4.46e-08
 5.11800e+18	9.92e-01	7.88e-03	4.53e-08
 5.11818e+18	9.92e-01	7.78e-03	4.60e-08
 5.11842e+18	9.92e-01	7.62e-03	4.73e-08
 5.11868e+18	9.93e-01	7.46e-03	4.85e-08
 5.11892e+18	9.93e-01	7.32e-03	4.95e-08
 5.11913e+18	9.93e-01	7.19e-03	5.07e-08
 5.11933e+18	9.93e-01	7.09e-03	5.16e-08
 5.11954e+18	9.93e-01	6.98e-03	5.26e-08
 5.11982e+18	9.93e-01	6.81e-03	5.43e-08
 5.12012e+18	9.93e-01	6.65e-03	5.61e-08
 5.12039e+18	9.94e-01	6.50e-03	5.77e-08
 5.12064e+18	9.94e-01	6.38e-03	5.92e-08
 5.12087e+18	9.94e-01	6.26e-03	6.06e-08
 5.12107e+18	9.94e-01	6.16e-03	6.20e-08
 5.12126e+18	9.94e-01	6.07e-03	6.32e-08
 5.12147e+18	9.94e-01	5.98e-03	6.44e-08
 5.12173e+18	9.94e-01	5.83e-03	6.67e-08
 5.12202e+18	9.94e-01	5.70e-03	6.89e-08
 5.12228e+18	9.94e-01	5.57e-03	7.09e-08
 5.12252e+18	9.95e-01	5.47e-03	7.27e-08
 5.12274e+18	9.95e-01	5.38e-03	7.44e-08
 5.12294e+18	9.95e-01	5.30e-03	7.58e-08
 5.12315e+18	9.95e-01	5.21e-03	7.73e-08
 5.12339e+18	9.95e-01	5.11e-03	7.96e-08
 5.12360e+18	9.95e-01	5.03e-03	8.13e-08
 5.12379e+18	9.95e-01	4.96e-03	8.30e-08
 5.12397e+18	9.95e-01	4.89e-03	8.43e-08
 5.12416e+18	9.95e-01	4.82e-03	8.57e-08
 5.12442e+18	9.95e-01	4.72e-03	8.85e-08
 5.12469e+18	9.95e-01	4.66e-03	8.85e-08
 5.12498e+18	9.95e-01	4.60e-03	8.84e-08
 5.12537e+18	9.95e-01	4.56e-03	8.84e-08
 5.12587e+18	9.96e-01	4.47e-03	8.84e-08
 5.12652e+18	9.96e-01	4.35e-03	8.83e-08
 5.12737e+18	9.96e-01	4.19e-03	8.83e-08
 5.12838e+18	9.96e-01	4.00e-03	8.82e-08
 5.12939e+18	9.96e-01	3.82e-03	8.81e-08
 5.13029e+18	9.96e-01	3.68e-03	8.81e-08
 5.13118e+18	9.96e-01	3.56e-03	8.80e-08
 5.13217e+18	9.97e-01	3.42e-03	8.80e-08
 5.13326e+18	9.97e-01	3.28e-03	8.79e-08
 5.13432e+18	9.97e-01	3.15e-03	8.78e-08
 5.13531e+18	9.97e-01	3.04e-03	8.78e-08
 5.13631e+18	9.97e-01	2.93e-03	8.78e-08
 5.13739e+18	9.97e-01	2.82e-03	8.77e-08
 5.13851e+18	9.97e-01	2.71e-03	8.77e-08
 5.13960e+18	9.97e-01	2.61e-03	8.76e-08
 5.14065e+18	9.97e-01	2.51e-03	8.76e-08
 5.14172e+18	9.98e-01	2.42e-03	8.76e-08
 5.14285e+18	9.98e-01	2.33e-03	8.75e-08
 5.14399e+18	9.98e-01	2.24e-03	8.75e-08
 5.14510e+18	9.98e-01	2.16e-03	8.75e-08
 5.14620e+18	9.98e-01	2.08e-03	8.75e-08
 5.14733e+18	9.98e-01	2.01e-03	8.75e-08
 5.14848e+18	9.98e-01	1.93e-03	8.75e-08
 5.14964e+18	9.98e-01	1.86e-03	8.75e-08
 5.15078e+18	9.98e-01	1.79e-03	8.74e-08
 5.15193e+18	9.98e-01	1.72e-03	8.74e-08
 5.15309e+18	9.98e-01	1.66e-03	8.74e-08
 5.15427e+18	9.98e-01	1.60e-03	8.74e-08
 5.15545e+18	9.98e-01	1.54e-03	8.75e-08
 5.15664e+18	9.99e-01	1.48e-03	8.75e-08
 5.15784e+18	9.99e-01	1.42e-03	8.75e-08
 5.15904e+18	9.99e-01	1.37e-03	8.75e-08
 5.16024e+18	9.99e-01	1.32e-03	8.75e-08
 5.16145e+18	9.99e-01	1.27e-03	8.75e-08
 5.16269e+18	9.99e-01	1.22e-03	8.75e-08
 5.16394e+18	9.99e-01	1.17e-03	8.76e-08
 5.16517e+18	9.99e-01	1.13e-03	8.76e-08
 5.16641e+18	9.99e-01	1.09e-03	8.76e-08
 5.16768e+18	9.99e-01	1.05e-03	8.77e-08
 5.16898e+18	9.99e-01	1.01e-03	8.77e-08
 5.17028e+18	9.99e-01	9.68e-04	8.77e-08
 5.17157e+18	9.99e-01	9.30e-04	8.78e-08
 5.17288e+18	9.99e-01	8.93e-04	8.78e-08
 5.17421e+18	9.99e-01	8.59e-04	8.78e-08
 5.17556e+18	9.99e-01	8.25e-04	8.79e-08
 5.17691e+18	9.99e-01	7.91e-04	8.79e-08
 5.17828e+18	9.99e-01	7.60e-04	8.80e-08
 5.17967e+18	9.99e-01	7.29e-04	8.80e-08
 5.18107e+18	9.99e-01	6.99e-04	8.81e-08
