#depth	He	He+	He+2
 1.76347e+12	1.05e-03	9.69e-01	2.96e-02
 1.05808e+13	1.05e-03	9.69e-01	2.96e-02
 4.58502e+13	1.05e-03	9.69e-01	2.96e-02
 1.86928e+14	1.05e-03	9.69e-01	2.95e-02
 4.46510e+14	1.05e-03	9.69e-01	2.97e-02
 7.83967e+14	1.05e-03	9.69e-01	2.97e-02
 1.22266e+15	1.05e-03	9.69e-01	2.96e-02
 1.79296e+15	1.05e-03	9.70e-01	2.93e-02
 2.53436e+15	1.05e-03	9.70e-01	2.87e-02
 3.49817e+15	1.05e-03	9.71e-01	2.78e-02
 4.75113e+15	1.05e-03	9.72e-01	2.65e-02
 6.37997e+15	1.06e-03	9.74e-01	2.46e-02
 8.49746e+15	1.06e-03	9.77e-01	2.20e-02
 1.12502e+16	1.07e-03	9.80e-01	1.87e-02
 1.48288e+16	1.07e-03	9.84e-01	1.49e-02
 1.94809e+16	1.08e-03	9.88e-01	1.09e-02
 2.55287e+16	1.09e-03	9.92e-01	7.14e-03
 3.33908e+16	1.10e-03	9.95e-01	4.06e-03
 4.36115e+16	1.11e-03	9.97e-01	1.94e-03
 5.68985e+16	1.13e-03	9.98e-01	7.52e-04
 6.76289e+16	1.14e-03	9.99e-01	3.43e-04
 7.43918e+16	1.14e-03	9.99e-01	2.16e-04
 8.18310e+16	1.15e-03	9.99e-01	1.31e-04
 9.00141e+16	1.16e-03	9.99e-01	7.65e-05
 9.90155e+16	1.17e-03	9.99e-01	4.32e-05
 1.08917e+17	1.18e-03	9.99e-01	2.36e-05
 1.19809e+17	1.20e-03	9.99e-01	1.24e-05
 1.31790e+17	1.21e-03	9.99e-01	6.38e-06
 1.44969e+17	1.23e-03	9.99e-01	3.19e-06
 1.59465e+17	1.25e-03	9.99e-01	1.55e-06
 1.75412e+17	1.27e-03	9.99e-01	7.43e-07
 1.92953e+17	1.30e-03	9.99e-01	3.48e-07
 2.12249e+17	1.33e-03	9.99e-01	1.60e-07
 2.33473e+17	1.36e-03	9.99e-01	7.22e-08
 2.56821e+17	1.40e-03	9.99e-01	3.19e-08
 2.82503e+17	1.45e-03	9.99e-01	1.38e-08
 3.10753e+17	1.51e-03	9.98e-01	5.88e-09
 3.41828e+17	1.57e-03	9.98e-01	2.45e-09
 3.76011e+17	1.64e-03	9.98e-01	9.97e-10
 4.13612e+17	1.73e-03	9.98e-01	3.98e-10
 4.54974e+17	1.84e-03	9.98e-01	1.56e-10
 5.00471e+17	1.98e-03	9.98e-01	6.06e-11
 5.50518e+17	2.14e-03	9.98e-01	2.36e-11
 6.05570e+17	2.35e-03	9.98e-01	9.52e-12
 6.66127e+17	2.61e-03	9.97e-01	4.19e-12
 7.25425e+17	2.92e-03	9.97e-01	2.27e-12
 7.76838e+17	3.24e-03	9.97e-01	1.53e-12
 8.23599e+17	3.58e-03	9.96e-01	1.16e-12
 8.69377e+17	3.98e-03	9.96e-01	9.37e-13
 9.13905e+17	4.45e-03	9.96e-01	7.82e-13
 9.55589e+17	4.99e-03	9.95e-01	6.73e-13
 9.94224e+17	5.59e-03	9.94e-01	5.91e-13
 1.03038e+18	6.27e-03	9.94e-01	5.27e-13
 1.06439e+18	7.07e-03	9.93e-01	4.73e-13
 1.09626e+18	7.99e-03	9.92e-01	4.28e-13
 1.12332e+18	8.94e-03	9.91e-01	3.90e-13
 1.14489e+18	9.89e-03	9.90e-01	3.65e-13
 1.16464e+18	1.09e-02	9.89e-01	3.44e-13
 1.18728e+18	1.24e-02	9.88e-01	3.20e-13
 1.21062e+18	1.43e-02	9.86e-01	2.89e-13
 1.22902e+18	1.62e-02	9.84e-01	2.69e-13
 1.24378e+18	1.81e-02	9.82e-01	2.54e-13
 1.25964e+18	2.07e-02	9.79e-01	2.39e-13
 1.27631e+18	2.42e-02	9.76e-01	2.18e-13
 1.29000e+18	2.81e-02	9.72e-01	2.02e-13
 1.30126e+18	3.23e-02	9.68e-01	1.90e-13
 1.31338e+18	3.82e-02	9.62e-01	1.77e-13
 1.32625e+18	4.68e-02	9.53e-01	1.58e-13
 1.33695e+18	5.71e-02	9.43e-01	1.43e-13
 1.34579e+18	6.95e-02	9.31e-01	1.30e-13
 1.35281e+18	8.29e-02	9.17e-01	1.17e-13
 1.35792e+18	9.59e-02	9.04e-01	1.09e-13
 1.36230e+18	1.10e-01	8.90e-01	1.01e-13
 1.36723e+18	1.31e-01	8.69e-01	9.17e-14
 1.37232e+18	1.60e-01	8.40e-01	7.88e-14
 1.37630e+18	1.91e-01	8.09e-01	6.84e-14
 1.37938e+18	2.23e-01	7.77e-01	6.05e-14
 1.38219e+18	2.59e-01	7.41e-01	5.28e-14
 1.38488e+18	3.03e-01	6.97e-01	4.47e-14
 1.38745e+18	3.55e-01	6.45e-01	3.70e-14
 1.38992e+18	4.16e-01	5.84e-01	2.94e-14
 1.39224e+18	4.83e-01	5.17e-01	2.26e-14
 1.39441e+18	5.55e-01	4.45e-01	1.67e-14
 1.39651e+18	6.29e-01	3.71e-01	1.18e-14
 1.39891e+18	7.14e-01	2.86e-01	7.48e-15
 1.40149e+18	7.97e-01	2.03e-01	3.95e-15
 1.40373e+18	8.57e-01	1.43e-01	2.28e-15
 1.40570e+18	8.98e-01	1.02e-01	1.37e-15
 1.40756e+18	9.26e-01	7.36e-02	8.18e-16
 1.40929e+18	9.46e-01	5.37e-02	4.99e-16
 1.41084e+18	9.60e-01	4.04e-02	3.20e-16
 1.41217e+18	9.68e-01	3.17e-02	2.19e-16
 1.41332e+18	9.74e-01	2.57e-02	1.58e-16
 1.41438e+18	9.79e-01	2.12e-02	1.17e-16
 1.41540e+18	9.82e-01	1.77e-02	8.75e-17
 1.41634e+18	9.85e-01	1.51e-02	6.67e-17
 1.41711e+18	9.87e-01	1.34e-02	5.40e-17
 1.41767e+18	9.88e-01	1.23e-02	4.68e-17
 1.41809e+18	9.88e-01	1.16e-02	4.26e-17
 1.41846e+18	9.89e-01	1.10e-02	3.89e-17
 1.41881e+18	9.89e-01	1.05e-02	3.59e-17
 1.41914e+18	9.90e-01	1.01e-02	3.31e-17
 1.41945e+18	9.90e-01	9.75e-03	3.08e-17
 1.41972e+18	9.91e-01	9.47e-03	2.91e-17
 1.41998e+18	9.91e-01	9.24e-03	2.76e-17
 1.42021e+18	9.91e-01	9.03e-03	2.64e-17
 1.42040e+18	9.91e-01	8.90e-03	2.54e-17
 1.42054e+18	9.91e-01	8.80e-03	2.49e-17
 1.42067e+18	9.91e-01	8.71e-03	2.44e-17
 1.42082e+18	9.91e-01	8.60e-03	2.38e-17
 1.42097e+18	9.92e-01	8.50e-03	2.31e-17
 1.42112e+18	9.92e-01	8.43e-03	2.26e-17
 1.42127e+18	9.92e-01	8.34e-03	2.21e-17
 1.42141e+18	9.92e-01	8.29e-03	2.17e-17
 1.42155e+18	9.92e-01	8.21e-03	2.12e-17
 1.42170e+18	9.92e-01	8.17e-03	2.09e-17
 1.42184e+18	9.92e-01	8.12e-03	2.05e-17
 1.42198e+18	9.92e-01	8.07e-03	2.02e-17
 1.42212e+18	9.92e-01	8.03e-03	1.99e-17
 1.42225e+18	9.92e-01	8.00e-03	1.97e-17
 1.42239e+18	9.92e-01	7.97e-03	1.94e-17
 1.42252e+18	9.92e-01	7.95e-03	1.93e-17
 1.42266e+18	9.92e-01	7.92e-03	1.91e-17
 1.42279e+18	9.92e-01	7.92e-03	1.89e-17
 1.42293e+18	9.92e-01	7.90e-03	1.88e-17
 1.42306e+18	9.92e-01	7.89e-03	1.87e-17
 1.42319e+18	9.92e-01	7.88e-03	1.86e-17
 1.42332e+18	9.92e-01	7.88e-03	1.86e-17
 1.42345e+18	9.92e-01	7.88e-03	1.86e-17
 1.42358e+18	9.92e-01	7.89e-03	1.86e-17
 1.42370e+18	9.92e-01	7.89e-03	1.86e-17
 1.42383e+18	9.92e-01	7.91e-03	1.87e-17
 1.42395e+18	9.92e-01	7.91e-03	1.87e-17
 1.42407e+18	9.92e-01	7.92e-03	1.88e-17
 1.42419e+18	9.92e-01	7.94e-03	1.89e-17
 1.42431e+18	9.92e-01	7.95e-03	1.90e-17
 1.42442e+18	9.92e-01	7.97e-03	1.92e-17
 1.42454e+18	9.92e-01	7.99e-03	1.93e-17
 1.42465e+18	9.92e-01	8.01e-03	1.95e-17
 1.42477e+18	9.92e-01	8.03e-03	1.97e-17
 1.42488e+18	9.92e-01	8.05e-03	1.99e-17
 1.42499e+18	9.92e-01	8.07e-03	2.02e-17
 1.42510e+18	9.92e-01	8.09e-03	2.04e-17
 1.42521e+18	9.92e-01	8.12e-03	2.07e-17
 1.42532e+18	9.92e-01	8.14e-03	2.10e-17
 1.42543e+18	9.92e-01	8.17e-03	2.13e-17
 1.42554e+18	9.92e-01	8.19e-03	2.16e-17
 1.42565e+18	9.92e-01	8.22e-03	2.20e-17
 1.42576e+18	9.92e-01	8.24e-03	2.24e-17
 1.42586e+18	9.92e-01	8.27e-03	2.28e-17
 1.42597e+18	9.92e-01	8.29e-03	2.32e-17
 1.42607e+18	9.92e-01	8.32e-03	2.37e-17
 1.42618e+18	9.92e-01	8.34e-03	2.41e-17
 1.42628e+18	9.92e-01	8.37e-03	2.46e-17
 1.42639e+18	9.92e-01	8.39e-03	2.51e-17
 1.42649e+18	9.92e-01	8.42e-03	2.56e-17
 1.42660e+18	9.92e-01	8.44e-03	2.62e-17
 1.42670e+18	9.92e-01	8.47e-03	2.68e-17
 1.42680e+18	9.92e-01	8.49e-03	2.73e-17
 1.42690e+18	9.91e-01	8.51e-03	2.80e-17
 1.42701e+18	9.91e-01	8.53e-03	2.86e-17
 1.42711e+18	9.91e-01	8.56e-03	2.93e-17
 1.42721e+18	9.91e-01	8.57e-03	2.99e-17
 1.42731e+18	9.91e-01	8.60e-03	3.06e-17
 1.42741e+18	9.91e-01	8.61e-03	3.13e-17
 1.42751e+18	9.91e-01	8.63e-03	3.20e-17
 1.42762e+18	9.91e-01	8.64e-03	3.28e-17
 1.42772e+18	9.91e-01	8.65e-03	3.36e-17
 1.42782e+18	9.91e-01	8.67e-03	3.43e-17
 1.42792e+18	9.91e-01	8.68e-03	3.52e-17
 1.42802e+18	9.91e-01	8.69e-03	3.60e-17
 1.42812e+18	9.91e-01	8.70e-03	3.68e-17
 1.42822e+18	9.91e-01	8.71e-03	3.77e-17
 1.42832e+18	9.91e-01	8.72e-03	3.86e-17
 1.42842e+18	9.91e-01	8.72e-03	3.95e-17
 1.42851e+18	9.91e-01	8.72e-03	4.04e-17
 1.42861e+18	9.91e-01	8.73e-03	4.13e-17
 1.42871e+18	9.91e-01	8.73e-03	4.22e-17
 1.42881e+18	9.91e-01	8.72e-03	4.30e-17
 1.42891e+18	9.91e-01	8.72e-03	4.40e-17
 1.42901e+18	9.91e-01	8.71e-03	4.49e-17
 1.42911e+18	9.91e-01	8.71e-03	4.58e-17
 1.42920e+18	9.91e-01	8.70e-03	4.67e-17
 1.42930e+18	9.91e-01	8.69e-03	4.76e-17
 1.42940e+18	9.91e-01	8.68e-03	4.85e-17
 1.42949e+18	9.91e-01	8.67e-03	4.94e-17
 1.42959e+18	9.91e-01	8.65e-03	5.02e-17
 1.42968e+18	9.91e-01	8.64e-03	5.11e-17
 1.42977e+18	9.91e-01	8.62e-03	5.19e-17
 1.42987e+18	9.91e-01	8.60e-03	5.26e-17
 1.42996e+18	9.91e-01	8.58e-03	5.33e-17
 1.43005e+18	9.91e-01	8.56e-03	5.40e-17
 1.43014e+18	9.91e-01	8.54e-03	5.46e-17
 1.43022e+18	9.91e-01	8.51e-03	5.52e-17
 1.43030e+18	9.92e-01	8.50e-03	5.57e-17
 1.43037e+18	9.92e-01	8.48e-03	5.61e-17
 1.43044e+18	9.92e-01	8.45e-03	5.64e-17
 1.43051e+18	9.92e-01	8.43e-03	5.67e-17
 1.43057e+18	9.92e-01	8.41e-03	5.70e-17
 1.43062e+18	9.92e-01	8.39e-03	5.71e-17
 1.43067e+18	9.92e-01	8.37e-03	5.72e-17
 1.43072e+18	9.92e-01	8.34e-03	5.73e-17
 1.43076e+18	9.92e-01	8.33e-03	5.74e-17
 1.43080e+18	9.92e-01	8.31e-03	5.74e-17
 1.43083e+18	9.92e-01	8.29e-03	5.75e-17
 1.43087e+18	9.92e-01	8.27e-03	5.75e-17
 1.43091e+18	9.92e-01	8.24e-03	5.74e-17
 1.43095e+18	9.92e-01	8.22e-03	5.75e-17
 1.43098e+18	9.92e-01	8.20e-03	5.74e-17
 1.43101e+18	9.92e-01	8.18e-03	5.73e-17
 1.43104e+18	9.92e-01	8.16e-03	5.73e-17
 1.43108e+18	9.92e-01	8.14e-03	5.73e-17
 1.43111e+18	9.92e-01	8.12e-03	5.74e-17
 1.43115e+18	9.92e-01	8.08e-03	5.71e-17
 1.43119e+18	9.92e-01	8.06e-03	5.70e-17
 1.43122e+18	9.92e-01	8.04e-03	5.71e-17
 1.43126e+18	9.92e-01	8.01e-03	5.71e-17
 1.43129e+18	9.92e-01	7.99e-03	5.70e-17
 1.43133e+18	9.92e-01	7.96e-03	5.69e-17
 1.43136e+18	9.92e-01	7.93e-03	5.69e-17
 1.43140e+18	9.92e-01	7.91e-03	5.68e-17
 1.43143e+18	9.92e-01	7.88e-03	5.67e-17
 1.43147e+18	9.92e-01	7.85e-03	5.67e-17
 1.43150e+18	9.92e-01	7.82e-03	5.66e-17
 1.43153e+18	9.92e-01	7.80e-03	5.65e-17
 1.43157e+18	9.92e-01	7.77e-03	5.64e-17
 1.43160e+18	9.92e-01	7.73e-03	5.62e-17
 1.43164e+18	9.92e-01	7.70e-03	5.61e-17
 1.43167e+18	9.92e-01	7.68e-03	5.62e-17
 1.43171e+18	9.92e-01	7.63e-03	5.58e-17
 1.43175e+18	9.92e-01	7.60e-03	5.57e-17
 1.43178e+18	9.92e-01	7.56e-03	5.55e-17
 1.43181e+18	9.92e-01	7.53e-03	5.53e-17
 1.43184e+18	9.92e-01	7.50e-03	5.52e-17
 1.43188e+18	9.93e-01	7.47e-03	5.50e-17
 1.43191e+18	9.93e-01	7.44e-03	5.49e-17
 1.43195e+18	9.93e-01	7.40e-03	5.47e-17
 1.43198e+18	9.93e-01	7.36e-03	5.45e-17
 1.43203e+18	9.93e-01	7.31e-03	5.41e-17
 1.43207e+18	9.93e-01	7.27e-03	5.41e-17
 1.43211e+18	9.93e-01	7.22e-03	5.37e-17
 1.43215e+18	9.93e-01	7.18e-03	5.35e-17
 1.43218e+18	9.93e-01	7.15e-03	5.34e-17
 1.43222e+18	9.93e-01	7.11e-03	5.31e-17
 1.43226e+18	9.93e-01	7.07e-03	5.30e-17
 1.43230e+18	9.93e-01	7.04e-03	5.30e-17
 1.43234e+18	9.93e-01	7.02e-03	5.32e-17
 1.43239e+18	9.93e-01	7.01e-03	5.37e-17
 1.43245e+18	9.93e-01	6.99e-03	5.42e-17
 1.43254e+18	9.93e-01	6.96e-03	5.49e-17
 1.43266e+18	9.93e-01	6.92e-03	5.57e-17
 1.43280e+18	9.93e-01	6.86e-03	5.67e-17
 1.43298e+18	9.93e-01	6.78e-03	5.79e-17
 1.43317e+18	9.93e-01	6.71e-03	5.91e-17
 1.43336e+18	9.93e-01	6.63e-03	6.01e-17
 1.43354e+18	9.93e-01	6.54e-03	6.10e-17
 1.43373e+18	9.94e-01	6.44e-03	6.17e-17
 1.43393e+18	9.94e-01	6.33e-03	6.24e-17
 1.43414e+18	9.94e-01	6.20e-03	6.29e-17
 1.43435e+18	9.94e-01	6.08e-03	6.33e-17
 1.43457e+18	9.94e-01	5.94e-03	6.36e-17
 1.43480e+18	9.94e-01	5.80e-03	6.37e-17
 1.43504e+18	9.94e-01	5.64e-03	6.36e-17
 1.43529e+18	9.95e-01	5.48e-03	6.34e-17
 1.43555e+18	9.95e-01	5.31e-03	6.30e-17
 1.43582e+18	9.95e-01	5.13e-03	6.24e-17
 1.43610e+18	9.95e-01	4.94e-03	6.16e-17
 1.43639e+18	9.95e-01	4.75e-03	6.07e-17
 1.43669e+18	9.95e-01	4.56e-03	5.96e-17
 1.43701e+18	9.96e-01	4.36e-03	5.83e-17
 1.43733e+18	9.96e-01	4.16e-03	5.69e-17
 1.43767e+18	9.96e-01	3.95e-03	5.53e-17
 1.43803e+18	9.96e-01	3.75e-03	5.36e-17
 1.43839e+18	9.96e-01	3.54e-03	5.17e-17
 1.43877e+18	9.97e-01	3.34e-03	4.98e-17
 1.43916e+18	9.97e-01	3.14e-03	4.78e-17
 1.43956e+18	9.97e-01	2.94e-03	4.57e-17
 1.43998e+18	9.97e-01	2.75e-03	4.35e-17
 1.44041e+18	9.97e-01	2.57e-03	4.13e-17
 1.44086e+18	9.98e-01	2.38e-03	3.91e-17
 1.44131e+18	9.98e-01	2.21e-03	3.69e-17
 1.44178e+18	9.98e-01	2.04e-03	3.47e-17
 1.44227e+18	9.98e-01	1.88e-03	3.25e-17
 1.44277e+18	9.98e-01	1.73e-03	3.03e-17
 1.44330e+18	9.98e-01	1.58e-03	2.81e-17
 1.44384e+18	9.99e-01	1.44e-03	2.60e-17
 1.44438e+18	9.99e-01	1.31e-03	2.40e-17
 1.44494e+18	9.99e-01	1.18e-03	2.20e-17
 1.44554e+18	9.99e-01	1.07e-03	2.01e-17
 1.44617e+18	9.99e-01	9.54e-04	1.82e-17
 1.44682e+18	9.99e-01	8.49e-04	1.63e-17
 1.44750e+18	9.99e-01	7.51e-04	1.46e-17
 1.44822e+18	9.99e-01	6.60e-04	1.30e-17
 1.44896e+18	9.99e-01	5.77e-04	1.14e-17
 1.44974e+18	9.99e-01	5.01e-04	1.00e-17
 1.45056e+18	1.00e+00	4.31e-04	8.67e-18
