#depth	He	He+	He+2
 3.21011e+12	5.74e-04	9.48e-01	5.17e-02
 1.92607e+13	5.74e-04	9.48e-01	5.17e-02
 8.34628e+13	5.74e-04	9.48e-01	5.17e-02
 3.40272e+14	5.74e-04	9.48e-01	5.15e-02
 8.12800e+14	5.74e-04	9.48e-01	5.18e-02
 1.42709e+15	5.74e-04	9.48e-01	5.18e-02
 2.22566e+15	5.75e-04	9.48e-01	5.16e-02
 3.26380e+15	5.75e-04	9.48e-01	5.11e-02
 4.61339e+15	5.76e-04	9.49e-01	5.02e-02
 6.36785e+15	5.78e-04	9.51e-01	4.86e-02
 8.64866e+15	5.80e-04	9.53e-01	4.62e-02
 1.16137e+16	5.83e-04	9.57e-01	4.29e-02
 1.54683e+16	5.88e-04	9.61e-01	3.84e-02
 2.04792e+16	5.93e-04	9.67e-01	3.27e-02
 2.69934e+16	6.00e-04	9.73e-01	2.61e-02
 3.54618e+16	6.08e-04	9.80e-01	1.90e-02
 4.64708e+16	6.17e-04	9.87e-01	1.23e-02
 6.07825e+16	6.27e-04	9.92e-01	6.93e-03
 7.93878e+16	6.38e-04	9.96e-01	3.25e-03
 1.03575e+17	6.52e-04	9.98e-01	1.23e-03
 1.23108e+17	6.59e-04	9.99e-01	5.49e-04
 1.35418e+17	6.66e-04	9.99e-01	3.41e-04
 1.48960e+17	6.73e-04	9.99e-01	2.04e-04
 1.63856e+17	6.81e-04	9.99e-01	1.18e-04
 1.80242e+17	6.90e-04	9.99e-01	6.55e-05
 1.98266e+17	7.00e-04	9.99e-01	3.53e-05
 2.18093e+17	7.11e-04	9.99e-01	1.84e-05
 2.39902e+17	7.24e-04	9.99e-01	9.29e-06
 2.63892e+17	7.38e-04	9.99e-01	4.58e-06
 2.90281e+17	7.54e-04	9.99e-01	2.20e-06
 3.19309e+17	7.73e-04	9.99e-01	1.04e-06
 3.51240e+17	7.93e-04	9.99e-01	4.80e-07
 3.86364e+17	8.17e-04	9.99e-01	2.17e-07
 4.25001e+17	8.44e-04	9.99e-01	9.65e-08
 4.67501e+17	8.75e-04	9.99e-01	4.20e-08
 5.14251e+17	9.10e-04	9.99e-01	1.79e-08
 5.65676e+17	9.52e-04	9.99e-01	7.48e-09
 6.22244e+17	9.99e-04	9.99e-01	3.05e-09
 6.84468e+17	1.06e-03	9.99e-01	1.22e-09
 7.52915e+17	1.12e-03	9.99e-01	4.75e-10
 8.28206e+17	1.20e-03	9.99e-01	1.82e-10
 9.11027e+17	1.30e-03	9.99e-01	6.85e-11
 1.00213e+18	1.41e-03	9.99e-01	2.57e-11
 1.10234e+18	1.56e-03	9.98e-01	9.84e-12
 1.21258e+18	1.74e-03	9.98e-01	4.04e-12
 1.33383e+18	1.97e-03	9.98e-01	1.89e-12
 1.44228e+18	2.21e-03	9.98e-01	1.14e-12
 1.52317e+18	2.42e-03	9.98e-01	8.72e-13
 1.60589e+18	2.67e-03	9.97e-01	7.02e-13
 1.69784e+18	2.99e-03	9.97e-01	5.61e-13
 1.78078e+18	3.33e-03	9.97e-01	4.72e-13
 1.85232e+18	3.68e-03	9.96e-01	4.15e-13
 1.91971e+18	4.07e-03	9.96e-01	3.70e-13
 1.98685e+18	4.53e-03	9.95e-01	3.30e-13
 2.05225e+18	5.06e-03	9.95e-01	2.95e-13
 2.11349e+18	5.66e-03	9.94e-01	2.66e-13
 2.17015e+18	6.33e-03	9.94e-01	2.42e-13
 2.22322e+18	7.08e-03	9.93e-01	2.22e-13
 2.27349e+18	7.96e-03	9.92e-01	2.03e-13
 2.31676e+18	8.89e-03	9.91e-01	1.87e-13
 2.35130e+18	9.77e-03	9.90e-01	1.76e-13
 2.38755e+18	1.09e-02	9.89e-01	1.67e-13
 2.42622e+18	1.24e-02	9.88e-01	1.53e-13
 2.45855e+18	1.39e-02	9.86e-01	1.42e-13
 2.48481e+18	1.55e-02	9.85e-01	1.35e-13
 2.50898e+18	1.72e-02	9.83e-01	1.28e-13
 2.53671e+18	1.97e-02	9.80e-01	1.20e-13
 2.56503e+18	2.29e-02	9.77e-01	1.09e-13
 2.58692e+18	2.62e-02	9.74e-01	1.02e-13
 2.60445e+18	2.96e-02	9.70e-01	9.73e-14
 2.62348e+18	3.43e-02	9.66e-01	9.17e-14
 2.64404e+18	4.10e-02	9.59e-01	8.34e-14
 2.66161e+18	4.89e-02	9.51e-01	7.63e-14
 2.67614e+18	5.79e-02	9.42e-01	7.06e-14
 2.68960e+18	6.92e-02	9.31e-01	6.47e-14
 2.70148e+18	8.28e-02	9.17e-01	5.84e-14
 2.71058e+18	9.68e-02	9.03e-01	5.36e-14
 2.71773e+18	1.11e-01	8.89e-01	4.95e-14
 2.72401e+18	1.27e-01	8.73e-01	4.59e-14
 2.73012e+18	1.46e-01	8.54e-01	4.20e-14
 2.73597e+18	1.70e-01	8.30e-01	3.78e-14
 2.74127e+18	1.97e-01	8.03e-01	3.37e-14
 2.74593e+18	2.26e-01	7.74e-01	2.99e-14
 2.75013e+18	2.60e-01	7.40e-01	2.64e-14
 2.75405e+18	2.98e-01	7.02e-01	2.29e-14
 2.75773e+18	3.40e-01	6.60e-01	1.95e-14
 2.76114e+18	3.88e-01	6.12e-01	1.64e-14
 2.76428e+18	4.38e-01	5.62e-01	1.35e-14
 2.76721e+18	4.91e-01	5.09e-01	1.10e-14
 2.77002e+18	5.47e-01	4.53e-01	8.68e-15
 2.77273e+18	6.04e-01	3.96e-01	6.69e-15
 2.77528e+18	6.60e-01	3.40e-01	5.06e-15
 2.77769e+18	7.11e-01	2.89e-01	3.77e-15
 2.77999e+18	7.58e-01	2.42e-01	2.77e-15
 2.78220e+18	7.99e-01	2.01e-01	2.02e-15
 2.78428e+18	8.34e-01	1.66e-01	1.46e-15
 2.78625e+18	8.62e-01	1.38e-01	1.07e-15
 2.78806e+18	8.84e-01	1.16e-01	7.91e-16
 2.78955e+18	9.00e-01	1.00e-01	6.17e-16
 2.79064e+18	9.09e-01	9.08e-02	5.18e-16
 2.79145e+18	9.16e-01	8.44e-02	4.58e-16
 2.79215e+18	9.21e-01	7.93e-02	4.11e-16
 2.79281e+18	9.25e-01	7.47e-02	3.69e-16
 2.79345e+18	9.29e-01	7.08e-02	3.33e-16
 2.79403e+18	9.32e-01	6.77e-02	3.05e-16
 2.79453e+18	9.35e-01	6.52e-02	2.83e-16
 2.79499e+18	9.37e-01	6.29e-02	2.64e-16
 2.79543e+18	9.39e-01	6.11e-02	2.48e-16
 2.79585e+18	9.41e-01	5.93e-02	2.32e-16
 2.79619e+18	9.42e-01	5.82e-02	2.21e-16
 2.79643e+18	9.43e-01	5.74e-02	2.15e-16
 2.79666e+18	9.43e-01	5.66e-02	2.09e-16
 2.79693e+18	9.44e-01	5.57e-02	2.01e-16
 2.79721e+18	9.45e-01	5.48e-02	1.93e-16
 2.79747e+18	9.46e-01	5.41e-02	1.86e-16
 2.79773e+18	9.47e-01	5.34e-02	1.80e-16
 2.79798e+18	9.47e-01	5.28e-02	1.74e-16
 2.79824e+18	9.48e-01	5.21e-02	1.69e-16
 2.79849e+18	9.48e-01	5.15e-02	1.64e-16
 2.79874e+18	9.49e-01	5.10e-02	1.59e-16
 2.79899e+18	9.49e-01	5.05e-02	1.55e-16
 2.79923e+18	9.50e-01	5.00e-02	1.50e-16
 2.79948e+18	9.50e-01	4.97e-02	1.46e-16
 2.79973e+18	9.51e-01	4.92e-02	1.42e-16
 2.79997e+18	9.51e-01	4.89e-02	1.39e-16
 2.80021e+18	9.51e-01	4.85e-02	1.35e-16
 2.80046e+18	9.52e-01	4.82e-02	1.32e-16
 2.80069e+18	9.52e-01	4.79e-02	1.29e-16
 2.80093e+18	9.52e-01	4.76e-02	1.26e-16
 2.80117e+18	9.53e-01	4.74e-02	1.23e-16
 2.80141e+18	9.53e-01	4.72e-02	1.20e-16
 2.80164e+18	9.53e-01	4.69e-02	1.18e-16
 2.80187e+18	9.53e-01	4.67e-02	1.15e-16
 2.80210e+18	9.53e-01	4.65e-02	1.13e-16
 2.80233e+18	9.54e-01	4.64e-02	1.11e-16
 2.80256e+18	9.54e-01	4.62e-02	1.09e-16
 2.80278e+18	9.54e-01	4.61e-02	1.07e-16
 2.80300e+18	9.54e-01	4.59e-02	1.05e-16
 2.80322e+18	9.54e-01	4.58e-02	1.03e-16
 2.80344e+18	9.54e-01	4.57e-02	1.01e-16
 2.80365e+18	9.54e-01	4.55e-02	9.97e-17
 2.80387e+18	9.55e-01	4.54e-02	9.81e-17
 2.80408e+18	9.55e-01	4.53e-02	9.68e-17
 2.80430e+18	9.55e-01	4.52e-02	9.52e-17
 2.80451e+18	9.55e-01	4.51e-02	9.41e-17
 2.80472e+18	9.55e-01	4.50e-02	9.27e-17
 2.80493e+18	9.55e-01	4.49e-02	9.15e-17
 2.80514e+18	9.55e-01	4.48e-02	9.03e-17
 2.80535e+18	9.55e-01	4.47e-02	8.93e-17
 2.80556e+18	9.55e-01	4.46e-02	8.82e-17
 2.80577e+18	9.55e-01	4.45e-02	8.72e-17
 2.80598e+18	9.56e-01	4.44e-02	8.62e-17
 2.80619e+18	9.56e-01	4.43e-02	8.54e-17
 2.80640e+18	9.56e-01	4.41e-02	8.44e-17
 2.80660e+18	9.56e-01	4.41e-02	8.37e-17
 2.80681e+18	9.56e-01	4.39e-02	8.29e-17
 2.80702e+18	9.56e-01	4.38e-02	8.22e-17
 2.80723e+18	9.56e-01	4.36e-02	8.14e-17
 2.80744e+18	9.56e-01	4.35e-02	8.08e-17
 2.80765e+18	9.57e-01	4.34e-02	8.01e-17
 2.80786e+18	9.57e-01	4.32e-02	7.95e-17
 2.80807e+18	9.57e-01	4.30e-02	7.89e-17
 2.80829e+18	9.57e-01	4.28e-02	7.84e-17
 2.80850e+18	9.57e-01	4.27e-02	7.79e-17
 2.80872e+18	9.58e-01	4.25e-02	7.73e-17
 2.80893e+18	9.58e-01	4.23e-02	7.69e-17
 2.80915e+18	9.58e-01	4.20e-02	7.64e-17
 2.80937e+18	9.58e-01	4.18e-02	7.61e-17
 2.80959e+18	9.58e-01	4.15e-02	7.56e-17
 2.80981e+18	9.59e-01	4.13e-02	7.52e-17
 2.81003e+18	9.59e-01	4.10e-02	7.47e-17
 2.81026e+18	9.59e-01	4.07e-02	7.44e-17
 2.81049e+18	9.60e-01	4.04e-02	7.40e-17
 2.81071e+18	9.60e-01	4.00e-02	7.36e-17
 2.81094e+18	9.60e-01	3.97e-02	7.32e-17
 2.81118e+18	9.61e-01	3.94e-02	7.29e-17
 2.81141e+18	9.61e-01	3.90e-02	7.25e-17
 2.81165e+18	9.61e-01	3.86e-02	7.21e-17
 2.81188e+18	9.62e-01	3.82e-02	7.17e-17
 2.81213e+18	9.62e-01	3.78e-02	7.13e-17
 2.81237e+18	9.63e-01	3.73e-02	7.08e-17
 2.81262e+18	9.63e-01	3.69e-02	7.04e-17
 2.81286e+18	9.64e-01	3.64e-02	7.00e-17
 2.81311e+18	9.64e-01	3.59e-02	6.95e-17
 2.81337e+18	9.65e-01	3.55e-02	6.89e-17
 2.81363e+18	9.65e-01	3.49e-02	6.84e-17
 2.81389e+18	9.66e-01	3.44e-02	6.78e-17
 2.81415e+18	9.66e-01	3.39e-02	6.72e-17
 2.81441e+18	9.67e-01	3.33e-02	6.66e-17
 2.81468e+18	9.67e-01	3.28e-02	6.59e-17
 2.81495e+18	9.68e-01	3.22e-02	6.52e-17
 2.81522e+18	9.68e-01	3.17e-02	6.44e-17
 2.81549e+18	9.69e-01	3.11e-02	6.36e-17
 2.81576e+18	9.69e-01	3.05e-02	6.27e-17
 2.81603e+18	9.70e-01	3.00e-02	6.19e-17
 2.81630e+18	9.71e-01	2.94e-02	6.09e-17
 2.81656e+18	9.71e-01	2.88e-02	6.00e-17
 2.81681e+18	9.72e-01	2.83e-02	5.90e-17
 2.81703e+18	9.72e-01	2.79e-02	5.82e-17
 2.81724e+18	9.73e-01	2.74e-02	5.73e-17
 2.81745e+18	9.73e-01	2.70e-02	5.64e-17
 2.81764e+18	9.73e-01	2.66e-02	5.56e-17
 2.81782e+18	9.74e-01	2.62e-02	5.48e-17
 2.81800e+18	9.74e-01	2.58e-02	5.39e-17
 2.81816e+18	9.75e-01	2.55e-02	5.31e-17
 2.81831e+18	9.75e-01	2.52e-02	5.24e-17
 2.81844e+18	9.75e-01	2.49e-02	5.17e-17
 2.81857e+18	9.75e-01	2.46e-02	5.11e-17
 2.81868e+18	9.76e-01	2.44e-02	5.05e-17
 2.81878e+18	9.76e-01	2.42e-02	5.01e-17
 2.81889e+18	9.76e-01	2.39e-02	4.95e-17
 2.81901e+18	9.76e-01	2.36e-02	4.88e-17
 2.81912e+18	9.77e-01	2.34e-02	4.83e-17
 2.81922e+18	9.77e-01	2.32e-02	4.77e-17
 2.81931e+18	9.77e-01	2.30e-02	4.72e-17
 2.81941e+18	9.77e-01	2.28e-02	4.68e-17
 2.81954e+18	9.78e-01	2.25e-02	4.59e-17
 2.81968e+18	9.78e-01	2.22e-02	4.52e-17
 2.81980e+18	9.78e-01	2.19e-02	4.45e-17
 2.81992e+18	9.78e-01	2.17e-02	4.40e-17
 2.82002e+18	9.79e-01	2.15e-02	4.36e-17
 2.82014e+18	9.79e-01	2.12e-02	4.30e-17
 2.82026e+18	9.79e-01	2.09e-02	4.24e-17
 2.82038e+18	9.79e-01	2.07e-02	4.19e-17
 2.82048e+18	9.79e-01	2.05e-02	4.15e-17
 2.82059e+18	9.80e-01	2.03e-02	4.09e-17
 2.82071e+18	9.80e-01	2.00e-02	4.04e-17
 2.82083e+18	9.80e-01	1.98e-02	3.99e-17
 2.82093e+18	9.80e-01	1.96e-02	3.95e-17
 2.82104e+18	9.81e-01	1.94e-02	3.91e-17
 2.82118e+18	9.81e-01	1.91e-02	3.83e-17
 2.82134e+18	9.81e-01	1.88e-02	3.77e-17
 2.82148e+18	9.81e-01	1.85e-02	3.71e-17
 2.82160e+18	9.82e-01	1.82e-02	3.65e-17
 2.82172e+18	9.82e-01	1.80e-02	3.61e-17
 2.82183e+18	9.82e-01	1.78e-02	3.56e-17
 2.82192e+18	9.82e-01	1.76e-02	3.52e-17
 2.82203e+18	9.83e-01	1.74e-02	3.48e-17
 2.82214e+18	9.83e-01	1.72e-02	3.43e-17
 2.82225e+18	9.83e-01	1.70e-02	3.39e-17
 2.82234e+18	9.83e-01	1.68e-02	3.35e-17
 2.82245e+18	9.83e-01	1.67e-02	3.31e-17
 2.82258e+18	9.84e-01	1.64e-02	3.25e-17
 2.82273e+18	9.84e-01	1.61e-02	3.20e-17
 2.82286e+18	9.84e-01	1.59e-02	3.15e-17
 2.82298e+18	9.84e-01	1.57e-02	3.11e-17
 2.82309e+18	9.85e-01	1.55e-02	3.07e-17
 2.82319e+18	9.85e-01	1.53e-02	3.03e-17
 2.82330e+18	9.85e-01	1.51e-02	2.99e-17
 2.82342e+18	9.85e-01	1.49e-02	2.94e-17
 2.82355e+18	9.85e-01	1.47e-02	2.93e-17
 2.82372e+18	9.85e-01	1.46e-02	2.93e-17
 2.82394e+18	9.86e-01	1.43e-02	2.91e-17
 2.82422e+18	9.86e-01	1.40e-02	2.89e-17
 2.82459e+18	9.86e-01	1.36e-02	2.86e-17
 2.82507e+18	9.87e-01	1.31e-02	2.83e-17
 2.82564e+18	9.87e-01	1.26e-02	2.81e-17
 2.82619e+18	9.88e-01	1.21e-02	2.79e-17
 2.82669e+18	9.88e-01	1.17e-02	2.76e-17
 2.82719e+18	9.89e-01	1.13e-02	2.71e-17
 2.82776e+18	9.89e-01	1.08e-02	2.67e-17
 2.82837e+18	9.90e-01	1.03e-02	2.62e-17
 2.82896e+18	9.90e-01	9.82e-03	2.57e-17
 2.82952e+18	9.91e-01	9.39e-03	2.53e-17
 2.83010e+18	9.91e-01	8.96e-03	2.47e-17
 2.83071e+18	9.91e-01	8.53e-03	2.41e-17
 2.83135e+18	9.92e-01	8.10e-03	2.35e-17
 2.83197e+18	9.92e-01	7.71e-03	2.30e-17
 2.83258e+18	9.93e-01	7.34e-03	2.24e-17
 2.83320e+18	9.93e-01	6.97e-03	2.18e-17
 2.83384e+18	9.93e-01	6.60e-03	2.11e-17
 2.83450e+18	9.94e-01	6.25e-03	2.05e-17
 2.83514e+18	9.94e-01	5.93e-03	1.99e-17
 2.83579e+18	9.94e-01	5.61e-03	1.93e-17
 2.83644e+18	9.95e-01	5.31e-03	1.87e-17
 2.83711e+18	9.95e-01	5.01e-03	1.81e-17
 2.83779e+18	9.95e-01	4.73e-03	1.74e-17
 2.83846e+18	9.96e-01	4.47e-03	1.68e-17
 2.83914e+18	9.96e-01	4.21e-03	1.62e-17
 2.83982e+18	9.96e-01	3.97e-03	1.56e-17
 2.84052e+18	9.96e-01	3.73e-03	1.50e-17
 2.84122e+18	9.96e-01	3.51e-03	1.44e-17
 2.84193e+18	9.97e-01	3.30e-03	1.38e-17
 2.84263e+18	9.97e-01	3.10e-03	1.32e-17
 2.84335e+18	9.97e-01	2.90e-03	1.26e-17
 2.84409e+18	9.97e-01	2.72e-03	1.20e-17
 2.84483e+18	9.97e-01	2.54e-03	1.15e-17
 2.84558e+18	9.98e-01	2.37e-03	1.09e-17
 2.84632e+18	9.98e-01	2.22e-03	1.04e-17
 2.84709e+18	9.98e-01	2.06e-03	9.81e-18
 2.84789e+18	9.98e-01	1.92e-03	9.27e-18
 2.84868e+18	9.98e-01	1.78e-03	8.76e-18
 2.84947e+18	9.98e-01	1.66e-03	8.26e-18
 2.85028e+18	9.98e-01	1.53e-03	7.76e-18
 2.85112e+18	9.99e-01	1.41e-03	7.27e-18
 2.85198e+18	9.99e-01	1.30e-03	6.81e-18
 2.85283e+18	9.99e-01	1.20e-03	6.36e-18
 2.85369e+18	9.99e-01	1.11e-03	5.93e-18
 2.85459e+18	9.99e-01	1.01e-03	5.50e-18
 2.85551e+18	9.99e-01	9.27e-04	5.09e-18
