#depth	He	He+	He+2
 7.49084e+14	2.18e-06	2.26e-01	7.74e-01
 4.49450e+15	2.19e-06	2.27e-01	7.73e-01
 1.94762e+16	2.23e-06	2.28e-01	7.72e-01
 7.94029e+16	2.41e-06	2.36e-01	7.64e-01
 1.89668e+17	2.74e-06	2.49e-01	7.51e-01
 3.17032e+17	3.15e-06	2.64e-01	7.36e-01
 4.49713e+17	3.64e-06	2.80e-01	7.20e-01
 5.87701e+17	4.21e-06	2.98e-01	7.02e-01
 7.31209e+17	4.88e-06	3.17e-01	6.83e-01
 8.80457e+17	5.65e-06	3.38e-01	6.62e-01
 1.03568e+18	6.54e-06	3.60e-01	6.40e-01
 1.19710e+18	7.59e-06	3.84e-01	6.16e-01
 1.36499e+18	8.80e-06	4.10e-01	5.90e-01
 1.53959e+18	1.02e-05	4.37e-01	5.63e-01
 1.72117e+18	1.18e-05	4.67e-01	5.33e-01
 1.91002e+18	1.37e-05	4.99e-01	5.01e-01
 2.10642e+18	1.59e-05	5.33e-01	4.67e-01
 2.31067e+18	1.84e-05	5.69e-01	4.31e-01
 2.52310e+18	2.13e-05	6.07e-01	3.93e-01
 2.74402e+18	2.46e-05	6.46e-01	3.54e-01
 2.97378e+18	2.83e-05	6.86e-01	3.14e-01
 3.21274e+18	3.24e-05	7.26e-01	2.74e-01
 3.46125e+18	3.70e-05	7.65e-01	2.35e-01
 3.71970e+18	4.21e-05	8.03e-01	1.97e-01
 3.98848e+18	4.76e-05	8.37e-01	1.63e-01
 4.26802e+18	5.35e-05	8.69e-01	1.31e-01
 4.55874e+18	5.98e-05	8.96e-01	1.04e-01
 4.86109e+18	6.65e-05	9.20e-01	8.02e-02
 5.17554e+18	7.35e-05	9.39e-01	6.10e-02
 5.50256e+18	8.10e-05	9.54e-01	4.56e-02
 5.84266e+18	8.90e-05	9.66e-01	3.35e-02
 6.19637e+18	9.74e-05	9.76e-01	2.43e-02
 6.56422e+18	1.06e-04	9.83e-01	1.74e-02
 6.94679e+18	1.16e-04	9.88e-01	1.23e-02
 7.34466e+18	1.26e-04	9.91e-01	8.57e-03
 7.75845e+18	1.37e-04	9.94e-01	5.92e-03
 8.18879e+18	1.49e-04	9.96e-01	4.05e-03
 8.63634e+18	1.62e-04	9.97e-01	2.75e-03
 9.10179e+18	1.76e-04	9.98e-01	1.85e-03
 9.58586e+18	1.91e-04	9.99e-01	1.23e-03
 1.00893e+19	2.07e-04	9.99e-01	8.12e-04
 1.06129e+19	2.25e-04	9.99e-01	5.32e-04
 1.11574e+19	2.44e-04	9.99e-01	3.47e-04
 1.17237e+19	2.65e-04	1.00e+00	2.24e-04
 1.23126e+19	2.88e-04	1.00e+00	1.44e-04
 1.29251e+19	3.12e-04	1.00e+00	9.21e-05
 1.35621e+19	3.39e-04	1.00e+00	5.86e-05
 1.42246e+19	3.68e-04	1.00e+00	3.71e-05
 1.49136e+19	3.99e-04	1.00e+00	2.34e-05
 1.56301e+19	4.33e-04	1.00e+00	1.48e-05
 1.63754e+19	4.70e-04	1.00e+00	9.27e-06
 1.71504e+19	5.11e-04	9.99e-01	5.81e-06
 1.79564e+19	5.55e-04	9.99e-01	3.64e-06
 1.87946e+19	6.03e-04	9.99e-01	2.27e-06
 1.96664e+19	6.55e-04	9.99e-01	1.42e-06
 2.05731e+19	7.12e-04	9.99e-01	8.86e-07
 2.15160e+19	7.75e-04	9.99e-01	5.52e-07
 2.24966e+19	8.43e-04	9.99e-01	3.44e-07
 2.35165e+19	9.17e-04	9.99e-01	2.14e-07
 2.45772e+19	9.98e-04	9.99e-01	1.33e-07
 2.56803e+19	1.09e-03	9.99e-01	8.26e-08
 2.68275e+19	1.18e-03	9.99e-01	5.12e-08
 2.80206e+19	1.29e-03	9.99e-01	3.17e-08
 2.92614e+19	1.41e-03	9.99e-01	1.96e-08
 3.05518e+19	1.54e-03	9.98e-01	1.21e-08
 3.18939e+19	1.68e-03	9.98e-01	7.44e-09
 3.32897e+19	1.84e-03	9.98e-01	4.57e-09
 3.47413e+19	2.02e-03	9.98e-01	2.81e-09
 3.62509e+19	2.22e-03	9.98e-01	1.72e-09
 3.77812e+19	2.43e-03	9.98e-01	1.06e-09
 3.93727e+19	2.67e-03	9.97e-01	6.54e-10
 4.10198e+19	2.94e-03	9.97e-01	4.04e-10
 4.26291e+19	3.22e-03	9.97e-01	2.56e-10
 4.43506e+19	3.56e-03	9.96e-01	1.59e-10
 4.61688e+19	3.94e-03	9.96e-01	9.81e-11
 4.78832e+19	4.34e-03	9.96e-01	6.33e-11
 4.97420e+19	4.83e-03	9.95e-01	3.94e-11
 5.17229e+19	5.41e-03	9.95e-01	2.45e-11
 5.35005e+19	5.99e-03	9.94e-01	1.63e-11
 5.51580e+19	6.61e-03	9.93e-01	1.11e-11
 5.70596e+19	7.44e-03	9.93e-01	7.24e-12
 5.91107e+19	8.46e-03	9.92e-01	4.67e-12
 6.07955e+19	9.44e-03	9.91e-01	3.32e-12
 6.21363e+19	1.04e-02	9.90e-01	2.53e-12
 6.35903e+19	1.15e-02	9.88e-01	1.88e-12
 6.52122e+19	1.31e-02	9.87e-01	1.36e-12
 6.66935e+19	1.47e-02	9.85e-01	1.03e-12
 6.79386e+19	1.64e-02	9.84e-01	8.20e-13
 6.90462e+19	1.83e-02	9.82e-01	6.68e-13
 7.02970e+19	2.08e-02	9.79e-01	5.27e-13
 7.16110e+19	2.41e-02	9.76e-01	4.17e-13
 7.27016e+19	2.76e-02	9.72e-01	3.45e-13
 7.36350e+19	3.14e-02	9.69e-01	2.92e-13
 7.46694e+19	3.68e-02	9.63e-01	2.42e-13
 7.57693e+19	4.45e-02	9.56e-01	1.99e-13
 7.66931e+19	5.35e-02	9.46e-01	1.70e-13
 7.74702e+19	6.41e-02	9.36e-01	1.47e-13
 7.81190e+19	7.60e-02	9.24e-01	1.31e-13
 7.86254e+19	8.84e-02	9.12e-01	1.19e-13
 7.90602e+19	1.02e-01	8.98e-01	1.08e-13
 7.94703e+19	1.19e-01	8.81e-01	9.95e-14
 7.98706e+19	1.40e-01	8.60e-01	9.05e-14
 8.02511e+19	1.67e-01	8.33e-01	8.21e-14
 8.05902e+19	1.98e-01	8.02e-01	7.40e-14
 8.08880e+19	2.34e-01	7.66e-01	6.68e-14
 8.11548e+19	2.76e-01	7.24e-01	5.99e-14
 8.13984e+19	3.25e-01	6.75e-01	5.31e-14
 8.16259e+19	3.81e-01	6.19e-01	4.63e-14
 8.18390e+19	4.44e-01	5.56e-01	3.96e-14
 8.20389e+19	5.13e-01	4.87e-01	3.31e-14
 8.22290e+19	5.86e-01	4.14e-01	2.69e-14
 8.24142e+19	6.60e-01	3.40e-01	2.11e-14
 8.26257e+19	7.42e-01	2.58e-01	1.52e-14
 8.28512e+19	8.19e-01	1.81e-01	1.02e-14
 8.30447e+19	8.72e-01	1.28e-01	6.97e-15
 8.32142e+19	9.08e-01	9.23e-02	4.91e-15
 8.33685e+19	9.32e-01	6.80e-02	3.56e-15
 8.35039e+19	9.48e-01	5.18e-02	2.68e-15
 8.36232e+19	9.59e-01	4.07e-02	2.10e-15
 8.37310e+19	9.67e-01	3.27e-02	1.70e-15
 8.38310e+19	9.73e-01	2.68e-02	1.41e-15
 8.39254e+19	9.78e-01	2.22e-02	1.19e-15
 8.40128e+19	9.81e-01	1.88e-02	1.04e-15
 8.40848e+19	9.83e-01	1.66e-02	9.52e-16
 8.41375e+19	9.85e-01	1.52e-02	9.03e-16
 8.41769e+19	9.86e-01	1.42e-02	8.74e-16
 8.42111e+19	9.87e-01	1.35e-02	8.53e-16
 8.42443e+19	9.87e-01	1.28e-02	8.38e-16
 8.42760e+19	9.88e-01	1.22e-02	8.26e-16
 8.43051e+19	9.88e-01	1.18e-02	8.27e-16
 8.43286e+19	9.89e-01	1.15e-02	8.30e-16
 8.43457e+19	9.89e-01	1.12e-02	8.33e-16
 8.43609e+19	9.89e-01	1.10e-02	8.37e-16
 8.43777e+19	9.89e-01	1.08e-02	8.41e-16
 8.43943e+19	9.89e-01	1.06e-02	8.49e-16
 8.44086e+19	9.90e-01	1.05e-02	8.59e-16
 8.44220e+19	9.90e-01	1.04e-02	8.67e-16
 8.44357e+19	9.90e-01	1.02e-02	8.79e-16
 8.44497e+19	9.90e-01	1.01e-02	8.89e-16
 8.44635e+19	9.90e-01	1.00e-02	9.06e-16
 8.44772e+19	9.90e-01	9.89e-03	9.20e-16
 8.44908e+19	9.90e-01	9.79e-03	9.36e-16
 8.45040e+19	9.90e-01	9.70e-03	9.54e-16
 8.45171e+19	9.90e-01	9.63e-03	9.74e-16
 8.45303e+19	9.90e-01	9.54e-03	9.93e-16
 8.45434e+19	9.91e-01	9.49e-03	1.02e-15
 8.45564e+19	9.91e-01	9.41e-03	1.04e-15
 8.45692e+19	9.91e-01	9.37e-03	1.07e-15
 8.45820e+19	9.91e-01	9.32e-03	1.10e-15
 8.45949e+19	9.91e-01	9.27e-03	1.13e-15
 8.46074e+19	9.91e-01	9.23e-03	1.16e-15
 8.46199e+19	9.91e-01	9.20e-03	1.19e-15
 8.46324e+19	9.91e-01	9.16e-03	1.22e-15
 8.46449e+19	9.91e-01	9.14e-03	1.26e-15
 8.46571e+19	9.91e-01	9.11e-03	1.30e-15
 8.46693e+19	9.91e-01	9.10e-03	1.34e-15
 8.46813e+19	9.91e-01	9.07e-03	1.38e-15
 8.46932e+19	9.91e-01	9.07e-03	1.43e-15
 8.47050e+19	9.91e-01	9.06e-03	1.48e-15
 8.47165e+19	9.91e-01	9.05e-03	1.53e-15
 8.47280e+19	9.91e-01	9.04e-03	1.58e-15
 8.47395e+19	9.91e-01	9.04e-03	1.63e-15
 8.47507e+19	9.91e-01	9.04e-03	1.68e-15
 8.47619e+19	9.91e-01	9.04e-03	1.74e-15
 8.47729e+19	9.91e-01	9.04e-03	1.80e-15
 8.47838e+19	9.91e-01	9.05e-03	1.86e-15
 8.47946e+19	9.91e-01	9.05e-03	1.92e-15
 8.48054e+19	9.91e-01	9.06e-03	1.98e-15
 8.48160e+19	9.91e-01	9.07e-03	2.05e-15
 8.48266e+19	9.91e-01	9.08e-03	2.12e-15
 8.48371e+19	9.91e-01	9.09e-03	2.19e-15
 8.48475e+19	9.91e-01	9.10e-03	2.26e-15
 8.48579e+19	9.91e-01	9.11e-03	2.33e-15
 8.48682e+19	9.91e-01	9.12e-03	2.41e-15
 8.48785e+19	9.91e-01	9.13e-03	2.49e-15
 8.48887e+19	9.91e-01	9.14e-03	2.57e-15
 8.48989e+19	9.91e-01	9.16e-03	2.66e-15
 8.49090e+19	9.91e-01	9.17e-03	2.74e-15
 8.49191e+19	9.91e-01	9.19e-03	2.83e-15
 8.49291e+19	9.91e-01	9.20e-03	2.93e-15
 8.49391e+19	9.91e-01	9.21e-03	3.02e-15
 8.49491e+19	9.91e-01	9.22e-03	3.12e-15
 8.49590e+19	9.91e-01	9.24e-03	3.21e-15
 8.49689e+19	9.91e-01	9.25e-03	3.32e-15
 8.49788e+19	9.91e-01	9.26e-03	3.42e-15
 8.49886e+19	9.91e-01	9.27e-03	3.53e-15
 8.49983e+19	9.91e-01	9.28e-03	3.64e-15
 8.50080e+19	9.91e-01	9.29e-03	3.75e-15
 8.50177e+19	9.91e-01	9.30e-03	3.86e-15
 8.50274e+19	9.91e-01	9.31e-03	3.98e-15
 8.50371e+19	9.91e-01	9.32e-03	4.10e-15
 8.50467e+19	9.91e-01	9.33e-03	4.22e-15
 8.50563e+19	9.91e-01	9.33e-03	4.34e-15
 8.50658e+19	9.91e-01	9.34e-03	4.46e-15
 8.50754e+19	9.91e-01	9.34e-03	4.59e-15
 8.50848e+19	9.91e-01	9.34e-03	4.71e-15
 8.50943e+19	9.91e-01	9.35e-03	4.84e-15
 8.51037e+19	9.91e-01	9.35e-03	4.97e-15
 8.51130e+19	9.91e-01	9.34e-03	5.10e-15
 8.51223e+19	9.91e-01	9.34e-03	5.22e-15
 8.51316e+19	9.91e-01	9.34e-03	5.35e-15
 8.51408e+19	9.91e-01	9.33e-03	5.48e-15
 8.51499e+19	9.91e-01	9.32e-03	5.61e-15
 8.51589e+19	9.91e-01	9.31e-03	5.73e-15
 8.51679e+19	9.91e-01	9.30e-03	5.85e-15
 8.51768e+19	9.91e-01	9.29e-03	5.97e-15
 8.51855e+19	9.91e-01	9.27e-03	6.09e-15
 8.51942e+19	9.91e-01	9.26e-03	6.20e-15
 8.52027e+19	9.91e-01	9.24e-03	6.30e-15
 8.52110e+19	9.91e-01	9.22e-03	6.40e-15
 8.52192e+19	9.91e-01	9.19e-03	6.48e-15
 8.52269e+19	9.91e-01	9.16e-03	6.56e-15
 8.52339e+19	9.91e-01	9.14e-03	6.62e-15
 8.52403e+19	9.91e-01	9.11e-03	6.67e-15
 8.52461e+19	9.91e-01	9.08e-03	6.71e-15
 8.52516e+19	9.91e-01	9.06e-03	6.75e-15
 8.52568e+19	9.91e-01	9.03e-03	6.77e-15
 8.52616e+19	9.91e-01	9.00e-03	6.80e-15
 8.52659e+19	9.91e-01	8.98e-03	6.82e-15
 8.52699e+19	9.91e-01	8.95e-03	6.82e-15
 8.52735e+19	9.91e-01	8.92e-03	6.83e-15
 8.52767e+19	9.91e-01	8.89e-03	6.83e-15
 8.52797e+19	9.91e-01	8.87e-03	6.83e-15
 8.52824e+19	9.91e-01	8.84e-03	6.81e-15
 8.52849e+19	9.91e-01	8.83e-03	6.83e-15
 8.52876e+19	9.91e-01	8.80e-03	6.82e-15
 8.52906e+19	9.91e-01	8.77e-03	6.80e-15
 8.52932e+19	9.91e-01	8.74e-03	6.80e-15
 8.52956e+19	9.91e-01	8.72e-03	6.79e-15
 8.52978e+19	9.91e-01	8.70e-03	6.79e-15
 8.53003e+19	9.91e-01	8.67e-03	6.77e-15
 8.53029e+19	9.91e-01	8.65e-03	6.77e-15
 8.53052e+19	9.91e-01	8.63e-03	6.76e-15
 8.53074e+19	9.91e-01	8.60e-03	6.75e-15
 8.53098e+19	9.91e-01	8.59e-03	6.76e-15
 8.53128e+19	9.91e-01	8.55e-03	6.75e-15
 8.53162e+19	9.91e-01	8.52e-03	6.74e-15
 8.53192e+19	9.92e-01	8.50e-03	6.75e-15
 8.53225e+19	9.92e-01	8.46e-03	6.74e-15
 8.53261e+19	9.92e-01	8.43e-03	6.73e-15
 8.53293e+19	9.92e-01	8.40e-03	6.74e-15
 8.53323e+19	9.92e-01	8.38e-03	6.74e-15
 8.53350e+19	9.92e-01	8.35e-03	6.73e-15
 8.53379e+19	9.92e-01	8.32e-03	6.72e-15
 8.53411e+19	9.92e-01	8.28e-03	6.71e-15
 8.53440e+19	9.92e-01	8.26e-03	6.71e-15
 8.53466e+19	9.92e-01	8.23e-03	6.70e-15
 8.53495e+19	9.92e-01	8.19e-03	6.68e-15
 8.53526e+19	9.92e-01	8.16e-03	6.67e-15
 8.53555e+19	9.92e-01	8.13e-03	6.67e-15
 8.53581e+19	9.92e-01	8.10e-03	6.65e-15
 8.53609e+19	9.92e-01	8.07e-03	6.64e-15
 8.53640e+19	9.92e-01	8.03e-03	6.62e-15
 8.53667e+19	9.92e-01	8.01e-03	6.62e-15
 8.53698e+19	9.92e-01	7.97e-03	6.60e-15
 8.53731e+19	9.92e-01	7.93e-03	6.58e-15
 8.53761e+19	9.92e-01	7.90e-03	6.57e-15
 8.53788e+19	9.92e-01	7.87e-03	6.56e-15
 8.53818e+19	9.92e-01	7.84e-03	6.55e-15
 8.53850e+19	9.92e-01	7.80e-03	6.54e-15
 8.53879e+19	9.92e-01	7.77e-03	6.52e-15
 8.53912e+19	9.92e-01	7.73e-03	6.51e-15
 8.53946e+19	9.92e-01	7.69e-03	6.48e-15
 8.53978e+19	9.92e-01	7.65e-03	6.48e-15
 8.54007e+19	9.92e-01	7.63e-03	6.47e-15
 8.54038e+19	9.92e-01	7.63e-03	6.52e-15
 8.54079e+19	9.92e-01	7.64e-03	6.61e-15
 8.54132e+19	9.92e-01	7.64e-03	6.70e-15
 8.54202e+19	9.92e-01	7.64e-03	6.81e-15
 8.54292e+19	9.92e-01	7.63e-03	6.97e-15
 8.54408e+19	9.92e-01	7.63e-03	7.16e-15
 8.54549e+19	9.92e-01	7.62e-03	7.40e-15
 8.54694e+19	9.92e-01	7.61e-03	7.64e-15
 8.54832e+19	9.92e-01	7.60e-03	7.87e-15
 8.54968e+19	9.92e-01	7.57e-03	8.08e-15
 8.55109e+19	9.92e-01	7.55e-03	8.30e-15
 8.55255e+19	9.92e-01	7.51e-03	8.52e-15
 8.55404e+19	9.93e-01	7.47e-03	8.74e-15
 8.55554e+19	9.93e-01	7.43e-03	8.95e-15
 8.55707e+19	9.93e-01	7.38e-03	9.15e-15
 8.55864e+19	9.93e-01	7.32e-03	9.34e-15
 8.56024e+19	9.93e-01	7.25e-03	9.53e-15
 8.56188e+19	9.93e-01	7.18e-03	9.71e-15
 8.56356e+19	9.93e-01	7.10e-03	9.88e-15
 8.56527e+19	9.93e-01	7.02e-03	1.00e-14
 8.56703e+19	9.93e-01	6.92e-03	1.02e-14
 8.56883e+19	9.93e-01	6.82e-03	1.03e-14
 8.57068e+19	9.93e-01	6.71e-03	1.04e-14
 8.57258e+19	9.93e-01	6.60e-03	1.05e-14
 8.57453e+19	9.94e-01	6.48e-03	1.06e-14
 8.57654e+19	9.94e-01	6.35e-03	1.06e-14
 8.57860e+19	9.94e-01	6.21e-03	1.07e-14
 8.58073e+19	9.94e-01	6.07e-03	1.07e-14
 8.58291e+19	9.94e-01	5.92e-03	1.07e-14
 8.58516e+19	9.94e-01	5.76e-03	1.06e-14
 8.58748e+19	9.94e-01	5.60e-03	1.06e-14
 8.58986e+19	9.95e-01	5.43e-03	1.05e-14
 8.59231e+19	9.95e-01	5.26e-03	1.04e-14
 8.59483e+19	9.95e-01	5.09e-03	1.03e-14
 8.59742e+19	9.95e-01	4.92e-03	1.02e-14
 8.60007e+19	9.95e-01	4.74e-03	1.00e-14
 8.60278e+19	9.95e-01	4.56e-03	9.83e-15
 8.60559e+19	9.96e-01	4.38e-03	9.63e-15
 8.60848e+19	9.96e-01	4.20e-03	9.43e-15
 8.61141e+19	9.96e-01	4.02e-03	9.19e-15
 8.61440e+19	9.96e-01	3.84e-03	8.96e-15
 8.61747e+19	9.96e-01	3.66e-03	8.71e-15
 8.62056e+19	9.97e-01	3.49e-03	8.46e-15
 8.62371e+19	9.97e-01	3.33e-03	8.20e-15
 8.62692e+19	9.97e-01	3.16e-03	7.92e-15
 8.63023e+19	9.97e-01	3.00e-03	7.64e-15
 8.63362e+19	9.97e-01	2.84e-03	7.36e-15
 8.63702e+19	9.97e-01	2.69e-03	7.08e-15
 8.64039e+19	9.97e-01	2.55e-03	6.81e-15
 8.64381e+19	9.98e-01	2.41e-03	6.53e-15
 8.64736e+19	9.98e-01	2.27e-03	6.24e-15
 8.65099e+19	9.98e-01	2.14e-03	5.97e-15
 8.65460e+19	9.98e-01	2.01e-03	5.70e-15
 8.65818e+19	9.98e-01	1.90e-03	5.44e-15
 8.66181e+19	9.98e-01	1.79e-03	5.18e-15
 8.66550e+19	9.98e-01	1.68e-03	4.92e-15
 8.66926e+19	9.98e-01	1.57e-03	4.67e-15
 8.67307e+19	9.99e-01	1.47e-03	4.43e-15
 8.67685e+19	9.99e-01	1.38e-03	4.20e-15
 8.68060e+19	9.99e-01	1.30e-03	3.98e-15
