#depth	He	He+	He+2
 1.50000e+16	7.45e-08	4.63e-02	9.54e-01
 8.99999e+16	8.23e-08	4.86e-02	9.51e-01
 2.13000e+17	9.66e-08	5.25e-02	9.47e-01
 3.41520e+17	1.13e-07	5.67e-02	9.43e-01
 4.75181e+17	1.33e-07	6.12e-02	9.39e-01
 6.14188e+17	1.55e-07	6.59e-02	9.34e-01
 7.58755e+17	1.82e-07	7.11e-02	9.29e-01
 9.09105e+17	2.13e-07	7.66e-02	9.23e-01
 1.06547e+18	2.49e-07	8.25e-02	9.17e-01
 1.22809e+18	2.91e-07	8.89e-02	9.11e-01
 1.39721e+18	3.40e-07	9.56e-02	9.04e-01
 1.57310e+18	3.97e-07	1.03e-01	8.97e-01
 1.75602e+18	4.64e-07	1.11e-01	8.89e-01
 1.94626e+18	5.41e-07	1.19e-01	8.81e-01
 2.14412e+18	6.31e-07	1.28e-01	8.72e-01
 2.34988e+18	7.35e-07	1.37e-01	8.63e-01
 2.56387e+18	8.57e-07	1.47e-01	8.53e-01
 2.78643e+18	9.96e-07	1.57e-01	8.43e-01
 3.01789e+18	1.16e-06	1.68e-01	8.32e-01
 3.25860e+18	1.35e-06	1.80e-01	8.20e-01
 3.50895e+18	1.56e-06	1.92e-01	8.08e-01
 3.76930e+18	1.81e-06	2.05e-01	7.95e-01
 4.04008e+18	2.10e-06	2.19e-01	7.81e-01
 4.32168e+18	2.43e-06	2.34e-01	7.66e-01
 4.61455e+18	2.81e-06	2.49e-01	7.51e-01
 4.91913e+18	3.25e-06	2.65e-01	7.35e-01
 5.23589e+18	3.75e-06	2.82e-01	7.18e-01
 5.56533e+18	4.33e-06	2.99e-01	7.01e-01
 5.90794e+18	4.99e-06	3.18e-01	6.82e-01
 6.26426e+18	5.74e-06	3.36e-01	6.64e-01
 6.63483e+18	6.60e-06	3.56e-01	6.44e-01
 7.02022e+18	7.58e-06	3.77e-01	6.23e-01
 7.42103e+18	8.70e-06	3.98e-01	6.02e-01
 7.83787e+18	9.96e-06	4.20e-01	5.80e-01
 8.27139e+18	1.14e-05	4.44e-01	5.56e-01
 8.72224e+18	1.30e-05	4.67e-01	5.33e-01
 9.19113e+18	1.49e-05	4.91e-01	5.09e-01
 9.67878e+18	1.70e-05	5.16e-01	4.84e-01
 1.01859e+19	1.93e-05	5.42e-01	4.58e-01
 1.07134e+19	2.19e-05	5.68e-01	4.32e-01
 1.12619e+19	2.49e-05	5.95e-01	4.05e-01
 1.18324e+19	2.82e-05	6.21e-01	3.79e-01
 1.24257e+19	3.19e-05	6.49e-01	3.51e-01
 1.30427e+19	3.61e-05	6.76e-01	3.24e-01
 1.36844e+19	4.07e-05	7.03e-01	2.97e-01
 1.43518e+19	4.57e-05	7.30e-01	2.70e-01
 1.50459e+19	5.14e-05	7.56e-01	2.44e-01
 1.57677e+19	5.75e-05	7.81e-01	2.19e-01
 1.65184e+19	6.43e-05	8.06e-01	1.94e-01
 1.72991e+19	7.16e-05	8.29e-01	1.71e-01
 1.81111e+19	7.97e-05	8.51e-01	1.49e-01
 1.89555e+19	8.84e-05	8.71e-01	1.29e-01
 1.98338e+19	9.78e-05	8.89e-01	1.11e-01
 2.07471e+19	1.08e-04	9.06e-01	9.38e-02
 2.16970e+19	1.19e-04	9.21e-01	7.88e-02
 2.26849e+19	1.31e-04	9.34e-01	6.56e-02
 2.37123e+19	1.43e-04	9.46e-01	5.41e-02
 2.47808e+19	1.57e-04	9.56e-01	4.42e-02
 2.58920e+19	1.72e-04	9.64e-01	3.58e-02
 2.70477e+19	1.88e-04	9.71e-01	2.88e-02
 2.82496e+19	2.04e-04	9.77e-01	2.29e-02
 2.94996e+19	2.23e-04	9.82e-01	1.81e-02
 3.07995e+19	2.42e-04	9.86e-01	1.42e-02
 3.21515e+19	2.64e-04	9.89e-01	1.11e-02
 3.35576e+19	2.87e-04	9.91e-01	8.53e-03
 3.50199e+19	3.11e-04	9.93e-01	6.54e-03
 3.65407e+19	3.38e-04	9.95e-01	4.97e-03
 3.81223e+19	3.67e-04	9.96e-01	3.76e-03
 3.97672e+19	3.98e-04	9.97e-01	2.82e-03
 4.14779e+19	4.32e-04	9.97e-01	2.10e-03
 4.32570e+19	4.69e-04	9.98e-01	1.55e-03
 4.51073e+19	5.09e-04	9.98e-01	1.13e-03
 4.70316e+19	5.52e-04	9.99e-01	8.26e-04
 4.90328e+19	5.98e-04	9.99e-01	5.97e-04
 5.11142e+19	6.49e-04	9.99e-01	4.29e-04
 5.32787e+19	7.04e-04	9.99e-01	3.05e-04
 5.55299e+19	7.64e-04	9.99e-01	2.16e-04
 5.78711e+19	8.29e-04	9.99e-01	1.52e-04
 6.03059e+19	8.99e-04	9.99e-01	1.06e-04
 6.28381e+19	9.75e-04	9.99e-01	7.35e-05
 6.54717e+19	1.06e-03	9.99e-01	5.07e-05
 6.82105e+19	1.15e-03	9.99e-01	3.47e-05
 7.10590e+19	1.25e-03	9.99e-01	2.36e-05
 7.40213e+19	1.35e-03	9.99e-01	1.60e-05
 7.71022e+19	1.47e-03	9.99e-01	1.08e-05
 8.03063e+19	1.60e-03	9.98e-01	7.23e-06
 8.36385e+19	1.74e-03	9.98e-01	4.83e-06
 8.71041e+19	1.89e-03	9.98e-01	3.21e-06
 9.07082e+19	2.05e-03	9.98e-01	2.13e-06
 9.44565e+19	2.24e-03	9.98e-01	1.41e-06
 9.83548e+19	2.43e-03	9.98e-01	9.25e-07
 1.02409e+20	2.65e-03	9.97e-01	6.08e-07
 1.06625e+20	2.89e-03	9.97e-01	3.98e-07
 1.11010e+20	3.15e-03	9.97e-01	2.60e-07
 1.15571e+20	3.45e-03	9.97e-01	1.69e-07
 1.20314e+20	3.77e-03	9.96e-01	1.10e-07
 1.25246e+20	4.12e-03	9.96e-01	7.15e-08
 1.30376e+20	4.52e-03	9.95e-01	4.63e-08
 1.35711e+20	4.96e-03	9.95e-01	2.99e-08
 1.41259e+20	5.46e-03	9.95e-01	1.93e-08
 1.47030e+20	6.02e-03	9.94e-01	1.24e-08
 1.53031e+20	6.66e-03	9.93e-01	7.96e-09
 1.59272e+20	7.40e-03	9.93e-01	5.10e-09
 1.65624e+20	8.22e-03	9.92e-01	3.30e-09
 1.72229e+20	9.19e-03	9.91e-01	2.12e-09
 1.78670e+20	1.02e-02	9.90e-01	1.41e-09
 1.84461e+20	1.13e-02	9.89e-01	9.81e-10
 1.89566e+20	1.24e-02	9.88e-01	7.22e-10
 1.94105e+20	1.34e-02	9.87e-01	5.52e-10
 1.99207e+20	1.48e-02	9.85e-01	4.06e-10
 2.04759e+20	1.65e-02	9.84e-01	2.96e-10
 2.09909e+20	1.83e-02	9.82e-01	2.23e-10
 2.14868e+20	2.03e-02	9.80e-01	1.70e-10
 2.19632e+20	2.26e-02	9.77e-01	1.32e-10
 2.24092e+20	2.52e-02	9.75e-01	1.04e-10
 2.28425e+20	2.82e-02	9.72e-01	8.32e-11
 2.33393e+20	3.23e-02	9.68e-01	6.39e-11
 2.38820e+20	3.81e-02	9.62e-01	4.87e-11
 2.43642e+20	4.49e-02	9.55e-01	3.84e-11
 2.47883e+20	5.28e-02	9.47e-01	3.12e-11
 2.51667e+20	6.20e-02	9.38e-01	2.60e-11
 2.54903e+20	7.24e-02	9.28e-01	2.20e-11
 2.57730e+20	8.42e-02	9.16e-01	1.92e-11
 2.60297e+20	9.81e-02	9.02e-01	1.67e-11
 2.62722e+20	1.15e-01	8.85e-01	1.47e-11
 2.65038e+20	1.37e-01	8.63e-01	1.29e-11
 2.67161e+20	1.63e-01	8.37e-01	1.13e-11
 2.69042e+20	1.94e-01	8.06e-01	9.96e-12
 2.70718e+20	2.30e-01	7.70e-01	8.74e-12
 2.72243e+20	2.74e-01	7.26e-01	7.66e-12
 2.73638e+20	3.25e-01	6.75e-01	6.63e-12
 2.74903e+20	3.84e-01	6.16e-01	5.67e-12
 2.76067e+20	4.48e-01	5.52e-01	4.75e-12
 2.77169e+20	5.20e-01	4.80e-01	3.89e-12
 2.78233e+20	5.97e-01	4.03e-01	3.07e-12
 2.79275e+20	6.74e-01	3.26e-01	2.34e-12
 2.80464e+20	7.60e-01	2.40e-01	1.61e-12
 2.81731e+20	8.37e-01	1.63e-01	1.03e-12
 2.82821e+20	8.88e-01	1.12e-01	6.71e-13
 2.83793e+20	9.21e-01	7.86e-02	4.52e-13
 2.84668e+20	9.43e-01	5.66e-02	3.16e-13
 2.85397e+20	9.57e-01	4.30e-02	2.36e-13
 2.86021e+20	9.66e-01	3.40e-02	1.84e-13
 2.86597e+20	9.73e-01	2.73e-02	1.47e-13
 2.87154e+20	9.78e-01	2.22e-02	1.20e-13
 2.87685e+20	9.82e-01	1.82e-02	9.92e-14
 2.88025e+20	9.84e-01	1.64e-02	9.07e-14
 2.88142e+20	9.84e-01	1.58e-02	8.80e-14
 2.88215e+20	9.85e-01	1.54e-02	8.60e-14
 2.88302e+20	9.85e-01	1.49e-02	8.38e-14
 2.88414e+20	9.86e-01	1.43e-02	8.08e-14
 2.88545e+20	9.86e-01	1.37e-02	7.79e-14
 2.88676e+20	9.87e-01	1.31e-02	7.54e-14
 2.88798e+20	9.87e-01	1.26e-02	7.33e-14
 2.88914e+20	9.88e-01	1.21e-02	7.14e-14
 2.89028e+20	9.88e-01	1.17e-02	6.98e-14
 2.89142e+20	9.89e-01	1.13e-02	6.82e-14
 2.89254e+20	9.89e-01	1.09e-02	6.69e-14
 2.89363e+20	9.89e-01	1.06e-02	6.58e-14
 2.89470e+20	9.90e-01	1.03e-02	6.49e-14
 2.89578e+20	9.90e-01	9.96e-03	6.41e-14
 2.89684e+20	9.90e-01	9.68e-03	6.33e-14
 2.89787e+20	9.91e-01	9.43e-03	6.29e-14
 2.89888e+20	9.91e-01	9.19e-03	6.26e-14
 2.89991e+20	9.91e-01	8.97e-03	6.25e-14
 2.90094e+20	9.91e-01	8.75e-03	6.23e-14
 2.90195e+20	9.91e-01	8.57e-03	6.26e-14
 2.90295e+20	9.92e-01	8.38e-03	6.27e-14
 2.90386e+20	9.92e-01	8.25e-03	6.33e-14
 2.90460e+20	9.92e-01	8.15e-03	6.39e-14
 2.90531e+20	9.92e-01	8.05e-03	6.44e-14
 2.90606e+20	9.92e-01	7.94e-03	6.50e-14
 2.90683e+20	9.92e-01	7.83e-03	6.56e-14
 2.90759e+20	9.92e-01	7.75e-03	6.65e-14
 2.90832e+20	9.92e-01	7.67e-03	6.75e-14
 2.90905e+20	9.92e-01	7.59e-03	6.84e-14
 2.90977e+20	9.92e-01	7.53e-03	6.97e-14
 2.91049e+20	9.93e-01	7.46e-03	7.07e-14
 2.91121e+20	9.93e-01	7.41e-03	7.23e-14
 2.91192e+20	9.93e-01	7.35e-03	7.37e-14
 2.91263e+20	9.93e-01	7.30e-03	7.51e-14
 2.91332e+20	9.93e-01	7.26e-03	7.68e-14
 2.91401e+20	9.93e-01	7.22e-03	7.86e-14
 2.91470e+20	9.93e-01	7.18e-03	8.04e-14
 2.91539e+20	9.93e-01	7.15e-03	8.26e-14
 2.91607e+20	9.93e-01	7.12e-03	8.45e-14
 2.91675e+20	9.93e-01	7.10e-03	8.70e-14
 2.91742e+20	9.93e-01	7.08e-03	8.93e-14
 2.91809e+20	9.93e-01	7.05e-03	9.17e-14
 2.91875e+20	9.93e-01	7.04e-03	9.43e-14
 2.91941e+20	9.93e-01	7.02e-03	9.70e-14
 2.92006e+20	9.93e-01	7.01e-03	9.99e-14
 2.92070e+20	9.93e-01	7.00e-03	1.03e-13
 2.92133e+20	9.93e-01	7.00e-03	1.06e-13
 2.92195e+20	9.93e-01	6.99e-03	1.09e-13
 2.92257e+20	9.93e-01	6.99e-03	1.12e-13
 2.92318e+20	9.93e-01	6.98e-03	1.16e-13
 2.92378e+20	9.93e-01	6.98e-03	1.19e-13
 2.92438e+20	9.93e-01	6.98e-03	1.23e-13
 2.92497e+20	9.93e-01	6.98e-03	1.26e-13
 2.92556e+20	9.93e-01	6.98e-03	1.30e-13
 2.92614e+20	9.93e-01	6.99e-03	1.34e-13
 2.92672e+20	9.93e-01	6.99e-03	1.38e-13
 2.92730e+20	9.93e-01	7.00e-03	1.43e-13
 2.92787e+20	9.93e-01	7.00e-03	1.47e-13
 2.92844e+20	9.93e-01	7.01e-03	1.51e-13
 2.92900e+20	9.93e-01	7.02e-03	1.56e-13
 2.92956e+20	9.93e-01	7.02e-03	1.60e-13
 2.93012e+20	9.93e-01	7.03e-03	1.65e-13
 2.93068e+20	9.93e-01	7.04e-03	1.70e-13
 2.93123e+20	9.93e-01	7.05e-03	1.75e-13
 2.93178e+20	9.93e-01	7.06e-03	1.81e-13
 2.93233e+20	9.93e-01	7.07e-03	1.86e-13
 2.93288e+20	9.93e-01	7.07e-03	1.91e-13
 2.93342e+20	9.93e-01	7.08e-03	1.97e-13
 2.93397e+20	9.93e-01	7.09e-03	2.03e-13
 2.93450e+20	9.93e-01	7.10e-03	2.09e-13
 2.93504e+20	9.93e-01	7.11e-03	2.15e-13
 2.93558e+20	9.93e-01	7.12e-03	2.21e-13
 2.93611e+20	9.93e-01	7.13e-03	2.28e-13
 2.93665e+20	9.93e-01	7.13e-03	2.34e-13
 2.93718e+20	9.93e-01	7.14e-03	2.41e-13
 2.93771e+20	9.93e-01	7.15e-03	2.47e-13
 2.93824e+20	9.93e-01	7.15e-03	2.54e-13
 2.93877e+20	9.93e-01	7.16e-03	2.61e-13
 2.93929e+20	9.93e-01	7.16e-03	2.68e-13
 2.93981e+20	9.93e-01	7.17e-03	2.75e-13
 2.94033e+20	9.93e-01	7.17e-03	2.82e-13
 2.94085e+20	9.93e-01	7.17e-03	2.89e-13
 2.94137e+20	9.93e-01	7.18e-03	2.97e-13
 2.94188e+20	9.93e-01	7.18e-03	3.04e-13
 2.94239e+20	9.93e-01	7.18e-03	3.11e-13
 2.94290e+20	9.93e-01	7.18e-03	3.18e-13
 2.94340e+20	9.93e-01	7.17e-03	3.26e-13
 2.94390e+20	9.93e-01	7.17e-03	3.33e-13
 2.94440e+20	9.93e-01	7.16e-03	3.40e-13
 2.94489e+20	9.93e-01	7.16e-03	3.47e-13
 2.94538e+20	9.93e-01	7.15e-03	3.53e-13
 2.94586e+20	9.93e-01	7.14e-03	3.60e-13
 2.94633e+20	9.93e-01	7.13e-03	3.66e-13
 2.94679e+20	9.93e-01	7.12e-03	3.72e-13
 2.94725e+20	9.93e-01	7.11e-03	3.77e-13
 2.94770e+20	9.93e-01	7.09e-03	3.82e-13
 2.94812e+20	9.93e-01	7.06e-03	3.85e-13
 2.94851e+20	9.93e-01	7.05e-03	3.90e-13
 2.94885e+20	9.93e-01	7.03e-03	3.92e-13
 2.94917e+20	9.93e-01	7.01e-03	3.94e-13
 2.94946e+20	9.93e-01	6.99e-03	3.96e-13
 2.94973e+20	9.93e-01	6.97e-03	3.97e-13
 2.94998e+20	9.93e-01	6.95e-03	3.97e-13
 2.95020e+20	9.93e-01	6.93e-03	3.98e-13
 2.95040e+20	9.93e-01	6.91e-03	3.98e-13
 2.95059e+20	9.93e-01	6.88e-03	3.97e-13
 2.95076e+20	9.93e-01	6.86e-03	3.97e-13
 2.95091e+20	9.93e-01	6.85e-03	3.97e-13
 2.95105e+20	9.93e-01	6.83e-03	3.97e-13
 2.95118e+20	9.93e-01	6.82e-03	3.96e-13
 2.95132e+20	9.93e-01	6.79e-03	3.96e-13
 2.95147e+20	9.93e-01	6.78e-03	3.95e-13
 2.95161e+20	9.93e-01	6.75e-03	3.94e-13
 2.95173e+20	9.93e-01	6.74e-03	3.94e-13
 2.95185e+20	9.93e-01	6.72e-03	3.93e-13
 2.95197e+20	9.93e-01	6.70e-03	3.92e-13
 2.95210e+20	9.93e-01	6.68e-03	3.91e-13
 2.95223e+20	9.93e-01	6.67e-03	3.91e-13
 2.95236e+20	9.93e-01	6.65e-03	3.91e-13
 2.95254e+20	9.93e-01	6.62e-03	3.90e-13
 2.95272e+20	9.93e-01	6.60e-03	3.90e-13
 2.95289e+20	9.93e-01	6.58e-03	3.89e-13
 2.95305e+20	9.93e-01	6.56e-03	3.89e-13
 2.95319e+20	9.93e-01	6.54e-03	3.89e-13
 2.95335e+20	9.93e-01	6.52e-03	3.89e-13
 2.95351e+20	9.94e-01	6.49e-03	3.88e-13
 2.95367e+20	9.94e-01	6.48e-03	3.88e-13
 2.95381e+20	9.94e-01	6.46e-03	3.88e-13
 2.95396e+20	9.94e-01	6.44e-03	3.87e-13
 2.95412e+20	9.94e-01	6.41e-03	3.86e-13
 2.95427e+20	9.94e-01	6.40e-03	3.86e-13
 2.95441e+20	9.94e-01	6.37e-03	3.85e-13
 2.95456e+20	9.94e-01	6.35e-03	3.84e-13
 2.95472e+20	9.94e-01	6.33e-03	3.84e-13
 2.95486e+20	9.94e-01	6.31e-03	3.83e-13
 2.95500e+20	9.94e-01	6.29e-03	3.83e-13
 2.95514e+20	9.94e-01	6.26e-03	3.82e-13
 2.95530e+20	9.94e-01	6.23e-03	3.80e-13
 2.95544e+20	9.94e-01	6.22e-03	3.80e-13
 2.95560e+20	9.94e-01	6.19e-03	3.80e-13
 2.95577e+20	9.94e-01	6.16e-03	3.78e-13
 2.95592e+20	9.94e-01	6.14e-03	3.78e-13
 2.95606e+20	9.94e-01	6.12e-03	3.77e-13
 2.95619e+20	9.94e-01	6.10e-03	3.76e-13
 2.95633e+20	9.94e-01	6.07e-03	3.75e-13
 2.95648e+20	9.94e-01	6.05e-03	3.74e-13
 2.95662e+20	9.94e-01	6.03e-03	3.74e-13
 2.95677e+20	9.94e-01	6.00e-03	3.73e-13
 2.95693e+20	9.94e-01	5.98e-03	3.72e-13
 2.95708e+20	9.94e-01	5.94e-03	3.70e-13
 2.95725e+20	9.94e-01	5.95e-03	3.74e-13
 2.95746e+20	9.94e-01	5.97e-03	3.79e-13
 2.95773e+20	9.94e-01	5.98e-03	3.85e-13
 2.95809e+20	9.94e-01	5.99e-03	3.92e-13
 2.95855e+20	9.94e-01	6.00e-03	4.01e-13
 2.95915e+20	9.94e-01	6.01e-03	4.13e-13
 2.95987e+20	9.94e-01	6.02e-03	4.28e-13
 2.96060e+20	9.94e-01	6.03e-03	4.43e-13
 2.96130e+20	9.94e-01	6.04e-03	4.57e-13
 2.96199e+20	9.94e-01	6.04e-03	4.71e-13
 2.96269e+20	9.94e-01	6.04e-03	4.85e-13
 2.96342e+20	9.94e-01	6.04e-03	4.99e-13
 2.96416e+20	9.94e-01	6.03e-03	5.13e-13
 2.96490e+20	9.94e-01	6.02e-03	5.27e-13
 2.96565e+20	9.94e-01	6.01e-03	5.41e-13
 2.96641e+20	9.94e-01	5.99e-03	5.55e-13
 2.96719e+20	9.94e-01	5.97e-03	5.69e-13
 2.96798e+20	9.94e-01	5.94e-03	5.82e-13
 2.96878e+20	9.94e-01	5.91e-03	5.95e-13
 2.96959e+20	9.94e-01	5.87e-03	6.08e-13
 2.97043e+20	9.94e-01	5.83e-03	6.20e-13
 2.97127e+20	9.94e-01	5.79e-03	6.32e-13
 2.97214e+20	9.94e-01	5.73e-03	6.42e-13
 2.97302e+20	9.94e-01	5.68e-03	6.53e-13
 2.97392e+20	9.94e-01	5.62e-03	6.62e-13
 2.97484e+20	9.94e-01	5.55e-03	6.71e-13
 2.97578e+20	9.95e-01	5.48e-03	6.79e-13
 2.97675e+20	9.95e-01	5.40e-03	6.85e-13
 2.97774e+20	9.95e-01	5.32e-03	6.91e-13
 2.97875e+20	9.95e-01	5.23e-03	6.96e-13
 2.97979e+20	9.95e-01	5.14e-03	6.99e-13
 2.98086e+20	9.95e-01	5.04e-03	7.01e-13
 2.98196e+20	9.95e-01	4.93e-03	7.01e-13
 2.98309e+20	9.95e-01	4.82e-03	7.01e-13
 2.98425e+20	9.95e-01	4.71e-03	6.98e-13
 2.98545e+20	9.95e-01	4.59e-03	6.95e-13
 2.98668e+20	9.96e-01	4.46e-03	6.90e-13
 2.98794e+20	9.96e-01	4.34e-03	6.83e-13
 2.98924e+20	9.96e-01	4.21e-03	6.75e-13
 2.99058e+20	9.96e-01	4.07e-03	6.65e-13
 2.99197e+20	9.96e-01	3.93e-03	6.54e-13
 2.99339e+20	9.96e-01	3.79e-03	6.42e-13
 2.99485e+20	9.96e-01	3.65e-03	6.29e-13
 2.99633e+20	9.96e-01	3.51e-03	6.15e-13
 2.99786e+20	9.97e-01	3.37e-03	5.99e-13
 2.99943e+20	9.97e-01	3.23e-03	5.83e-13
 3.00105e+20	9.97e-01	3.09e-03	5.65e-13
 3.00271e+20	9.97e-01	2.95e-03	5.47e-13
 3.00439e+20	9.97e-01	2.81e-03	5.29e-13
 3.00610e+20	9.97e-01	2.68e-03	5.10e-13
 3.00787e+20	9.97e-01	2.54e-03	4.90e-13
 3.00968e+20	9.98e-01	2.41e-03	4.71e-13
 3.01151e+20	9.98e-01	2.28e-03	4.51e-13
 3.01337e+20	9.98e-01	2.16e-03	4.31e-13
 3.01526e+20	9.98e-01	2.04e-03	4.12e-13
 3.01716e+20	9.98e-01	1.93e-03	3.92e-13
 3.01909e+20	9.98e-01	1.82e-03	3.73e-13
 3.02107e+20	9.98e-01	1.71e-03	3.55e-13
 3.02307e+20	9.98e-01	1.61e-03	3.36e-13
 3.02508e+20	9.98e-01	1.51e-03	3.18e-13
 3.02713e+20	9.99e-01	1.42e-03	3.01e-13
 3.02918e+20	9.99e-01	1.33e-03	2.84e-13
