#depth	He	He+	He+2
 1.13124e+13	1.60e-04	8.51e-01	1.49e-01
 6.78745e+13	1.60e-04	8.51e-01	1.49e-01
 2.94123e+14	1.60e-04	8.51e-01	1.49e-01
 1.19912e+15	1.61e-04	8.51e-01	1.48e-01
 2.86431e+15	1.61e-04	8.51e-01	1.49e-01
 5.02905e+15	1.61e-04	8.51e-01	1.49e-01
 7.84322e+15	1.61e-04	8.51e-01	1.48e-01
 1.15016e+16	1.62e-04	8.53e-01	1.47e-01
 1.62576e+16	1.63e-04	8.56e-01	1.44e-01
 2.24403e+16	1.65e-04	8.60e-01	1.40e-01
 3.04779e+16	1.67e-04	8.67e-01	1.33e-01
 4.09267e+16	1.70e-04	8.76e-01	1.23e-01
 5.45101e+16	1.74e-04	8.89e-01	1.11e-01
 7.21686e+16	1.80e-04	9.06e-01	9.40e-02
 9.51247e+16	1.86e-04	9.25e-01	7.44e-02
 1.24968e+17	1.94e-04	9.47e-01	5.32e-02
 1.63763e+17	2.04e-04	9.67e-01	3.32e-02
 2.14198e+17	2.14e-04	9.82e-01	1.74e-02
 2.79762e+17	2.26e-04	9.92e-01	7.42e-03
 3.64997e+17	2.40e-04	9.97e-01	2.47e-03
 4.33831e+17	2.50e-04	9.99e-01	9.81e-04
 4.77214e+17	2.57e-04	9.99e-01	5.73e-04
 5.24936e+17	2.65e-04	9.99e-01	3.22e-04
 5.77429e+17	2.73e-04	1.00e+00	1.74e-04
 6.35172e+17	2.83e-04	1.00e+00	9.09e-05
 6.98689e+17	2.94e-04	1.00e+00	4.58e-05
 7.68558e+17	3.07e-04	1.00e+00	2.24e-05
 8.45414e+17	3.21e-04	1.00e+00	1.06e-05
 9.29955e+17	3.37e-04	1.00e+00	4.93e-06
 1.02295e+18	3.55e-04	1.00e+00	2.24e-06
 1.12525e+18	3.75e-04	1.00e+00	9.92e-07
 1.23777e+18	3.99e-04	1.00e+00	4.31e-07
 1.36155e+18	4.26e-04	1.00e+00	1.83e-07
 1.49770e+18	4.58e-04	1.00e+00	7.62e-08
 1.64747e+18	4.94e-04	1.00e+00	3.10e-08
 1.81222e+18	5.37e-04	9.99e-01	1.23e-08
 1.99344e+18	5.87e-04	9.99e-01	4.78e-09
 2.19013e+18	6.45e-04	9.99e-01	1.83e-09
 2.39774e+18	7.11e-04	9.99e-01	7.13e-10
 2.61365e+18	7.85e-04	9.99e-01	2.84e-10
 2.83820e+18	8.69e-04	9.99e-01	1.16e-10
 3.07172e+18	9.64e-04	9.99e-01	4.82e-11
 3.31459e+18	1.07e-03	9.99e-01	2.05e-11
 3.56718e+18	1.20e-03	9.99e-01	9.00e-12
 3.82986e+18	1.34e-03	9.99e-01	4.09e-12
 4.10306e+18	1.51e-03	9.98e-01	1.96e-12
 4.38718e+18	1.72e-03	9.98e-01	1.01e-12
 4.67261e+18	1.95e-03	9.98e-01	5.77e-13
 4.91146e+18	2.17e-03	9.98e-01	3.92e-13
 5.09376e+18	2.36e-03	9.98e-01	3.08e-13
 5.28706e+18	2.59e-03	9.97e-01	2.46e-13
 5.53833e+18	2.94e-03	9.97e-01	1.91e-13
 5.78617e+18	3.32e-03	9.97e-01	1.50e-13
 5.97111e+18	3.66e-03	9.96e-01	1.31e-13
 6.12925e+18	4.00e-03	9.96e-01	1.17e-13
 6.31097e+18	4.45e-03	9.96e-01	1.04e-13
 6.50781e+18	5.02e-03	9.95e-01	9.01e-14
 6.67934e+18	5.61e-03	9.94e-01	8.04e-14
 6.82720e+18	6.21e-03	9.94e-01	7.34e-14
 6.98928e+18	7.03e-03	9.93e-01	6.70e-14
 7.15841e+18	8.05e-03	9.92e-01	5.91e-14
 7.28500e+18	8.99e-03	9.91e-01	5.40e-14
 7.37421e+18	9.79e-03	9.90e-01	5.14e-14
 7.46653e+18	1.08e-02	9.89e-01	4.88e-14
 7.58655e+18	1.23e-02	9.88e-01	4.50e-14
 7.70285e+18	1.42e-02	9.86e-01	4.04e-14
 7.78400e+18	1.59e-02	9.84e-01	3.80e-14
 7.84654e+18	1.74e-02	9.83e-01	3.64e-14
 7.91522e+18	1.95e-02	9.80e-01	3.46e-14
 7.99072e+18	2.23e-02	9.78e-01	3.20e-14
 8.05723e+18	2.55e-02	9.74e-01	2.97e-14
 8.11265e+18	2.89e-02	9.71e-01	2.81e-14
 8.16359e+18	3.29e-02	9.67e-01	2.64e-14
 8.21430e+18	3.78e-02	9.62e-01	2.48e-14
 8.26420e+18	4.42e-02	9.56e-01	2.30e-14
 8.31108e+18	5.24e-02	9.48e-01	2.11e-14
 8.35359e+18	6.23e-02	9.38e-01	1.94e-14
 8.39265e+18	7.50e-02	9.25e-01	1.77e-14
 8.42929e+18	9.16e-02	9.08e-01	1.60e-14
 8.45746e+18	1.09e-01	8.91e-01	1.42e-14
 8.47503e+18	1.23e-01	8.77e-01	1.33e-14
 8.49151e+18	1.40e-01	8.60e-01	1.25e-14
 8.50993e+18	1.64e-01	8.36e-01	1.11e-14
 8.52630e+18	1.90e-01	8.10e-01	9.89e-15
 8.53937e+18	2.17e-01	7.83e-01	8.91e-15
 8.55050e+18	2.45e-01	7.55e-01	8.01e-15
 8.56269e+18	2.82e-01	7.18e-01	7.06e-15
 8.57530e+18	3.28e-01	6.72e-01	5.86e-15
 8.58519e+18	3.72e-01	6.28e-01	4.96e-15
 8.59292e+18	4.13e-01	5.87e-01	4.31e-15
 8.60109e+18	4.61e-01	5.39e-01	3.65e-15
 8.60987e+18	5.17e-01	4.83e-01	2.88e-15
 8.61732e+18	5.69e-01	4.31e-01	2.30e-15
 8.62341e+18	6.13e-01	3.87e-01	1.88e-15
 8.62987e+18	6.61e-01	3.39e-01	1.50e-15
 8.63681e+18	7.10e-01	2.90e-01	1.12e-15
 8.64268e+18	7.49e-01	2.51e-01	8.62e-16
 8.64745e+18	7.79e-01	2.21e-01	6.98e-16
 8.65150e+18	8.02e-01	1.98e-01	5.77e-16
 8.65485e+18	8.19e-01	1.81e-01	4.91e-16
 8.65758e+18	8.32e-01	1.68e-01	4.32e-16
 8.65990e+18	8.42e-01	1.58e-01	3.88e-16
 8.66199e+18	8.51e-01	1.49e-01	3.51e-16
 8.66392e+18	8.58e-01	1.42e-01	3.21e-16
 8.66570e+18	8.64e-01	1.36e-01	2.95e-16
 8.66733e+18	8.69e-01	1.31e-01	2.74e-16
 8.66882e+18	8.74e-01	1.26e-01	2.55e-16
 8.67021e+18	8.78e-01	1.22e-01	2.40e-16
 8.67152e+18	8.81e-01	1.19e-01	2.27e-16
 8.67258e+18	8.84e-01	1.16e-01	2.16e-16
 8.67336e+18	8.85e-01	1.15e-01	2.11e-16
 8.67410e+18	8.87e-01	1.13e-01	2.04e-16
 8.67491e+18	8.89e-01	1.11e-01	1.97e-16
 8.67577e+18	8.91e-01	1.09e-01	1.90e-16
 8.67663e+18	8.93e-01	1.07e-01	1.84e-16
 8.67745e+18	8.94e-01	1.06e-01	1.78e-16
 8.67824e+18	8.96e-01	1.04e-01	1.72e-16
 8.67904e+18	8.97e-01	1.03e-01	1.67e-16
 8.67985e+18	8.98e-01	1.02e-01	1.62e-16
 8.68065e+18	8.99e-01	1.01e-01	1.58e-16
 8.68144e+18	9.01e-01	9.93e-02	1.53e-16
 8.68222e+18	9.02e-01	9.83e-02	1.49e-16
 8.68301e+18	9.03e-01	9.72e-02	1.45e-16
 8.68379e+18	9.04e-01	9.61e-02	1.42e-16
 8.68456e+18	9.05e-01	9.52e-02	1.38e-16
 8.68533e+18	9.06e-01	9.44e-02	1.35e-16
 8.68610e+18	9.07e-01	9.34e-02	1.32e-16
 8.68687e+18	9.07e-01	9.27e-02	1.29e-16
 8.68763e+18	9.08e-01	9.19e-02	1.26e-16
 8.68840e+18	9.09e-01	9.12e-02	1.23e-16
 8.68915e+18	9.10e-01	9.04e-02	1.21e-16
 8.68991e+18	9.10e-01	8.99e-02	1.19e-16
 8.69065e+18	9.11e-01	8.92e-02	1.16e-16
 8.69139e+18	9.11e-01	8.86e-02	1.14e-16
 8.69215e+18	9.12e-01	8.80e-02	1.12e-16
 8.69290e+18	9.13e-01	8.74e-02	1.10e-16
 8.69363e+18	9.13e-01	8.69e-02	1.09e-16
 8.69436e+18	9.14e-01	8.63e-02	1.07e-16
 8.69508e+18	9.14e-01	8.58e-02	1.06e-16
 8.69581e+18	9.15e-01	8.53e-02	1.04e-16
 8.69653e+18	9.15e-01	8.48e-02	1.03e-16
 8.69725e+18	9.16e-01	8.43e-02	1.02e-16
 8.69797e+18	9.16e-01	8.38e-02	1.00e-16
 8.69868e+18	9.17e-01	8.34e-02	9.95e-17
 8.69940e+18	9.17e-01	8.28e-02	9.84e-17
 8.70011e+18	9.18e-01	8.24e-02	9.76e-17
 8.70083e+18	9.18e-01	8.18e-02	9.66e-17
 8.70154e+18	9.19e-01	8.14e-02	9.59e-17
 8.70226e+18	9.19e-01	8.09e-02	9.51e-17
 8.70297e+18	9.20e-01	8.04e-02	9.44e-17
 8.70368e+18	9.20e-01	7.98e-02	9.37e-17
 8.70441e+18	9.21e-01	7.93e-02	9.32e-17
 8.70514e+18	9.21e-01	7.87e-02	9.25e-17
 8.70586e+18	9.22e-01	7.82e-02	9.21e-17
 8.70659e+18	9.22e-01	7.77e-02	9.16e-17
 8.70732e+18	9.23e-01	7.71e-02	9.12e-17
 8.70805e+18	9.24e-01	7.64e-02	9.07e-17
 8.70880e+18	9.24e-01	7.58e-02	9.04e-17
 8.70955e+18	9.25e-01	7.52e-02	8.99e-17
 8.71030e+18	9.25e-01	7.45e-02	8.97e-17
 8.71106e+18	9.26e-01	7.38e-02	8.93e-17
 8.71182e+18	9.27e-01	7.31e-02	8.91e-17
 8.71259e+18	9.28e-01	7.24e-02	8.87e-17
 8.71337e+18	9.28e-01	7.16e-02	8.86e-17
 8.71416e+18	9.29e-01	7.08e-02	8.82e-17
 8.71495e+18	9.30e-01	7.01e-02	8.81e-17
 8.71576e+18	9.31e-01	6.92e-02	8.77e-17
 8.71657e+18	9.32e-01	6.84e-02	8.75e-17
 8.71739e+18	9.33e-01	6.75e-02	8.72e-17
 8.71822e+18	9.33e-01	6.66e-02	8.70e-17
 8.71906e+18	9.34e-01	6.56e-02	8.67e-17
 8.71992e+18	9.35e-01	6.46e-02	8.63e-17
 8.72079e+18	9.36e-01	6.36e-02	8.59e-17
 8.72167e+18	9.37e-01	6.26e-02	8.55e-17
 8.72256e+18	9.38e-01	6.16e-02	8.51e-17
 8.72345e+18	9.40e-01	6.05e-02	8.47e-17
 8.72435e+18	9.41e-01	5.94e-02	8.42e-17
 8.72528e+18	9.42e-01	5.82e-02	8.36e-17
 8.72622e+18	9.43e-01	5.71e-02	8.30e-17
 8.72716e+18	9.44e-01	5.59e-02	8.24e-17
 8.72812e+18	9.45e-01	5.47e-02	8.17e-17
 8.72909e+18	9.46e-01	5.35e-02	8.09e-17
 8.73008e+18	9.48e-01	5.23e-02	8.01e-17
 8.73107e+18	9.49e-01	5.11e-02	7.93e-17
 8.73207e+18	9.50e-01	4.99e-02	7.84e-17
 8.73308e+18	9.51e-01	4.87e-02	7.75e-17
 8.73410e+18	9.53e-01	4.75e-02	7.65e-17
 8.73513e+18	9.54e-01	4.63e-02	7.54e-17
 8.73616e+18	9.55e-01	4.51e-02	7.43e-17
 8.73720e+18	9.56e-01	4.39e-02	7.31e-17
 8.73823e+18	9.57e-01	4.27e-02	7.19e-17
 8.73927e+18	9.58e-01	4.16e-02	7.07e-17
 8.74030e+18	9.60e-01	4.04e-02	6.94e-17
 8.74130e+18	9.61e-01	3.94e-02	6.81e-17
 8.74224e+18	9.62e-01	3.84e-02	6.69e-17
 8.74309e+18	9.63e-01	3.75e-02	6.57e-17
 8.74389e+18	9.63e-01	3.67e-02	6.46e-17
 8.74465e+18	9.64e-01	3.59e-02	6.34e-17
 8.74536e+18	9.65e-01	3.52e-02	6.23e-17
 8.74602e+18	9.65e-01	3.45e-02	6.13e-17
 8.74664e+18	9.66e-01	3.39e-02	6.03e-17
 8.74724e+18	9.67e-01	3.33e-02	5.92e-17
 8.74781e+18	9.67e-01	3.27e-02	5.82e-17
 8.74834e+18	9.68e-01	3.22e-02	5.73e-17
 8.74883e+18	9.68e-01	3.17e-02	5.64e-17
 8.74927e+18	9.69e-01	3.13e-02	5.56e-17
 8.74967e+18	9.69e-01	3.09e-02	5.49e-17
 8.75003e+18	9.69e-01	3.05e-02	5.43e-17
 8.75036e+18	9.70e-01	3.02e-02	5.36e-17
 8.75067e+18	9.70e-01	2.99e-02	5.30e-17
 8.75100e+18	9.70e-01	2.96e-02	5.24e-17
 8.75143e+18	9.71e-01	2.91e-02	5.15e-17
 8.75189e+18	9.71e-01	2.87e-02	5.07e-17
 8.75231e+18	9.72e-01	2.83e-02	5.00e-17
 8.75270e+18	9.72e-01	2.79e-02	4.92e-17
 8.75305e+18	9.72e-01	2.76e-02	4.85e-17
 8.75336e+18	9.73e-01	2.73e-02	4.80e-17
 8.75365e+18	9.73e-01	2.70e-02	4.75e-17
 8.75397e+18	9.73e-01	2.67e-02	4.69e-17
 8.75438e+18	9.74e-01	2.63e-02	4.62e-17
 8.75483e+18	9.74e-01	2.60e-02	4.55e-17
 8.75523e+18	9.74e-01	2.56e-02	4.49e-17
 8.75560e+18	9.75e-01	2.53e-02	4.44e-17
 8.75594e+18	9.75e-01	2.50e-02	4.38e-17
 8.75631e+18	9.75e-01	2.47e-02	4.33e-17
 8.75670e+18	9.76e-01	2.43e-02	4.26e-17
 8.75706e+18	9.76e-01	2.40e-02	4.21e-17
 8.75739e+18	9.76e-01	2.38e-02	4.16e-17
 8.75775e+18	9.77e-01	2.35e-02	4.11e-17
 8.75814e+18	9.77e-01	2.31e-02	4.05e-17
 8.75850e+18	9.77e-01	2.29e-02	4.00e-17
 8.75888e+18	9.77e-01	2.25e-02	3.94e-17
 8.75930e+18	9.78e-01	2.22e-02	3.87e-17
 8.75968e+18	9.78e-01	2.19e-02	3.83e-17
 8.76003e+18	9.78e-01	2.16e-02	3.78e-17
 8.76035e+18	9.79e-01	2.14e-02	3.74e-17
 8.76069e+18	9.79e-01	2.11e-02	3.69e-17
 8.76114e+18	9.79e-01	2.07e-02	3.62e-17
 8.76163e+18	9.80e-01	2.04e-02	3.55e-17
 8.76207e+18	9.80e-01	2.00e-02	3.49e-17
 8.76247e+18	9.80e-01	1.98e-02	3.45e-17
 8.76283e+18	9.81e-01	1.95e-02	3.40e-17
 8.76317e+18	9.81e-01	1.93e-02	3.36e-17
 8.76353e+18	9.81e-01	1.90e-02	3.31e-17
 8.76393e+18	9.81e-01	1.87e-02	3.26e-17
 8.76428e+18	9.82e-01	1.85e-02	3.22e-17
 8.76461e+18	9.82e-01	1.83e-02	3.18e-17
 8.76497e+18	9.82e-01	1.79e-02	3.12e-17
 8.76535e+18	9.82e-01	1.78e-02	3.12e-17
 8.76577e+18	9.82e-01	1.76e-02	3.09e-17
 8.76632e+18	9.83e-01	1.74e-02	3.09e-17
 8.76704e+18	9.83e-01	1.71e-02	3.07e-17
 8.76797e+18	9.83e-01	1.67e-02	3.05e-17
 8.76917e+18	9.84e-01	1.62e-02	3.02e-17
 8.77074e+18	9.84e-01	1.56e-02	3.00e-17
 8.77255e+18	9.85e-01	1.50e-02	2.98e-17
 8.77426e+18	9.86e-01	1.44e-02	2.97e-17
 8.77579e+18	9.86e-01	1.39e-02	2.94e-17
 8.77736e+18	9.87e-01	1.34e-02	2.89e-17
 8.77916e+18	9.87e-01	1.28e-02	2.85e-17
 8.78107e+18	9.88e-01	1.22e-02	2.81e-17
 8.78288e+18	9.88e-01	1.17e-02	2.77e-17
 8.78459e+18	9.89e-01	1.12e-02	2.72e-17
 8.78637e+18	9.89e-01	1.07e-02	2.67e-17
 8.78828e+18	9.90e-01	1.02e-02	2.61e-17
 8.79023e+18	9.90e-01	9.75e-03	2.56e-17
 8.79211e+18	9.91e-01	9.30e-03	2.51e-17
 8.79394e+18	9.91e-01	8.88e-03	2.45e-17
 8.79584e+18	9.92e-01	8.45e-03	2.40e-17
 8.79781e+18	9.92e-01	8.03e-03	2.34e-17
 8.79979e+18	9.92e-01	7.64e-03	2.28e-17
 8.80172e+18	9.93e-01	7.27e-03	2.23e-17
 8.80364e+18	9.93e-01	6.91e-03	2.17e-17
 8.80561e+18	9.93e-01	6.56e-03	2.11e-17
 8.80763e+18	9.94e-01	6.22e-03	2.05e-17
 8.80963e+18	9.94e-01	5.90e-03	1.99e-17
 8.81161e+18	9.94e-01	5.60e-03	1.93e-17
 8.81361e+18	9.95e-01	5.31e-03	1.88e-17
 8.81564e+18	9.95e-01	5.03e-03	1.82e-17
 8.81769e+18	9.95e-01	4.76e-03	1.76e-17
 8.81974e+18	9.95e-01	4.51e-03	1.70e-17
 8.82177e+18	9.96e-01	4.26e-03	1.65e-17
 8.82385e+18	9.96e-01	4.03e-03	1.59e-17
 8.82594e+18	9.96e-01	3.80e-03	1.53e-17
 8.82805e+18	9.96e-01	3.59e-03	1.48e-17
 8.83014e+18	9.97e-01	3.39e-03	1.42e-17
 8.83220e+18	9.97e-01	3.20e-03	1.37e-17
 8.83431e+18	9.97e-01	3.02e-03	1.31e-17
 8.83649e+18	9.97e-01	2.84e-03	1.26e-17
 8.83865e+18	9.97e-01	2.67e-03	1.21e-17
 8.84078e+18	9.97e-01	2.52e-03	1.16e-17
 8.84293e+18	9.98e-01	2.36e-03	1.11e-17
 8.84515e+18	9.98e-01	2.22e-03	1.06e-17
 8.84740e+18	9.98e-01	2.08e-03	1.01e-17
 8.84963e+18	9.98e-01	1.95e-03	9.63e-18
 8.85185e+18	9.98e-01	1.83e-03	9.18e-18
 8.85409e+18	9.98e-01	1.71e-03	8.73e-18
 8.85637e+18	9.98e-01	1.60e-03	8.29e-18
 8.85867e+18	9.99e-01	1.50e-03	7.86e-18
 8.86098e+18	9.99e-01	1.40e-03	7.45e-18
 8.86331e+18	9.99e-01	1.31e-03	7.05e-18
 8.86564e+18	9.99e-01	1.22e-03	6.68e-18
