#depth	He	He+	He+2
 1.09715e+14	1.58e-05	4.92e-01	5.08e-01
 6.58287e+14	1.57e-05	4.92e-01	5.08e-01
 2.85258e+15	1.58e-05	4.93e-01	5.07e-01
 1.16297e+16	1.60e-05	4.95e-01	5.05e-01
 2.77797e+16	1.62e-05	4.96e-01	5.04e-01
 4.87747e+16	1.66e-05	5.00e-01	5.00e-01
 7.60681e+16	1.71e-05	5.05e-01	4.95e-01
 1.11550e+17	1.78e-05	5.14e-01	4.86e-01
 1.57676e+17	1.88e-05	5.27e-01	4.73e-01
 2.17639e+17	2.03e-05	5.45e-01	4.55e-01
 2.95592e+17	2.25e-05	5.72e-01	4.28e-01
 3.96931e+17	2.55e-05	6.10e-01	3.90e-01
 5.23293e+17	2.98e-05	6.59e-01	3.41e-01
 6.64225e+17	3.51e-05	7.16e-01	2.84e-01
 8.10794e+17	4.11e-05	7.74e-01	2.26e-01
 9.63226e+17	4.77e-05	8.29e-01	1.71e-01
 1.12175e+18	5.46e-05	8.76e-01	1.23e-01
 1.28662e+18	6.18e-05	9.15e-01	8.48e-02
 1.45809e+18	6.91e-05	9.44e-01	5.58e-02
 1.63641e+18	7.65e-05	9.64e-01	3.54e-02
 1.81369e+18	8.38e-05	9.78e-01	2.23e-02
 1.99506e+18	9.13e-05	9.86e-01	1.39e-02
 2.19186e+18	9.95e-05	9.92e-01	8.33e-03
 2.39954e+18	1.08e-04	9.95e-01	4.88e-03
 2.61552e+18	1.18e-04	9.97e-01	2.82e-03
 2.84014e+18	1.28e-04	9.98e-01	1.61e-03
 3.07374e+18	1.39e-04	9.99e-01	9.16e-04
 3.31669e+18	1.51e-04	9.99e-01	5.17e-04
 3.56936e+18	1.64e-04	1.00e+00	2.90e-04
 3.83214e+18	1.78e-04	1.00e+00	1.62e-04
 4.10542e+18	1.93e-04	1.00e+00	9.05e-05
 4.38964e+18	2.10e-04	1.00e+00	5.05e-05
 4.68522e+18	2.28e-04	1.00e+00	2.82e-05
 4.99263e+18	2.48e-04	1.00e+00	1.58e-05
 5.31234e+18	2.69e-04	1.00e+00	8.87e-06
 5.64483e+18	2.92e-04	1.00e+00	5.00e-06
 5.99062e+18	3.18e-04	1.00e+00	2.83e-06
 6.35025e+18	3.46e-04	1.00e+00	1.60e-06
 6.72426e+18	3.76e-04	1.00e+00	9.13e-07
 7.11323e+18	4.09e-04	1.00e+00	5.21e-07
 7.51776e+18	4.45e-04	1.00e+00	2.98e-07
 7.93847e+18	4.84e-04	1.00e+00	1.71e-07
 8.37601e+18	5.27e-04	9.99e-01	9.83e-08
 8.83105e+18	5.74e-04	9.99e-01	5.65e-08
 9.30429e+18	6.26e-04	9.99e-01	3.26e-08
 9.79646e+18	6.82e-04	9.99e-01	1.88e-08
 1.03083e+19	7.44e-04	9.99e-01	1.08e-08
 1.08407e+19	8.13e-04	9.99e-01	6.24e-09
 1.13943e+19	8.88e-04	9.99e-01	3.60e-09
 1.19700e+19	9.71e-04	9.99e-01	2.07e-09
 1.25689e+19	1.06e-03	9.99e-01	1.19e-09
 1.31916e+19	1.17e-03	9.99e-01	6.88e-10
 1.38393e+19	1.28e-03	9.99e-01	3.95e-10
 1.45128e+19	1.41e-03	9.99e-01	2.27e-10
 1.52134e+19	1.55e-03	9.98e-01	1.30e-10
 1.59419e+19	1.71e-03	9.98e-01	7.47e-11
 1.66996e+19	1.89e-03	9.98e-01	4.27e-11
 1.74336e+19	2.08e-03	9.98e-01	2.55e-11
 1.81138e+19	2.27e-03	9.98e-01	1.60e-11
 1.88752e+19	2.51e-03	9.97e-01	9.55e-12
 1.97018e+19	2.79e-03	9.97e-01	5.63e-12
 2.04452e+19	3.07e-03	9.97e-01	3.57e-12
 2.11328e+19	3.35e-03	9.97e-01	2.36e-12
 2.19189e+19	3.73e-03	9.96e-01	1.48e-12
 2.27687e+19	4.17e-03	9.96e-01	9.19e-13
 2.35189e+19	4.62e-03	9.95e-01	6.15e-13
 2.41977e+19	5.08e-03	9.95e-01	4.31e-13
 2.49660e+19	5.69e-03	9.94e-01	2.89e-13
 2.57906e+19	6.43e-03	9.94e-01	1.94e-13
 2.65064e+19	7.20e-03	9.93e-01	1.39e-13
 2.71415e+19	8.01e-03	9.92e-01	1.05e-13
 2.77216e+19	8.87e-03	9.91e-01	8.16e-14
 2.82459e+19	9.78e-03	9.90e-01	6.55e-14
 2.88292e+19	1.10e-02	9.89e-01	5.14e-14
 2.94357e+19	1.25e-02	9.87e-01	4.05e-14
 2.99288e+19	1.40e-02	9.86e-01	3.37e-14
 3.03358e+19	1.56e-02	9.84e-01	2.90e-14
 3.07744e+19	1.75e-02	9.82e-01	2.47e-14
 3.12396e+19	2.01e-02	9.80e-01	2.09e-14
 3.16283e+19	2.29e-02	9.77e-01	1.83e-14
 3.19543e+19	2.58e-02	9.74e-01	1.63e-14
 3.23099e+19	2.99e-02	9.70e-01	1.44e-14
 3.26868e+19	3.55e-02	9.65e-01	1.26e-14
 3.29994e+19	4.18e-02	9.58e-01	1.12e-14
 3.32574e+19	4.87e-02	9.51e-01	1.01e-14
 3.34877e+19	5.69e-02	9.43e-01	9.25e-15
 3.36943e+19	6.65e-02	9.34e-01	8.45e-15
 3.38790e+19	7.78e-02	9.22e-01	7.76e-15
 3.40426e+19	9.11e-02	9.09e-01	7.14e-15
 3.41854e+19	1.06e-01	8.94e-01	6.58e-15
 3.43113e+19	1.23e-01	8.77e-01	6.07e-15
 3.44264e+19	1.44e-01	8.56e-01	5.58e-15
 3.45324e+19	1.68e-01	8.32e-01	5.10e-15
 3.46294e+19	1.97e-01	8.03e-01	4.64e-15
 3.47172e+19	2.30e-01	7.70e-01	4.19e-15
 3.47957e+19	2.68e-01	7.32e-01	3.75e-15
 3.48675e+19	3.11e-01	6.89e-01	3.33e-15
 3.49343e+19	3.60e-01	6.40e-01	2.92e-15
 3.49969e+19	4.14e-01	5.86e-01	2.51e-15
 3.50553e+19	4.73e-01	5.27e-01	2.12e-15
 3.51103e+19	5.35e-01	4.65e-01	1.76e-15
 3.51633e+19	6.01e-01	3.99e-01	1.43e-15
 3.52147e+19	6.66e-01	3.34e-01	1.13e-15
 3.52646e+19	7.27e-01	2.73e-01	8.71e-16
 3.53136e+19	7.83e-01	2.17e-01	6.58e-16
 3.53613e+19	8.31e-01	1.69e-01	4.92e-16
 3.54072e+19	8.70e-01	1.30e-01	3.66e-16
 3.54508e+19	9.00e-01	1.00e-01	2.76e-16
 3.54910e+19	9.21e-01	7.85e-02	2.14e-16
 3.55272e+19	9.37e-01	6.27e-02	1.72e-16
 3.55584e+19	9.48e-01	5.19e-02	1.44e-16
 3.55826e+19	9.55e-01	4.52e-02	1.29e-16
 3.56000e+19	9.59e-01	4.10e-02	1.20e-16
 3.56132e+19	9.62e-01	3.82e-02	1.15e-16
 3.56250e+19	9.64e-01	3.58e-02	1.11e-16
 3.56363e+19	9.66e-01	3.38e-02	1.08e-16
 3.56469e+19	9.68e-01	3.20e-02	1.05e-16
 3.56565e+19	9.69e-01	3.07e-02	1.04e-16
 3.56651e+19	9.70e-01	2.95e-02	1.03e-16
 3.56728e+19	9.71e-01	2.86e-02	1.04e-16
 3.56801e+19	9.72e-01	2.78e-02	1.04e-16
 3.56859e+19	9.73e-01	2.73e-02	1.05e-16
 3.56901e+19	9.73e-01	2.69e-02	1.05e-16
 3.56941e+19	9.74e-01	2.65e-02	1.06e-16
 3.56986e+19	9.74e-01	2.60e-02	1.07e-16
 3.57033e+19	9.74e-01	2.57e-02	1.08e-16
 3.57079e+19	9.75e-01	2.53e-02	1.09e-16
 3.57123e+19	9.75e-01	2.50e-02	1.11e-16
 3.57167e+19	9.75e-01	2.47e-02	1.12e-16
 3.57211e+19	9.76e-01	2.44e-02	1.14e-16
 3.57253e+19	9.76e-01	2.41e-02	1.16e-16
 3.57295e+19	9.76e-01	2.39e-02	1.18e-16
 3.57338e+19	9.76e-01	2.36e-02	1.20e-16
 3.57381e+19	9.77e-01	2.34e-02	1.23e-16
 3.57423e+19	9.77e-01	2.32e-02	1.26e-16
 3.57464e+19	9.77e-01	2.31e-02	1.29e-16
 3.57505e+19	9.77e-01	2.29e-02	1.32e-16
 3.57547e+19	9.77e-01	2.27e-02	1.35e-16
 3.57588e+19	9.77e-01	2.26e-02	1.39e-16
 3.57628e+19	9.78e-01	2.25e-02	1.42e-16
 3.57669e+19	9.78e-01	2.23e-02	1.46e-16
 3.57709e+19	9.78e-01	2.22e-02	1.51e-16
 3.57749e+19	9.78e-01	2.21e-02	1.55e-16
 3.57789e+19	9.78e-01	2.21e-02	1.60e-16
 3.57828e+19	9.78e-01	2.20e-02	1.64e-16
 3.57866e+19	9.78e-01	2.19e-02	1.70e-16
 3.57905e+19	9.78e-01	2.18e-02	1.75e-16
 3.57943e+19	9.78e-01	2.18e-02	1.81e-16
 3.57980e+19	9.78e-01	2.17e-02	1.86e-16
 3.58017e+19	9.78e-01	2.17e-02	1.92e-16
 3.58054e+19	9.78e-01	2.16e-02	1.98e-16
 3.58090e+19	9.78e-01	2.16e-02	2.05e-16
 3.58126e+19	9.78e-01	2.16e-02	2.11e-16
 3.58162e+19	9.78e-01	2.16e-02	2.19e-16
 3.58198e+19	9.78e-01	2.15e-02	2.25e-16
 3.58233e+19	9.78e-01	2.15e-02	2.33e-16
 3.58268e+19	9.79e-01	2.15e-02	2.40e-16
 3.58302e+19	9.79e-01	2.15e-02	2.48e-16
 3.58337e+19	9.79e-01	2.14e-02	2.56e-16
 3.58371e+19	9.79e-01	2.14e-02	2.65e-16
 3.58406e+19	9.79e-01	2.14e-02	2.73e-16
 3.58440e+19	9.79e-01	2.14e-02	2.82e-16
 3.58473e+19	9.79e-01	2.14e-02	2.91e-16
 3.58507e+19	9.79e-01	2.14e-02	3.00e-16
 3.58541e+19	9.79e-01	2.14e-02	3.09e-16
 3.58575e+19	9.79e-01	2.14e-02	3.20e-16
 3.58608e+19	9.79e-01	2.14e-02	3.30e-16
 3.58641e+19	9.79e-01	2.13e-02	3.40e-16
 3.58674e+19	9.79e-01	2.13e-02	3.51e-16
 3.58707e+19	9.79e-01	2.13e-02	3.62e-16
 3.58741e+19	9.79e-01	2.13e-02	3.73e-16
 3.58774e+19	9.79e-01	2.13e-02	3.84e-16
 3.58806e+19	9.79e-01	2.13e-02	3.96e-16
 3.58839e+19	9.79e-01	2.13e-02	4.07e-16
 3.58872e+19	9.79e-01	2.12e-02	4.19e-16
 3.58905e+19	9.79e-01	2.12e-02	4.32e-16
 3.58938e+19	9.79e-01	2.12e-02	4.44e-16
 3.58971e+19	9.79e-01	2.12e-02	4.57e-16
 3.59004e+19	9.79e-01	2.11e-02	4.70e-16
 3.59036e+19	9.79e-01	2.11e-02	4.83e-16
 3.59069e+19	9.79e-01	2.10e-02	4.97e-16
 3.59102e+19	9.79e-01	2.10e-02	5.10e-16
 3.59135e+19	9.79e-01	2.10e-02	5.23e-16
 3.59167e+19	9.79e-01	2.09e-02	5.37e-16
 3.59200e+19	9.79e-01	2.09e-02	5.51e-16
 3.59233e+19	9.79e-01	2.08e-02	5.64e-16
 3.59265e+19	9.79e-01	2.07e-02	5.78e-16
 3.59298e+19	9.79e-01	2.07e-02	5.92e-16
 3.59331e+19	9.79e-01	2.06e-02	6.05e-16
 3.59363e+19	9.79e-01	2.05e-02	6.19e-16
 3.59396e+19	9.80e-01	2.04e-02	6.32e-16
 3.59428e+19	9.80e-01	2.04e-02	6.45e-16
 3.59461e+19	9.80e-01	2.03e-02	6.58e-16
 3.59493e+19	9.80e-01	2.02e-02	6.71e-16
 3.59525e+19	9.80e-01	2.01e-02	6.83e-16
 3.59557e+19	9.80e-01	2.00e-02	6.94e-16
 3.59589e+19	9.80e-01	1.99e-02	7.05e-16
 3.59621e+19	9.80e-01	1.98e-02	7.16e-16
 3.59652e+19	9.80e-01	1.96e-02	7.25e-16
 3.59683e+19	9.80e-01	1.95e-02	7.34e-16
 3.59714e+19	9.81e-01	1.94e-02	7.42e-16
 3.59744e+19	9.81e-01	1.93e-02	7.49e-16
 3.59771e+19	9.81e-01	1.91e-02	7.54e-16
 3.59796e+19	9.81e-01	1.90e-02	7.58e-16
 3.59819e+19	9.81e-01	1.89e-02	7.61e-16
 3.59842e+19	9.81e-01	1.88e-02	7.65e-16
 3.59863e+19	9.81e-01	1.87e-02	7.66e-16
 3.59882e+19	9.81e-01	1.86e-02	7.67e-16
 3.59900e+19	9.82e-01	1.85e-02	7.67e-16
 3.59917e+19	9.82e-01	1.84e-02	7.66e-16
 3.59932e+19	9.82e-01	1.83e-02	7.65e-16
 3.59945e+19	9.82e-01	1.82e-02	7.64e-16
 3.59958e+19	9.82e-01	1.81e-02	7.62e-16
 3.59969e+19	9.82e-01	1.80e-02	7.61e-16
 3.59979e+19	9.82e-01	1.79e-02	7.59e-16
 3.59989e+19	9.82e-01	1.79e-02	7.57e-16
 3.59999e+19	9.82e-01	1.78e-02	7.55e-16
 3.60010e+19	9.82e-01	1.77e-02	7.53e-16
 3.60020e+19	9.82e-01	1.76e-02	7.52e-16
 3.60029e+19	9.82e-01	1.76e-02	7.50e-16
 3.60039e+19	9.83e-01	1.75e-02	7.48e-16
 3.60050e+19	9.83e-01	1.74e-02	7.45e-16
 3.60060e+19	9.83e-01	1.73e-02	7.42e-16
 3.60069e+19	9.83e-01	1.72e-02	7.41e-16
 3.60079e+19	9.83e-01	1.72e-02	7.38e-16
 3.60089e+19	9.83e-01	1.71e-02	7.38e-16
 3.60101e+19	9.83e-01	1.70e-02	7.35e-16
 3.60114e+19	9.83e-01	1.69e-02	7.32e-16
 3.60125e+19	9.83e-01	1.68e-02	7.32e-16
 3.60138e+19	9.83e-01	1.67e-02	7.29e-16
 3.60151e+19	9.83e-01	1.66e-02	7.26e-16
 3.60163e+19	9.83e-01	1.65e-02	7.25e-16
 3.60175e+19	9.84e-01	1.64e-02	7.22e-16
 3.60187e+19	9.84e-01	1.63e-02	7.20e-16
 3.60200e+19	9.84e-01	1.62e-02	7.16e-16
 3.60212e+19	9.84e-01	1.62e-02	7.14e-16
 3.60225e+19	9.84e-01	1.60e-02	7.11e-16
 3.60240e+19	9.84e-01	1.59e-02	7.07e-16
 3.60252e+19	9.84e-01	1.58e-02	7.05e-16
 3.60264e+19	9.84e-01	1.57e-02	7.02e-16
 3.60275e+19	9.84e-01	1.56e-02	6.99e-16
 3.60287e+19	9.84e-01	1.55e-02	6.96e-16
 3.60302e+19	9.85e-01	1.54e-02	6.91e-16
 3.60319e+19	9.85e-01	1.53e-02	6.87e-16
 3.60334e+19	9.85e-01	1.51e-02	6.82e-16
 3.60347e+19	9.85e-01	1.50e-02	6.80e-16
 3.60360e+19	9.85e-01	1.49e-02	6.76e-16
 3.60371e+19	9.85e-01	1.48e-02	6.73e-16
 3.60384e+19	9.85e-01	1.47e-02	6.69e-16
 3.60397e+19	9.85e-01	1.46e-02	6.65e-16
 3.60409e+19	9.85e-01	1.45e-02	6.62e-16
 3.60420e+19	9.86e-01	1.44e-02	6.58e-16
 3.60432e+19	9.86e-01	1.43e-02	6.55e-16
 3.60448e+19	9.86e-01	1.42e-02	6.50e-16
 3.60465e+19	9.86e-01	1.40e-02	6.44e-16
 3.60481e+19	9.86e-01	1.40e-02	6.48e-16
 3.60498e+19	9.86e-01	1.39e-02	6.49e-16
 3.60520e+19	9.86e-01	1.39e-02	6.55e-16
 3.60549e+19	9.86e-01	1.37e-02	6.60e-16
 3.60586e+19	9.86e-01	1.36e-02	6.67e-16
 3.60635e+19	9.87e-01	1.34e-02	6.75e-16
 3.60696e+19	9.87e-01	1.32e-02	6.86e-16
 3.60763e+19	9.87e-01	1.30e-02	6.97e-16
 3.60827e+19	9.87e-01	1.28e-02	7.07e-16
 3.60889e+19	9.87e-01	1.25e-02	7.14e-16
 3.60952e+19	9.88e-01	1.23e-02	7.20e-16
 3.61021e+19	9.88e-01	1.20e-02	7.25e-16
 3.61093e+19	9.88e-01	1.17e-02	7.29e-16
 3.61166e+19	9.89e-01	1.14e-02	7.31e-16
 3.61239e+19	9.89e-01	1.11e-02	7.32e-16
 3.61314e+19	9.89e-01	1.08e-02	7.32e-16
 3.61393e+19	9.89e-01	1.05e-02	7.30e-16
 3.61473e+19	9.90e-01	1.02e-02	7.27e-16
 3.61555e+19	9.90e-01	9.87e-03	7.23e-16
 3.61639e+19	9.90e-01	9.53e-03	7.17e-16
 3.61725e+19	9.91e-01	9.20e-03	7.10e-16
 3.61813e+19	9.91e-01	8.86e-03	7.02e-16
 3.61903e+19	9.91e-01	8.52e-03	6.93e-16
 3.61994e+19	9.92e-01	8.19e-03	6.83e-16
 3.62087e+19	9.92e-01	7.86e-03	6.72e-16
 3.62182e+19	9.92e-01	7.53e-03	6.60e-16
 3.62279e+19	9.93e-01	7.21e-03	6.47e-16
 3.62377e+19	9.93e-01	6.90e-03	6.34e-16
 3.62476e+19	9.93e-01	6.59e-03	6.20e-16
 3.62577e+19	9.94e-01	6.29e-03	6.05e-16
 3.62679e+19	9.94e-01	5.99e-03	5.90e-16
 3.62782e+19	9.94e-01	5.71e-03	5.75e-16
 3.62886e+19	9.95e-01	5.43e-03	5.59e-16
 3.62992e+19	9.95e-01	5.16e-03	5.43e-16
 3.63098e+19	9.95e-01	4.90e-03	5.27e-16
 3.63206e+19	9.95e-01	4.65e-03	5.11e-16
 3.63315e+19	9.96e-01	4.41e-03	4.95e-16
 3.63423e+19	9.96e-01	4.19e-03	4.79e-16
 3.63533e+19	9.96e-01	3.97e-03	4.62e-16
 3.63644e+19	9.96e-01	3.75e-03	4.46e-16
 3.63756e+19	9.96e-01	3.55e-03	4.30e-16
 3.63869e+19	9.97e-01	3.35e-03	4.14e-16
 3.63981e+19	9.97e-01	3.17e-03	3.99e-16
 3.64094e+19	9.97e-01	2.99e-03	3.83e-16
 3.64209e+19	9.97e-01	2.82e-03	3.68e-16
 3.64325e+19	9.97e-01	2.66e-03	3.53e-16
 3.64442e+19	9.97e-01	2.51e-03	3.38e-16
 3.64558e+19	9.98e-01	2.36e-03	3.24e-16
 3.64675e+19	9.98e-01	2.22e-03	3.09e-16
 3.64794e+19	9.98e-01	2.09e-03	2.95e-16
 3.64914e+19	9.98e-01	1.96e-03	2.81e-16
 3.65034e+19	9.98e-01	1.84e-03	2.68e-16
 3.65155e+19	9.98e-01	1.73e-03	2.55e-16
 3.65277e+19	9.98e-01	1.62e-03	2.43e-16
 3.65399e+19	9.98e-01	1.52e-03	2.31e-16
 3.65520e+19	9.99e-01	1.43e-03	2.19e-16
 3.65643e+19	9.99e-01	1.33e-03	2.07e-16
