#depth	H	H+	H2
 1.50000e+16	2.87e-07	1.00e+00	2.13e-20
 8.99999e+16	3.02e-07	1.00e+00	2.34e-20
 2.13000e+17	3.28e-07	1.00e+00	2.73e-20
 3.41520e+17	3.55e-07	1.00e+00	3.17e-20
 4.75181e+17	3.86e-07	1.00e+00	3.67e-20
 6.14188e+17	4.19e-07	1.00e+00	4.25e-20
 7.58755e+17	4.55e-07	1.00e+00	4.93e-20
 9.09105e+17	4.93e-07	1.00e+00	5.71e-20
 1.06547e+18	5.36e-07	1.00e+00	6.61e-20
 1.22809e+18	5.81e-07	1.00e+00	7.65e-20
 1.39721e+18	6.31e-07	1.00e+00	8.86e-20
 1.57310e+18	6.85e-07	1.00e+00	1.02e-19
 1.75602e+18	7.44e-07	1.00e+00	1.19e-19
 1.94626e+18	8.07e-07	1.00e+00	1.37e-19
 2.14412e+18	8.77e-07	1.00e+00	1.59e-19
 2.34988e+18	9.52e-07	1.00e+00	1.84e-19
 2.56387e+18	1.03e-06	1.00e+00	2.13e-19
 2.78643e+18	1.12e-06	1.00e+00	2.47e-19
 3.01789e+18	1.22e-06	1.00e+00	2.87e-19
 3.25860e+18	1.32e-06	1.00e+00	3.33e-19
 3.50895e+18	1.44e-06	1.00e+00	3.86e-19
 3.76930e+18	1.56e-06	1.00e+00	4.48e-19
 4.04008e+18	1.70e-06	1.00e+00	5.22e-19
 4.32168e+18	1.84e-06	1.00e+00	6.07e-19
 4.61455e+18	2.00e-06	1.00e+00	7.08e-19
 4.91913e+18	2.17e-06	1.00e+00	8.25e-19
 5.23589e+18	2.36e-06	1.00e+00	9.64e-19
 5.56533e+18	2.56e-06	1.00e+00	1.12e-18
 5.90794e+18	2.78e-06	1.00e+00	1.32e-18
 6.26426e+18	3.02e-06	1.00e+00	1.54e-18
 6.63483e+18	3.28e-06	1.00e+00	1.81e-18
 7.02022e+18	3.56e-06	1.00e+00	2.12e-18
 7.42103e+18	3.87e-06	1.00e+00	2.49e-18
 7.83787e+18	4.20e-06	1.00e+00	2.91e-18
 8.27139e+18	4.56e-06	1.00e+00	3.44e-18
 8.72224e+18	4.95e-06	1.00e+00	4.03e-18
 9.19113e+18	5.37e-06	1.00e+00	4.75e-18
 9.67878e+18	5.83e-06	1.00e+00	5.58e-18
 1.01859e+19	6.33e-06	1.00e+00	6.60e-18
 1.07134e+19	6.86e-06	1.00e+00	7.77e-18
 1.12619e+19	7.45e-06	1.00e+00	9.18e-18
 1.18324e+19	8.07e-06	1.00e+00	1.08e-17
 1.24257e+19	8.75e-06	1.00e+00	1.28e-17
 1.30427e+19	9.49e-06	1.00e+00	1.51e-17
 1.36844e+19	1.03e-05	1.00e+00	1.79e-17
 1.43518e+19	1.12e-05	1.00e+00	2.11e-17
 1.50459e+19	1.21e-05	1.00e+00	2.50e-17
 1.57677e+19	1.31e-05	1.00e+00	2.95e-17
 1.65184e+19	1.42e-05	1.00e+00	3.50e-17
 1.72991e+19	1.54e-05	1.00e+00	4.14e-17
 1.81111e+19	1.67e-05	1.00e+00	4.90e-17
 1.89555e+19	1.81e-05	1.00e+00	5.81e-17
 1.98338e+19	1.96e-05	1.00e+00	6.88e-17
 2.07471e+19	2.12e-05	1.00e+00	8.16e-17
 2.16970e+19	2.30e-05	1.00e+00	9.66e-17
 2.26849e+19	2.49e-05	1.00e+00	1.15e-16
 2.37123e+19	2.70e-05	1.00e+00	1.36e-16
 2.47808e+19	2.93e-05	1.00e+00	1.61e-16
 2.58920e+19	3.18e-05	1.00e+00	1.91e-16
 2.70477e+19	3.44e-05	1.00e+00	2.26e-16
 2.82496e+19	3.73e-05	1.00e+00	2.68e-16
 2.94996e+19	4.05e-05	1.00e+00	3.19e-16
 3.07995e+19	4.39e-05	1.00e+00	3.78e-16
 3.21515e+19	4.76e-05	1.00e+00	4.49e-16
 3.35576e+19	5.16e-05	1.00e+00	5.33e-16
 3.50199e+19	5.59e-05	1.00e+00	6.33e-16
 3.65407e+19	6.06e-05	1.00e+00	7.53e-16
 3.81223e+19	6.57e-05	1.00e+00	8.95e-16
 3.97672e+19	7.12e-05	1.00e+00	1.06e-15
 4.14779e+19	7.73e-05	1.00e+00	1.27e-15
 4.32570e+19	8.38e-05	1.00e+00	1.51e-15
 4.51073e+19	9.08e-05	1.00e+00	1.79e-15
 4.70316e+19	9.85e-05	1.00e+00	2.13e-15
 4.90328e+19	1.07e-04	1.00e+00	2.54e-15
 5.11142e+19	1.16e-04	1.00e+00	3.03e-15
 5.32787e+19	1.26e-04	1.00e+00	3.61e-15
 5.55299e+19	1.36e-04	1.00e+00	4.31e-15
 5.78711e+19	1.48e-04	1.00e+00	5.14e-15
 6.03059e+19	1.60e-04	1.00e+00	6.14e-15
 6.28381e+19	1.74e-04	1.00e+00	7.34e-15
 6.54717e+19	1.89e-04	1.00e+00	8.78e-15
 6.82105e+19	2.05e-04	1.00e+00	1.05e-14
 7.10590e+19	2.22e-04	1.00e+00	1.26e-14
 7.40213e+19	2.41e-04	1.00e+00	1.51e-14
 7.71022e+19	2.62e-04	1.00e+00	1.82e-14
 8.03063e+19	2.85e-04	1.00e+00	2.18e-14
 8.36385e+19	3.09e-04	1.00e+00	2.63e-14
 8.71041e+19	3.36e-04	1.00e+00	3.17e-14
 9.07082e+19	3.66e-04	1.00e+00	3.83e-14
 9.44565e+19	3.98e-04	1.00e+00	4.64e-14
 9.83548e+19	4.33e-04	1.00e+00	5.62e-14
 1.02409e+20	4.71e-04	1.00e+00	6.82e-14
 1.06625e+20	5.14e-04	9.99e-01	8.28e-14
 1.11010e+20	5.60e-04	9.99e-01	1.01e-13
 1.15571e+20	6.11e-04	9.99e-01	1.23e-13
 1.20314e+20	6.68e-04	9.99e-01	1.50e-13
 1.25246e+20	7.30e-04	9.99e-01	1.83e-13
 1.30376e+20	7.99e-04	9.99e-01	2.25e-13
 1.35711e+20	8.76e-04	9.99e-01	2.76e-13
 1.41259e+20	9.63e-04	9.99e-01	3.39e-13
 1.47030e+20	1.06e-03	9.99e-01	4.18e-13
 1.53031e+20	1.17e-03	9.99e-01	5.16e-13
 1.59272e+20	1.30e-03	9.99e-01	6.39e-13
 1.65624e+20	1.44e-03	9.99e-01	7.89e-13
 1.72229e+20	1.60e-03	9.98e-01	9.79e-13
 1.78670e+20	1.78e-03	9.98e-01	1.20e-12
 1.84461e+20	1.96e-03	9.98e-01	1.44e-12
 1.89566e+20	2.14e-03	9.98e-01	1.69e-12
 1.94105e+20	2.31e-03	9.98e-01	1.93e-12
 1.99207e+20	2.53e-03	9.97e-01	2.27e-12
 2.04759e+20	2.80e-03	9.97e-01	2.69e-12
 2.09909e+20	3.09e-03	9.97e-01	3.15e-12
 2.14868e+20	3.42e-03	9.97e-01	3.69e-12
 2.19632e+20	3.78e-03	9.96e-01	4.29e-12
 2.24092e+20	4.17e-03	9.96e-01	4.98e-12
 2.28425e+20	4.61e-03	9.95e-01	5.77e-12
 2.33393e+20	5.22e-03	9.95e-01	6.93e-12
 2.38820e+20	6.03e-03	9.94e-01	8.50e-12
 2.43642e+20	6.94e-03	9.93e-01	1.03e-11
 2.47883e+20	7.94e-03	9.92e-01	1.24e-11
 2.51667e+20	9.06e-03	9.91e-01	1.48e-11
 2.54903e+20	1.03e-02	9.90e-01	1.77e-11
 2.57730e+20	1.15e-02	9.88e-01	2.06e-11
 2.60297e+20	1.29e-02	9.87e-01	2.43e-11
 2.62722e+20	1.45e-02	9.86e-01	2.85e-11
 2.65038e+20	1.63e-02	9.84e-01	3.41e-11
 2.67161e+20	1.84e-02	9.82e-01	4.05e-11
 2.69042e+20	2.06e-02	9.79e-01	4.81e-11
 2.70718e+20	2.30e-02	9.77e-01	5.73e-11
 2.72243e+20	2.56e-02	9.74e-01	6.82e-11
 2.73638e+20	2.85e-02	9.71e-01	8.14e-11
 2.74903e+20	3.16e-02	9.68e-01	9.69e-11
 2.76067e+20	3.50e-02	9.65e-01	1.16e-10
 2.77169e+20	3.88e-02	9.61e-01	1.40e-10
 2.78233e+20	4.32e-02	9.57e-01	1.70e-10
 2.79275e+20	4.82e-02	9.52e-01	2.09e-10
 2.80464e+20	5.54e-02	9.45e-01	2.74e-10
 2.81731e+20	6.55e-02	9.34e-01	3.80e-10
 2.82821e+20	7.72e-02	9.23e-01	5.27e-10
 2.83793e+20	9.10e-02	9.09e-01	7.35e-10
 2.84668e+20	1.08e-01	8.92e-01	1.04e-09
 2.85397e+20	1.26e-01	8.74e-01	1.44e-09
 2.86021e+20	1.45e-01	8.55e-01	1.98e-09
 2.86597e+20	1.68e-01	8.32e-01	2.73e-09
 2.87154e+20	1.95e-01	8.05e-01	3.84e-09
 2.87685e+20	2.27e-01	7.73e-01	5.58e-09
 2.88025e+20	2.54e-01	7.46e-01	7.29e-09
 2.88142e+20	2.64e-01	7.36e-01	8.04e-09
 2.88215e+20	2.70e-01	7.30e-01	8.54e-09
 2.88302e+20	2.78e-01	7.22e-01	9.18e-09
 2.88414e+20	2.88e-01	7.12e-01	1.01e-08
 2.88545e+20	3.01e-01	6.99e-01	1.13e-08
 2.88676e+20	3.14e-01	6.86e-01	1.27e-08
 2.88798e+20	3.27e-01	6.73e-01	1.42e-08
 2.88914e+20	3.40e-01	6.60e-01	1.57e-08
 2.89028e+20	3.53e-01	6.47e-01	1.75e-08
 2.89142e+20	3.67e-01	6.33e-01	1.95e-08
 2.89254e+20	3.81e-01	6.19e-01	2.18e-08
 2.89363e+20	3.96e-01	6.04e-01	2.42e-08
 2.89470e+20	4.10e-01	5.90e-01	2.68e-08
 2.89578e+20	4.25e-01	5.75e-01	2.99e-08
 2.89684e+20	4.40e-01	5.60e-01	3.34e-08
 2.89787e+20	4.56e-01	5.44e-01	3.71e-08
 2.89888e+20	4.71e-01	5.29e-01	4.11e-08
 2.89991e+20	4.87e-01	5.13e-01	4.56e-08
 2.90094e+20	5.03e-01	4.97e-01	5.11e-08
 2.90195e+20	5.19e-01	4.81e-01	5.65e-08
 2.90295e+20	5.36e-01	4.64e-01	6.31e-08
 2.90386e+20	5.50e-01	4.50e-01	6.90e-08
 2.90460e+20	5.62e-01	4.38e-01	7.45e-08
 2.90531e+20	5.74e-01	4.26e-01	8.03e-08
 2.90606e+20	5.87e-01	4.13e-01	8.69e-08
 2.90683e+20	6.00e-01	4.00e-01	9.44e-08
 2.90759e+20	6.12e-01	3.88e-01	1.02e-07
 2.90832e+20	6.24e-01	3.76e-01	1.10e-07
 2.90905e+20	6.36e-01	3.64e-01	1.19e-07
 2.90977e+20	6.48e-01	3.52e-01	1.27e-07
 2.91049e+20	6.60e-01	3.40e-01	1.37e-07
 2.91121e+20	6.71e-01	3.29e-01	1.46e-07
 2.91192e+20	6.83e-01	3.17e-01	1.57e-07
 2.91263e+20	6.94e-01	3.06e-01	1.69e-07
 2.91332e+20	7.05e-01	2.95e-01	1.80e-07
 2.91401e+20	7.15e-01	2.85e-01	1.91e-07
 2.91470e+20	7.26e-01	2.74e-01	2.05e-07
 2.91539e+20	7.36e-01	2.64e-01	2.17e-07
 2.91607e+20	7.46e-01	2.54e-01	2.31e-07
 2.91675e+20	7.55e-01	2.45e-01	2.44e-07
 2.91742e+20	7.65e-01	2.35e-01	2.58e-07
 2.91809e+20	7.74e-01	2.26e-01	2.73e-07
 2.91875e+20	7.83e-01	2.17e-01	2.87e-07
 2.91941e+20	7.91e-01	2.09e-01	3.02e-07
 2.92006e+20	7.99e-01	2.01e-01	3.16e-07
 2.92070e+20	8.07e-01	1.93e-01	3.30e-07
 2.92133e+20	8.15e-01	1.85e-01	3.44e-07
 2.92195e+20	8.22e-01	1.78e-01	3.58e-07
 2.92257e+20	8.29e-01	1.71e-01	3.72e-07
 2.92318e+20	8.35e-01	1.65e-01	3.85e-07
 2.92378e+20	8.42e-01	1.58e-01	3.97e-07
 2.92438e+20	8.48e-01	1.52e-01	4.08e-07
 2.92497e+20	8.54e-01	1.46e-01	4.20e-07
 2.92556e+20	8.60e-01	1.40e-01	4.30e-07
 2.92614e+20	8.65e-01	1.35e-01	4.40e-07
 2.92672e+20	8.70e-01	1.30e-01	4.49e-07
 2.92730e+20	8.75e-01	1.25e-01	4.57e-07
 2.92787e+20	8.80e-01	1.20e-01	4.64e-07
 2.92844e+20	8.85e-01	1.15e-01	4.70e-07
 2.92900e+20	8.89e-01	1.11e-01	4.76e-07
 2.92956e+20	8.94e-01	1.06e-01	4.80e-07
 2.93012e+20	8.98e-01	1.02e-01	4.84e-07
 2.93068e+20	9.02e-01	9.81e-02	4.87e-07
 2.93123e+20	9.06e-01	9.43e-02	4.89e-07
 2.93178e+20	9.09e-01	9.06e-02	4.90e-07
 2.93233e+20	9.13e-01	8.71e-02	4.90e-07
 2.93288e+20	9.16e-01	8.37e-02	4.89e-07
 2.93342e+20	9.20e-01	8.04e-02	4.88e-07
 2.93397e+20	9.23e-01	7.73e-02	4.86e-07
 2.93450e+20	9.26e-01	7.44e-02	4.83e-07
 2.93504e+20	9.29e-01	7.15e-02	4.80e-07
 2.93558e+20	9.31e-01	6.87e-02	4.77e-07
 2.93611e+20	9.34e-01	6.60e-02	4.73e-07
 2.93665e+20	9.37e-01	6.34e-02	4.68e-07
 2.93718e+20	9.39e-01	6.09e-02	4.63e-07
 2.93771e+20	9.41e-01	5.85e-02	4.58e-07
 2.93824e+20	9.44e-01	5.63e-02	4.52e-07
 2.93877e+20	9.46e-01	5.41e-02	4.47e-07
 2.93929e+20	9.48e-01	5.19e-02	4.41e-07
 2.93981e+20	9.50e-01	4.99e-02	4.34e-07
 2.94033e+20	9.52e-01	4.79e-02	4.27e-07
 2.94085e+20	9.54e-01	4.61e-02	4.20e-07
 2.94137e+20	9.56e-01	4.42e-02	4.13e-07
 2.94188e+20	9.58e-01	4.25e-02	4.06e-07
 2.94239e+20	9.59e-01	4.08e-02	3.99e-07
 2.94290e+20	9.61e-01	3.92e-02	3.92e-07
 2.94340e+20	9.62e-01	3.76e-02	3.85e-07
 2.94390e+20	9.64e-01	3.62e-02	3.79e-07
 2.94440e+20	9.65e-01	3.47e-02	3.72e-07
 2.94489e+20	9.67e-01	3.33e-02	3.65e-07
 2.94538e+20	9.68e-01	3.20e-02	3.59e-07
 2.94586e+20	9.69e-01	3.07e-02	3.53e-07
 2.94633e+20	9.71e-01	2.95e-02	3.47e-07
 2.94679e+20	9.72e-01	2.83e-02	3.41e-07
 2.94725e+20	9.73e-01	2.71e-02	3.35e-07
 2.94770e+20	9.74e-01	2.60e-02	3.28e-07
 2.94812e+20	9.75e-01	2.50e-02	3.23e-07
 2.94851e+20	9.76e-01	2.41e-02	3.18e-07
 2.94885e+20	9.77e-01	2.33e-02	3.15e-07
 2.94917e+20	9.77e-01	2.26e-02	3.12e-07
 2.94946e+20	9.78e-01	2.19e-02	3.10e-07
 2.94973e+20	9.79e-01	2.12e-02	3.08e-07
 2.94998e+20	9.79e-01	2.07e-02	3.07e-07
 2.95020e+20	9.80e-01	2.02e-02	3.07e-07
 2.95040e+20	9.80e-01	1.97e-02	3.07e-07
 2.95059e+20	9.81e-01	1.93e-02	3.07e-07
 2.95076e+20	9.81e-01	1.89e-02	3.07e-07
 2.95091e+20	9.81e-01	1.85e-02	3.08e-07
 2.95105e+20	9.82e-01	1.82e-02	3.09e-07
 2.95118e+20	9.82e-01	1.80e-02	3.10e-07
 2.95132e+20	9.82e-01	1.76e-02	3.12e-07
 2.95147e+20	9.83e-01	1.73e-02	3.13e-07
 2.95161e+20	9.83e-01	1.70e-02	3.15e-07
 2.95173e+20	9.83e-01	1.68e-02	3.17e-07
 2.95185e+20	9.83e-01	1.65e-02	3.19e-07
 2.95197e+20	9.84e-01	1.62e-02	3.22e-07
 2.95210e+20	9.84e-01	1.60e-02	3.24e-07
 2.95223e+20	9.84e-01	1.57e-02	3.27e-07
 2.95236e+20	9.85e-01	1.55e-02	3.29e-07
 2.95254e+20	9.85e-01	1.51e-02	3.33e-07
 2.95272e+20	9.85e-01	1.48e-02	3.37e-07
 2.95289e+20	9.85e-01	1.45e-02	3.41e-07
 2.95305e+20	9.86e-01	1.43e-02	3.45e-07
 2.95319e+20	9.86e-01	1.41e-02	3.48e-07
 2.95335e+20	9.86e-01	1.38e-02	3.52e-07
 2.95351e+20	9.86e-01	1.35e-02	3.57e-07
 2.95367e+20	9.87e-01	1.33e-02	3.62e-07
 2.95381e+20	9.87e-01	1.31e-02	3.66e-07
 2.95396e+20	9.87e-01	1.29e-02	3.71e-07
 2.95412e+20	9.87e-01	1.26e-02	3.77e-07
 2.95427e+20	9.88e-01	1.24e-02	3.82e-07
 2.95441e+20	9.88e-01	1.22e-02	3.87e-07
 2.95456e+20	9.88e-01	1.20e-02	3.93e-07
 2.95472e+20	9.88e-01	1.18e-02	4.00e-07
 2.95486e+20	9.88e-01	1.16e-02	4.06e-07
 2.95500e+20	9.89e-01	1.14e-02	4.12e-07
 2.95514e+20	9.89e-01	1.12e-02	4.18e-07
 2.95530e+20	9.89e-01	1.10e-02	4.26e-07
 2.95544e+20	9.89e-01	1.08e-02	4.32e-07
 2.95560e+20	9.89e-01	1.06e-02	4.40e-07
 2.95577e+20	9.90e-01	1.04e-02	4.48e-07
 2.95592e+20	9.90e-01	1.02e-02	4.56e-07
 2.95606e+20	9.90e-01	1.01e-02	4.63e-07
 2.95619e+20	9.90e-01	9.93e-03	4.69e-07
 2.95633e+20	9.90e-01	9.76e-03	4.77e-07
 2.95648e+20	9.90e-01	9.59e-03	4.84e-07
 2.95662e+20	9.91e-01	9.45e-03	4.91e-07
 2.95677e+20	9.91e-01	9.28e-03	5.00e-07
 2.95693e+20	9.91e-01	9.11e-03	5.09e-07
 2.95708e+20	9.91e-01	8.95e-03	5.17e-07
 2.95725e+20	9.91e-01	8.86e-03	5.16e-07
 2.95746e+20	9.91e-01	8.76e-03	5.16e-07
 2.95773e+20	9.91e-01	8.60e-03	5.16e-07
 2.95809e+20	9.92e-01	8.40e-03	5.15e-07
 2.95855e+20	9.92e-01	8.15e-03	5.15e-07
 2.95915e+20	9.92e-01	7.84e-03	5.14e-07
 2.95987e+20	9.93e-01	7.49e-03	5.13e-07
 2.96060e+20	9.93e-01	7.16e-03	5.12e-07
 2.96130e+20	9.93e-01	6.86e-03	5.12e-07
 2.96199e+20	9.93e-01	6.57e-03	5.11e-07
 2.96269e+20	9.94e-01	6.30e-03	5.10e-07
 2.96342e+20	9.94e-01	6.03e-03	5.10e-07
 2.96416e+20	9.94e-01	5.77e-03	5.09e-07
 2.96490e+20	9.94e-01	5.53e-03	5.08e-07
 2.96565e+20	9.95e-01	5.29e-03	5.08e-07
 2.96641e+20	9.95e-01	5.06e-03	5.07e-07
 2.96719e+20	9.95e-01	4.85e-03	5.07e-07
 2.96798e+20	9.95e-01	4.64e-03	5.06e-07
 2.96878e+20	9.96e-01	4.44e-03	5.06e-07
 2.96959e+20	9.96e-01	4.25e-03	5.06e-07
 2.97043e+20	9.96e-01	4.06e-03	5.05e-07
 2.97127e+20	9.96e-01	3.89e-03	5.05e-07
 2.97214e+20	9.96e-01	3.72e-03	5.04e-07
 2.97302e+20	9.96e-01	3.56e-03	5.04e-07
 2.97392e+20	9.97e-01	3.40e-03	5.04e-07
 2.97484e+20	9.97e-01	3.25e-03	5.03e-07
 2.97578e+20	9.97e-01	3.11e-03	5.03e-07
 2.97675e+20	9.97e-01	2.98e-03	5.03e-07
 2.97774e+20	9.97e-01	2.85e-03	5.03e-07
 2.97875e+20	9.97e-01	2.72e-03	5.03e-07
 2.97979e+20	9.97e-01	2.61e-03	5.02e-07
 2.98086e+20	9.98e-01	2.49e-03	5.02e-07
 2.98196e+20	9.98e-01	2.39e-03	5.02e-07
 2.98309e+20	9.98e-01	2.28e-03	5.02e-07
 2.98425e+20	9.98e-01	2.19e-03	5.02e-07
 2.98545e+20	9.98e-01	2.09e-03	5.02e-07
 2.98668e+20	9.98e-01	2.00e-03	5.02e-07
 2.98794e+20	9.98e-01	1.92e-03	5.02e-07
 2.98924e+20	9.98e-01	1.84e-03	5.02e-07
 2.99058e+20	9.98e-01	1.76e-03	5.02e-07
 2.99197e+20	9.98e-01	1.69e-03	5.02e-07
 2.99339e+20	9.98e-01	1.62e-03	5.02e-07
 2.99485e+20	9.98e-01	1.55e-03	5.02e-07
 2.99633e+20	9.99e-01	1.49e-03	5.02e-07
 2.99786e+20	9.99e-01	1.43e-03	5.02e-07
 2.99943e+20	9.99e-01	1.37e-03	5.02e-07
 3.00105e+20	9.99e-01	1.31e-03	5.02e-07
 3.00271e+20	9.99e-01	1.26e-03	5.03e-07
 3.00439e+20	9.99e-01	1.21e-03	5.03e-07
 3.00610e+20	9.99e-01	1.16e-03	5.03e-07
 3.00787e+20	9.99e-01	1.12e-03	5.03e-07
 3.00968e+20	9.99e-01	1.07e-03	5.04e-07
 3.01151e+20	9.99e-01	1.03e-03	5.04e-07
 3.01337e+20	9.99e-01	9.87e-04	5.05e-07
 3.01526e+20	9.99e-01	9.48e-04	5.05e-07
 3.01716e+20	9.99e-01	9.08e-04	5.05e-07
 3.01909e+20	9.99e-01	8.71e-04	5.06e-07
 3.02107e+20	9.99e-01	8.39e-04	5.06e-07
 3.02307e+20	9.99e-01	8.01e-04	5.07e-07
 3.02508e+20	9.99e-01	7.68e-04	5.07e-07
 3.02713e+20	9.99e-01	7.36e-04	5.08e-07
 3.02918e+20	9.99e-01	7.06e-04	5.09e-07
