#depth	H	H+	H2
 2.25099e+13	1.90e-05	1.00e+00	1.98e-17
 1.35059e+14	1.90e-05	1.00e+00	1.98e-17
 5.85257e+14	1.90e-05	1.00e+00	1.99e-17
 2.38605e+15	1.90e-05	1.00e+00	2.00e-17
 5.69951e+15	1.91e-05	1.00e+00	2.01e-17
 1.00070e+16	1.91e-05	1.00e+00	2.04e-17
 1.56067e+16	1.92e-05	1.00e+00	2.06e-17
 2.28864e+16	1.93e-05	1.00e+00	2.09e-17
 3.23500e+16	1.94e-05	1.00e+00	2.13e-17
 4.46526e+16	1.96e-05	1.00e+00	2.18e-17
 6.06460e+16	1.98e-05	1.00e+00	2.24e-17
 8.14375e+16	2.01e-05	1.00e+00	2.32e-17
 1.08466e+17	2.05e-05	1.00e+00	2.43e-17
 1.43604e+17	2.09e-05	1.00e+00	2.57e-17
 1.89283e+17	2.15e-05	1.00e+00	2.74e-17
 2.48665e+17	2.23e-05	1.00e+00	2.98e-17
 3.25862e+17	2.34e-05	1.00e+00	3.30e-17
 4.26219e+17	2.49e-05	1.00e+00	3.73e-17
 5.52601e+17	2.68e-05	1.00e+00	4.32e-17
 6.94705e+17	2.91e-05	1.00e+00	5.03e-17
 8.05507e+17	3.08e-05	1.00e+00	5.62e-17
 8.86058e+17	3.23e-05	1.00e+00	6.10e-17
 9.74664e+17	3.39e-05	1.00e+00	6.68e-17
 1.07213e+18	3.57e-05	1.00e+00	7.35e-17
 1.17934e+18	3.78e-05	1.00e+00	8.18e-17
 1.29728e+18	4.01e-05	1.00e+00	9.15e-17
 1.42701e+18	4.28e-05	1.00e+00	1.04e-16
 1.56971e+18	4.59e-05	1.00e+00	1.18e-16
 1.72668e+18	4.95e-05	1.00e+00	1.36e-16
 1.89934e+18	5.37e-05	1.00e+00	1.58e-16
 2.08928e+18	5.86e-05	1.00e+00	1.87e-16
 2.29254e+18	6.41e-05	1.00e+00	2.21e-16
 2.50425e+18	7.02e-05	1.00e+00	2.63e-16
 2.72442e+18	7.69e-05	1.00e+00	3.13e-16
 2.95339e+18	8.44e-05	1.00e+00	3.75e-16
 3.19153e+18	9.27e-05	1.00e+00	4.49e-16
 3.43919e+18	1.02e-04	1.00e+00	5.41e-16
 3.69676e+18	1.12e-04	1.00e+00	6.52e-16
 3.96463e+18	1.24e-04	1.00e+00	7.91e-16
 4.24321e+18	1.37e-04	1.00e+00	9.61e-16
 4.53294e+18	1.52e-04	1.00e+00	1.17e-15
 4.83426e+18	1.69e-04	1.00e+00	1.44e-15
 5.14763e+18	1.88e-04	1.00e+00	1.77e-15
 5.47353e+18	2.09e-04	1.00e+00	2.19e-15
 5.81247e+18	2.34e-04	1.00e+00	2.73e-15
 6.16497e+18	2.63e-04	1.00e+00	3.41e-15
 6.53157e+18	2.97e-04	1.00e+00	4.30e-15
 6.91283e+18	3.37e-04	1.00e+00	5.44e-15
 7.30935e+18	3.83e-04	1.00e+00	6.95e-15
 7.66656e+18	4.30e-04	1.00e+00	8.58e-15
 7.95772e+18	4.74e-04	1.00e+00	1.02e-14
 8.27070e+18	5.28e-04	9.99e-01	1.24e-14
 8.62109e+18	5.95e-04	9.99e-01	1.53e-14
 8.94594e+18	6.67e-04	9.99e-01	1.86e-14
 9.23959e+18	7.41e-04	9.99e-01	2.22e-14
 9.56686e+18	8.39e-04	9.99e-01	2.73e-14
 9.91384e+18	9.58e-04	9.99e-01	3.37e-14
 1.02086e+19	1.08e-03	9.99e-01	4.05e-14
 1.04673e+19	1.20e-03	9.99e-01	4.77e-14
 1.07572e+19	1.37e-03	9.99e-01	5.79e-14
 1.10648e+19	1.58e-03	9.98e-01	7.09e-14
 1.13245e+19	1.80e-03	9.98e-01	8.48e-14
 1.15476e+19	2.02e-03	9.98e-01	9.94e-14
 1.17454e+19	2.26e-03	9.98e-01	1.15e-13
 1.19199e+19	2.51e-03	9.97e-01	1.32e-13
 1.20864e+19	2.79e-03	9.97e-01	1.51e-13
 1.22518e+19	3.12e-03	9.97e-01	1.73e-13
 1.24132e+19	3.51e-03	9.96e-01	2.00e-13
 1.25623e+19	3.94e-03	9.96e-01	2.30e-13
 1.26969e+19	4.42e-03	9.96e-01	2.64e-13
 1.28221e+19	4.94e-03	9.95e-01	3.01e-13
 1.29423e+19	5.56e-03	9.94e-01	3.48e-13
 1.30574e+19	6.27e-03	9.94e-01	3.99e-13
 1.31656e+19	7.11e-03	9.93e-01	4.64e-13
 1.32668e+19	8.07e-03	9.92e-01	5.37e-13
 1.33619e+19	9.21e-03	9.91e-01	6.28e-13
 1.34520e+19	1.05e-02	9.89e-01	7.34e-13
 1.35374e+19	1.22e-02	9.88e-01	8.73e-13
 1.36179e+19	1.42e-02	9.86e-01	1.04e-12
 1.36931e+19	1.66e-02	9.83e-01	1.26e-12
 1.37635e+19	1.96e-02	9.80e-01	1.53e-12
 1.38208e+19	2.29e-02	9.77e-01	1.85e-12
 1.38593e+19	2.58e-02	9.74e-01	2.14e-12
 1.38884e+19	2.84e-02	9.72e-01	2.40e-12
 1.39200e+19	3.17e-02	9.68e-01	2.76e-12
 1.39543e+19	3.61e-02	9.64e-01	3.26e-12
 1.39836e+19	4.10e-02	9.59e-01	3.83e-12
 1.40064e+19	4.58e-02	9.54e-01	4.43e-12
 1.40261e+19	5.07e-02	9.49e-01	5.07e-12
 1.40478e+19	5.71e-02	9.43e-01	5.98e-12
 1.40704e+19	6.56e-02	9.34e-01	7.24e-12
 1.40882e+19	7.42e-02	9.26e-01	8.64e-12
 1.41023e+19	8.24e-02	9.18e-01	1.01e-11
 1.41172e+19	9.27e-02	9.07e-01	1.20e-11
 1.41334e+19	1.07e-01	8.93e-01	1.50e-11
 1.41473e+19	1.23e-01	8.77e-01	1.89e-11
 1.41588e+19	1.40e-01	8.60e-01	2.34e-11
 1.41694e+19	1.58e-01	8.42e-01	2.90e-11
 1.41815e+19	1.83e-01	8.17e-01	3.83e-11
 1.41943e+19	2.19e-01	7.81e-01	5.40e-11
 1.42046e+19	2.57e-01	7.43e-01	7.51e-11
 1.42123e+19	2.93e-01	7.07e-01	9.92e-11
 1.42181e+19	3.23e-01	6.77e-01	1.24e-10
 1.42229e+19	3.51e-01	6.49e-01	1.51e-10
 1.42272e+19	3.78e-01	6.22e-01	1.82e-10
 1.42311e+19	4.05e-01	5.95e-01	2.18e-10
 1.42347e+19	4.30e-01	5.70e-01	2.55e-10
 1.42379e+19	4.54e-01	5.46e-01	2.98e-10
 1.42407e+19	4.76e-01	5.24e-01	3.40e-10
 1.42434e+19	4.97e-01	5.03e-01	3.89e-10
 1.42459e+19	5.17e-01	4.83e-01	4.38e-10
 1.42482e+19	5.37e-01	4.63e-01	4.95e-10
 1.42501e+19	5.53e-01	4.47e-01	5.43e-10
 1.42514e+19	5.64e-01	4.36e-01	5.81e-10
 1.42527e+19	5.75e-01	4.25e-01	6.20e-10
 1.42542e+19	5.88e-01	4.12e-01	6.70e-10
 1.42557e+19	6.01e-01	3.99e-01	7.24e-10
 1.42572e+19	6.14e-01	3.86e-01	7.81e-10
 1.42586e+19	6.26e-01	3.74e-01	8.38e-10
 1.42600e+19	6.38e-01	3.62e-01	9.04e-10
 1.42614e+19	6.49e-01	3.51e-01	9.68e-10
 1.42629e+19	6.61e-01	3.39e-01	1.05e-09
 1.42642e+19	6.73e-01	3.27e-01	1.12e-09
 1.42656e+19	6.84e-01	3.16e-01	1.20e-09
 1.42670e+19	6.95e-01	3.05e-01	1.29e-09
 1.42684e+19	7.06e-01	2.94e-01	1.38e-09
 1.42697e+19	7.16e-01	2.84e-01	1.47e-09
 1.42711e+19	7.27e-01	2.73e-01	1.59e-09
 1.42724e+19	7.37e-01	2.63e-01	1.69e-09
 1.42738e+19	7.47e-01	2.53e-01	1.81e-09
 1.42751e+19	7.56e-01	2.44e-01	1.93e-09
 1.42764e+19	7.66e-01	2.34e-01	2.06e-09
 1.42778e+19	7.75e-01	2.25e-01	2.21e-09
 1.42791e+19	7.84e-01	2.16e-01	2.35e-09
 1.42804e+19	7.92e-01	2.08e-01	2.50e-09
 1.42817e+19	8.01e-01	1.99e-01	2.68e-09
 1.42830e+19	8.08e-01	1.92e-01	2.84e-09
 1.42843e+19	8.16e-01	1.84e-01	3.03e-09
 1.42856e+19	8.23e-01	1.77e-01	3.20e-09
 1.42868e+19	8.30e-01	1.70e-01	3.41e-09
 1.42881e+19	8.37e-01	1.63e-01	3.62e-09
 1.42893e+19	8.44e-01	1.56e-01	3.85e-09
 1.42905e+19	8.50e-01	1.50e-01	4.07e-09
 1.42918e+19	8.56e-01	1.44e-01	4.33e-09
 1.42930e+19	8.62e-01	1.38e-01	4.56e-09
 1.42942e+19	8.67e-01	1.33e-01	4.85e-09
 1.42954e+19	8.73e-01	1.27e-01	5.12e-09
 1.42966e+19	8.78e-01	1.22e-01	5.44e-09
 1.42978e+19	8.83e-01	1.17e-01	5.72e-09
 1.42990e+19	8.87e-01	1.13e-01	6.07e-09
 1.43002e+19	8.92e-01	1.08e-01	6.42e-09
 1.43014e+19	8.96e-01	1.04e-01	6.79e-09
 1.43026e+19	9.00e-01	9.95e-02	7.16e-09
 1.43038e+19	9.05e-01	9.54e-02	7.60e-09
 1.43050e+19	9.08e-01	9.16e-02	8.00e-09
 1.43062e+19	9.12e-01	8.78e-02	8.50e-09
 1.43074e+19	9.16e-01	8.44e-02	8.92e-09
 1.43086e+19	9.19e-01	8.09e-02	9.46e-09
 1.43098e+19	9.22e-01	7.76e-02	1.00e-08
 1.43110e+19	9.26e-01	7.44e-02	1.06e-08
 1.43122e+19	9.29e-01	7.14e-02	1.12e-08
 1.43134e+19	9.32e-01	6.84e-02	1.18e-08
 1.43146e+19	9.34e-01	6.56e-02	1.25e-08
 1.43158e+19	9.37e-01	6.29e-02	1.32e-08
 1.43171e+19	9.40e-01	6.04e-02	1.39e-08
 1.43183e+19	9.42e-01	5.78e-02	1.48e-08
 1.43196e+19	9.45e-01	5.55e-02	1.56e-08
 1.43208e+19	9.47e-01	5.32e-02	1.65e-08
 1.43221e+19	9.49e-01	5.10e-02	1.75e-08
 1.43233e+19	9.51e-01	4.89e-02	1.84e-08
 1.43246e+19	9.53e-01	4.68e-02	1.95e-08
 1.43259e+19	9.55e-01	4.49e-02	2.06e-08
 1.43272e+19	9.57e-01	4.30e-02	2.18e-08
 1.43285e+19	9.59e-01	4.12e-02	2.30e-08
 1.43298e+19	9.61e-01	3.95e-02	2.43e-08
 1.43312e+19	9.62e-01	3.79e-02	2.56e-08
 1.43325e+19	9.64e-01	3.63e-02	2.70e-08
 1.43339e+19	9.65e-01	3.48e-02	2.85e-08
 1.43352e+19	9.67e-01	3.33e-02	3.00e-08
 1.43366e+19	9.68e-01	3.19e-02	3.15e-08
 1.43380e+19	9.69e-01	3.06e-02	3.32e-08
 1.43394e+19	9.71e-01	2.93e-02	3.48e-08
 1.43409e+19	9.72e-01	2.81e-02	3.65e-08
 1.43423e+19	9.73e-01	2.69e-02	3.81e-08
 1.43438e+19	9.74e-01	2.58e-02	3.98e-08
 1.43452e+19	9.75e-01	2.47e-02	4.13e-08
 1.43467e+19	9.76e-01	2.36e-02	4.29e-08
 1.43482e+19	9.77e-01	2.26e-02	4.44e-08
 1.43497e+19	9.78e-01	2.17e-02	4.58e-08
 1.43512e+19	9.79e-01	2.07e-02	4.72e-08
 1.43528e+19	9.80e-01	1.99e-02	4.85e-08
 1.43543e+19	9.81e-01	1.90e-02	4.97e-08
 1.43558e+19	9.82e-01	1.82e-02	5.08e-08
 1.43574e+19	9.83e-01	1.74e-02	5.19e-08
 1.43589e+19	9.83e-01	1.67e-02	5.29e-08
 1.43604e+19	9.84e-01	1.60e-02	5.38e-08
 1.43618e+19	9.85e-01	1.53e-02	5.46e-08
 1.43631e+19	9.85e-01	1.48e-02	5.53e-08
 1.43643e+19	9.86e-01	1.43e-02	5.60e-08
 1.43654e+19	9.86e-01	1.38e-02	5.68e-08
 1.43665e+19	9.87e-01	1.34e-02	5.76e-08
 1.43675e+19	9.87e-01	1.30e-02	5.85e-08
 1.43685e+19	9.87e-01	1.26e-02	5.94e-08
 1.43694e+19	9.88e-01	1.22e-02	6.04e-08
 1.43702e+19	9.88e-01	1.19e-02	6.14e-08
 1.43710e+19	9.88e-01	1.16e-02	6.24e-08
 1.43717e+19	9.89e-01	1.14e-02	6.35e-08
 1.43723e+19	9.89e-01	1.11e-02	6.45e-08
 1.43729e+19	9.89e-01	1.09e-02	6.55e-08
 1.43734e+19	9.89e-01	1.07e-02	6.64e-08
 1.43739e+19	9.89e-01	1.06e-02	6.73e-08
 1.43745e+19	9.90e-01	1.04e-02	6.82e-08
 1.43751e+19	9.90e-01	1.01e-02	6.99e-08
 1.43759e+19	9.90e-01	9.90e-03	7.16e-08
 1.43766e+19	9.90e-01	9.69e-03	7.32e-08
 1.43772e+19	9.91e-01	9.49e-03	7.48e-08
 1.43777e+19	9.91e-01	9.32e-03	7.63e-08
 1.43782e+19	9.91e-01	9.16e-03	7.77e-08
 1.43787e+19	9.91e-01	9.03e-03	7.90e-08
 1.43792e+19	9.91e-01	8.89e-03	8.03e-08
 1.43799e+19	9.91e-01	8.71e-03	8.21e-08
 1.43806e+19	9.91e-01	8.54e-03	8.40e-08
 1.43812e+19	9.92e-01	8.37e-03	8.56e-08
 1.43818e+19	9.92e-01	8.24e-03	8.72e-08
 1.43823e+19	9.92e-01	8.11e-03	8.87e-08
 1.43829e+19	9.92e-01	7.97e-03	9.04e-08
 1.43836e+19	9.92e-01	7.82e-03	9.25e-08
 1.43841e+19	9.92e-01	7.70e-03	9.41e-08
 1.43848e+19	9.92e-01	7.56e-03	9.61e-08
 1.43855e+19	9.93e-01	7.41e-03	9.85e-08
 1.43861e+19	9.93e-01	7.28e-03	1.01e-07
 1.43866e+19	9.93e-01	7.17e-03	1.03e-07
 1.43871e+19	9.93e-01	7.06e-03	1.04e-07
 1.43877e+19	9.93e-01	6.95e-03	1.06e-07
 1.43884e+19	9.93e-01	6.79e-03	1.10e-07
 1.43892e+19	9.93e-01	6.64e-03	1.13e-07
 1.43900e+19	9.94e-01	6.50e-03	1.16e-07
 1.43906e+19	9.94e-01	6.39e-03	1.18e-07
 1.43912e+19	9.94e-01	6.28e-03	1.21e-07
 1.43917e+19	9.94e-01	6.19e-03	1.23e-07
 1.43923e+19	9.94e-01	6.09e-03	1.25e-07
 1.43931e+19	9.94e-01	5.95e-03	1.29e-07
 1.43939e+19	9.94e-01	5.81e-03	1.33e-07
 1.43947e+19	9.94e-01	5.68e-03	1.37e-07
 1.43954e+19	9.94e-01	5.58e-03	1.40e-07
 1.43960e+19	9.95e-01	5.49e-03	1.43e-07
 1.43966e+19	9.95e-01	5.41e-03	1.45e-07
 1.43972e+19	9.95e-01	5.32e-03	1.48e-07
 1.43979e+19	9.95e-01	5.23e-03	1.50e-07
 1.43986e+19	9.95e-01	5.18e-03	1.50e-07
 1.43996e+19	9.95e-01	5.13e-03	1.50e-07
 1.44008e+19	9.95e-01	5.05e-03	1.50e-07
 1.44025e+19	9.95e-01	4.93e-03	1.50e-07
 1.44046e+19	9.95e-01	4.79e-03	1.50e-07
 1.44073e+19	9.95e-01	4.59e-03	1.50e-07
 1.44105e+19	9.96e-01	4.37e-03	1.50e-07
 1.44134e+19	9.96e-01	4.17e-03	1.50e-07
 1.44160e+19	9.96e-01	4.03e-03	1.50e-07
 1.44187e+19	9.96e-01	3.89e-03	1.49e-07
 1.44218e+19	9.96e-01	3.74e-03	1.49e-07
 1.44251e+19	9.96e-01	3.57e-03	1.49e-07
 1.44282e+19	9.97e-01	3.43e-03	1.49e-07
 1.44311e+19	9.97e-01	3.31e-03	1.49e-07
 1.44342e+19	9.97e-01	3.20e-03	1.49e-07
 1.44375e+19	9.97e-01	3.07e-03	1.49e-07
 1.44409e+19	9.97e-01	2.95e-03	1.49e-07
 1.44441e+19	9.97e-01	2.84e-03	1.49e-07
 1.44473e+19	9.97e-01	2.74e-03	1.48e-07
 1.44506e+19	9.97e-01	2.64e-03	1.48e-07
 1.44541e+19	9.97e-01	2.53e-03	1.48e-07
 1.44575e+19	9.98e-01	2.44e-03	1.48e-07
 1.44608e+19	9.98e-01	2.35e-03	1.48e-07
 1.44642e+19	9.98e-01	2.26e-03	1.48e-07
 1.44676e+19	9.98e-01	2.18e-03	1.48e-07
 1.44711e+19	9.98e-01	2.09e-03	1.48e-07
 1.44746e+19	9.98e-01	2.01e-03	1.48e-07
 1.44781e+19	9.98e-01	1.94e-03	1.48e-07
 1.44815e+19	9.98e-01	1.87e-03	1.48e-07
 1.44851e+19	9.98e-01	1.80e-03	1.48e-07
 1.44887e+19	9.98e-01	1.73e-03	1.48e-07
 1.44922e+19	9.98e-01	1.66e-03	1.48e-07
 1.44958e+19	9.98e-01	1.60e-03	1.48e-07
 1.44994e+19	9.98e-01	1.54e-03	1.48e-07
 1.45030e+19	9.99e-01	1.48e-03	1.48e-07
 1.45066e+19	9.99e-01	1.43e-03	1.48e-07
 1.45103e+19	9.99e-01	1.37e-03	1.48e-07
 1.45140e+19	9.99e-01	1.32e-03	1.48e-07
 1.45177e+19	9.99e-01	1.27e-03	1.48e-07
 1.45214e+19	9.99e-01	1.22e-03	1.48e-07
 1.45251e+19	9.99e-01	1.18e-03	1.48e-07
 1.45288e+19	9.99e-01	1.13e-03	1.48e-07
 1.45326e+19	9.99e-01	1.09e-03	1.48e-07
 1.45364e+19	9.99e-01	1.05e-03	1.48e-07
 1.45402e+19	9.99e-01	1.00e-03	1.48e-07
 1.45441e+19	9.99e-01	9.62e-04	1.48e-07
 1.45479e+19	9.99e-01	9.25e-04	1.49e-07
 1.45518e+19	9.99e-01	8.90e-04	1.49e-07
 1.45557e+19	9.99e-01	8.53e-04	1.49e-07
 1.45597e+19	9.99e-01	8.18e-04	1.49e-07
 1.45637e+19	9.99e-01	7.85e-04	1.49e-07
 1.45677e+19	9.99e-01	7.52e-04	1.49e-07
 1.45717e+19	9.99e-01	7.23e-04	1.49e-07
 1.45757e+19	9.99e-01	6.92e-04	1.49e-07
