#depth	H	H+	H2
 7.49084e+14	1.74e-06	1.00e+00	4.17e-19
 4.49450e+15	1.74e-06	1.00e+00	4.19e-19
 1.94762e+16	1.76e-06	1.00e+00	4.28e-19
 7.94029e+16	1.83e-06	1.00e+00	4.63e-19
 1.89668e+17	1.97e-06	1.00e+00	5.30e-19
 3.17032e+17	2.14e-06	1.00e+00	6.17e-19
 4.49713e+17	2.33e-06	1.00e+00	7.14e-19
 5.87701e+17	2.53e-06	1.00e+00	8.34e-19
 7.31209e+17	2.75e-06	1.00e+00	9.71e-19
 8.80457e+17	2.99e-06	1.00e+00	1.13e-18
 1.03568e+18	3.24e-06	1.00e+00	1.31e-18
 1.19710e+18	3.52e-06	1.00e+00	1.54e-18
 1.36499e+18	3.83e-06	1.00e+00	1.79e-18
 1.53959e+18	4.15e-06	1.00e+00	2.08e-18
 1.72117e+18	4.51e-06	1.00e+00	2.43e-18
 1.91002e+18	4.89e-06	1.00e+00	2.83e-18
 2.10642e+18	5.30e-06	1.00e+00	3.29e-18
 2.31067e+18	5.76e-06	1.00e+00	3.85e-18
 2.52310e+18	6.24e-06	1.00e+00	4.48e-18
 2.74402e+18	6.77e-06	1.00e+00	5.22e-18
 2.97378e+18	7.34e-06	1.00e+00	6.07e-18
 3.21274e+18	7.95e-06	1.00e+00	7.07e-18
 3.46125e+18	8.61e-06	1.00e+00	8.22e-18
 3.71970e+18	9.33e-06	1.00e+00	9.56e-18
 3.98848e+18	1.01e-05	1.00e+00	1.11e-17
 4.26802e+18	1.10e-05	1.00e+00	1.29e-17
 4.55874e+18	1.19e-05	1.00e+00	1.50e-17
 4.86109e+18	1.29e-05	1.00e+00	1.74e-17
 5.17554e+18	1.40e-05	1.00e+00	2.02e-17
 5.50256e+18	1.51e-05	1.00e+00	2.34e-17
 5.84266e+18	1.64e-05	1.00e+00	2.71e-17
 6.19637e+18	1.78e-05	1.00e+00	3.15e-17
 6.56422e+18	1.93e-05	1.00e+00	3.65e-17
 6.94679e+18	2.09e-05	1.00e+00	4.24e-17
 7.34466e+18	2.27e-05	1.00e+00	4.92e-17
 7.75845e+18	2.46e-05	1.00e+00	5.72e-17
 8.18879e+18	2.67e-05	1.00e+00	6.65e-17
 8.63634e+18	2.90e-05	1.00e+00	7.74e-17
 9.10179e+18	3.15e-05	1.00e+00	9.01e-17
 9.58586e+18	3.42e-05	1.00e+00	1.05e-16
 1.00893e+19	3.71e-05	1.00e+00	1.23e-16
 1.06129e+19	4.03e-05	1.00e+00	1.44e-16
 1.11574e+19	4.37e-05	1.00e+00	1.68e-16
 1.17237e+19	4.75e-05	1.00e+00	1.97e-16
 1.23126e+19	5.15e-05	1.00e+00	2.31e-16
 1.29251e+19	5.60e-05	1.00e+00	2.72e-16
 1.35621e+19	6.08e-05	1.00e+00	3.20e-16
 1.42246e+19	6.60e-05	1.00e+00	3.78e-16
 1.49136e+19	7.17e-05	1.00e+00	4.45e-16
 1.56301e+19	7.79e-05	1.00e+00	5.26e-16
 1.63754e+19	8.47e-05	1.00e+00	6.22e-16
 1.71504e+19	9.21e-05	1.00e+00	7.37e-16
 1.79564e+19	1.00e-04	1.00e+00	8.75e-16
 1.87946e+19	1.09e-04	1.00e+00	1.04e-15
 1.96664e+19	1.19e-04	1.00e+00	1.24e-15
 2.05731e+19	1.29e-04	1.00e+00	1.48e-15
 2.15160e+19	1.40e-04	1.00e+00	1.76e-15
 2.24966e+19	1.53e-04	1.00e+00	2.11e-15
 2.35165e+19	1.67e-04	1.00e+00	2.53e-15
 2.45772e+19	1.82e-04	1.00e+00	3.03e-15
 2.56803e+19	1.98e-04	1.00e+00	3.65e-15
 2.68275e+19	2.17e-04	1.00e+00	4.40e-15
 2.80206e+19	2.37e-04	1.00e+00	5.32e-15
 2.92614e+19	2.59e-04	1.00e+00	6.44e-15
 3.05518e+19	2.83e-04	1.00e+00	7.83e-15
 3.18939e+19	3.10e-04	1.00e+00	9.53e-15
 3.32897e+19	3.40e-04	1.00e+00	1.16e-14
 3.47413e+19	3.74e-04	1.00e+00	1.42e-14
 3.62509e+19	4.11e-04	1.00e+00	1.75e-14
 3.77812e+19	4.52e-04	1.00e+00	2.14e-14
 3.93727e+19	4.98e-04	1.00e+00	2.63e-14
 4.10198e+19	5.49e-04	9.99e-01	3.24e-14
 4.26291e+19	6.04e-04	9.99e-01	3.94e-14
 4.43506e+19	6.69e-04	9.99e-01	4.87e-14
 4.61688e+19	7.43e-04	9.99e-01	6.03e-14
 4.78832e+19	8.21e-04	9.99e-01	7.33e-14
 4.97420e+19	9.17e-04	9.99e-01	9.11e-14
 5.17229e+19	1.03e-03	9.99e-01	1.13e-13
 5.35005e+19	1.14e-03	9.99e-01	1.37e-13
 5.51580e+19	1.27e-03	9.99e-01	1.64e-13
 5.70596e+19	1.43e-03	9.99e-01	2.02e-13
 5.91107e+19	1.63e-03	9.98e-01	2.50e-13
 6.07955e+19	1.82e-03	9.98e-01	2.97e-13
 6.21363e+19	2.00e-03	9.98e-01	3.42e-13
 6.35903e+19	2.23e-03	9.98e-01	4.02e-13
 6.52122e+19	2.52e-03	9.97e-01	4.79e-13
 6.66935e+19	2.85e-03	9.97e-01	5.64e-13
 6.79386e+19	3.17e-03	9.97e-01	6.48e-13
 6.90462e+19	3.51e-03	9.96e-01	7.37e-13
 7.02970e+19	3.97e-03	9.96e-01	8.68e-13
 7.16110e+19	4.56e-03	9.95e-01	1.03e-12
 7.27016e+19	5.16e-03	9.95e-01	1.20e-12
 7.36350e+19	5.81e-03	9.94e-01	1.39e-12
 7.46694e+19	6.68e-03	9.93e-01	1.66e-12
 7.57693e+19	7.86e-03	9.92e-01	2.03e-12
 7.66931e+19	9.18e-03	9.91e-01	2.45e-12
 7.74702e+19	1.06e-02	9.89e-01	2.96e-12
 7.81190e+19	1.21e-02	9.88e-01	3.51e-12
 7.86254e+19	1.35e-02	9.86e-01	4.06e-12
 7.90602e+19	1.50e-02	9.85e-01	4.69e-12
 7.94703e+19	1.67e-02	9.83e-01	5.37e-12
 7.98706e+19	1.87e-02	9.81e-01	6.31e-12
 8.02511e+19	2.09e-02	9.79e-01	7.38e-12
 8.05902e+19	2.34e-02	9.77e-01	8.69e-12
 8.08880e+19	2.60e-02	9.74e-01	1.02e-11
 8.11548e+19	2.88e-02	9.71e-01	1.19e-11
 8.13984e+19	3.18e-02	9.68e-01	1.39e-11
 8.16259e+19	3.51e-02	9.65e-01	1.64e-11
 8.18390e+19	3.88e-02	9.61e-01	1.94e-11
 8.20389e+19	4.29e-02	9.57e-01	2.31e-11
 8.22290e+19	4.75e-02	9.52e-01	2.77e-11
 8.24142e+19	5.28e-02	9.47e-01	3.36e-11
 8.26257e+19	6.03e-02	9.40e-01	4.30e-11
 8.28512e+19	7.07e-02	9.29e-01	5.82e-11
 8.30447e+19	8.29e-02	9.17e-01	7.91e-11
 8.32142e+19	9.69e-02	9.03e-01	1.08e-10
 8.33685e+19	1.14e-01	8.86e-01	1.49e-10
 8.35039e+19	1.33e-01	8.67e-01	2.06e-10
 8.36232e+19	1.54e-01	8.46e-01	2.86e-10
 8.37310e+19	1.79e-01	8.21e-01	3.98e-10
 8.38310e+19	2.07e-01	7.93e-01	5.58e-10
 8.39254e+19	2.41e-01	7.59e-01	8.00e-10
 8.40128e+19	2.79e-01	7.21e-01	1.16e-09
 8.40848e+19	3.18e-01	6.82e-01	1.63e-09
 8.41375e+19	3.50e-01	6.50e-01	2.12e-09
 8.41769e+19	3.76e-01	6.24e-01	2.61e-09
 8.42111e+19	4.01e-01	5.99e-01	3.13e-09
 8.42443e+19	4.25e-01	5.75e-01	3.75e-09
 8.42760e+19	4.51e-01	5.49e-01	4.51e-09
 8.43051e+19	4.74e-01	5.26e-01	5.28e-09
 8.43286e+19	4.94e-01	5.06e-01	6.06e-09
 8.43457e+19	5.09e-01	4.91e-01	6.71e-09
 8.43609e+19	5.22e-01	4.78e-01	7.34e-09
 8.43777e+19	5.37e-01	4.63e-01	8.14e-09
 8.43943e+19	5.52e-01	4.48e-01	8.98e-09
 8.44086e+19	5.64e-01	4.36e-01	9.74e-09
 8.44220e+19	5.76e-01	4.24e-01	1.06e-08
 8.44357e+19	5.88e-01	4.12e-01	1.15e-08
 8.44497e+19	6.01e-01	3.99e-01	1.26e-08
 8.44635e+19	6.13e-01	3.87e-01	1.36e-08
 8.44772e+19	6.26e-01	3.74e-01	1.48e-08
 8.44908e+19	6.38e-01	3.62e-01	1.61e-08
 8.45040e+19	6.50e-01	3.50e-01	1.75e-08
 8.45171e+19	6.61e-01	3.39e-01	1.89e-08
 8.45303e+19	6.73e-01	3.27e-01	2.05e-08
 8.45434e+19	6.84e-01	3.16e-01	2.21e-08
 8.45564e+19	6.95e-01	3.05e-01	2.41e-08
 8.45692e+19	7.06e-01	2.94e-01	2.59e-08
 8.45820e+19	7.17e-01	2.83e-01	2.80e-08
 8.45949e+19	7.27e-01	2.73e-01	3.03e-08
 8.46074e+19	7.37e-01	2.63e-01	3.27e-08
 8.46199e+19	7.47e-01	2.53e-01	3.52e-08
 8.46324e+19	7.57e-01	2.43e-01	3.80e-08
 8.46449e+19	7.66e-01	2.34e-01	4.08e-08
 8.46571e+19	7.75e-01	2.25e-01	4.40e-08
 8.46693e+19	7.84e-01	2.16e-01	4.71e-08
 8.46813e+19	7.92e-01	2.08e-01	5.07e-08
 8.46932e+19	8.00e-01	2.00e-01	5.40e-08
 8.47050e+19	8.08e-01	1.92e-01	5.79e-08
 8.47165e+19	8.15e-01	1.85e-01	6.18e-08
 8.47280e+19	8.23e-01	1.77e-01	6.58e-08
 8.47395e+19	8.30e-01	1.70e-01	7.01e-08
 8.47507e+19	8.36e-01	1.64e-01	7.45e-08
 8.47619e+19	8.43e-01	1.57e-01	7.91e-08
 8.47729e+19	8.49e-01	1.51e-01	8.37e-08
 8.47838e+19	8.55e-01	1.45e-01	8.86e-08
 8.47946e+19	8.60e-01	1.40e-01	9.35e-08
 8.48054e+19	8.66e-01	1.34e-01	9.86e-08
 8.48160e+19	8.71e-01	1.29e-01	1.04e-07
 8.48266e+19	8.76e-01	1.24e-01	1.09e-07
 8.48371e+19	8.81e-01	1.19e-01	1.14e-07
 8.48475e+19	8.86e-01	1.14e-01	1.19e-07
 8.48579e+19	8.90e-01	1.10e-01	1.24e-07
 8.48682e+19	8.94e-01	1.06e-01	1.30e-07
 8.48785e+19	8.98e-01	1.02e-01	1.35e-07
 8.48887e+19	9.02e-01	9.75e-02	1.40e-07
 8.48989e+19	9.06e-01	9.37e-02	1.44e-07
 8.49090e+19	9.10e-01	9.01e-02	1.49e-07
 8.49191e+19	9.13e-01	8.65e-02	1.53e-07
 8.49291e+19	9.17e-01	8.32e-02	1.58e-07
 8.49391e+19	9.20e-01	7.99e-02	1.62e-07
 8.49491e+19	9.23e-01	7.67e-02	1.65e-07
 8.49590e+19	9.26e-01	7.37e-02	1.68e-07
 8.49689e+19	9.29e-01	7.08e-02	1.71e-07
 8.49788e+19	9.32e-01	6.81e-02	1.74e-07
 8.49886e+19	9.35e-01	6.54e-02	1.76e-07
 8.49983e+19	9.37e-01	6.29e-02	1.78e-07
 8.50080e+19	9.40e-01	6.04e-02	1.79e-07
 8.50177e+19	9.42e-01	5.81e-02	1.81e-07
 8.50274e+19	9.44e-01	5.58e-02	1.81e-07
 8.50371e+19	9.46e-01	5.36e-02	1.82e-07
 8.50467e+19	9.49e-01	5.15e-02	1.82e-07
 8.50563e+19	9.51e-01	4.95e-02	1.82e-07
 8.50658e+19	9.52e-01	4.75e-02	1.82e-07
 8.50754e+19	9.54e-01	4.56e-02	1.81e-07
 8.50848e+19	9.56e-01	4.38e-02	1.80e-07
 8.50943e+19	9.58e-01	4.21e-02	1.79e-07
 8.51037e+19	9.60e-01	4.04e-02	1.78e-07
 8.51130e+19	9.61e-01	3.88e-02	1.76e-07
 8.51223e+19	9.63e-01	3.73e-02	1.74e-07
 8.51316e+19	9.64e-01	3.58e-02	1.72e-07
 8.51408e+19	9.66e-01	3.44e-02	1.71e-07
 8.51499e+19	9.67e-01	3.30e-02	1.69e-07
 8.51589e+19	9.68e-01	3.17e-02	1.67e-07
 8.51679e+19	9.70e-01	3.04e-02	1.65e-07
 8.51768e+19	9.71e-01	2.92e-02	1.63e-07
 8.51855e+19	9.72e-01	2.80e-02	1.61e-07
 8.51942e+19	9.73e-01	2.68e-02	1.60e-07
 8.52027e+19	9.74e-01	2.58e-02	1.58e-07
 8.52110e+19	9.75e-01	2.47e-02	1.56e-07
 8.52192e+19	9.76e-01	2.37e-02	1.55e-07
 8.52269e+19	9.77e-01	2.28e-02	1.54e-07
 8.52339e+19	9.78e-01	2.20e-02	1.53e-07
 8.52403e+19	9.79e-01	2.12e-02	1.52e-07
 8.52461e+19	9.79e-01	2.05e-02	1.52e-07
 8.52516e+19	9.80e-01	1.99e-02	1.52e-07
 8.52568e+19	9.81e-01	1.93e-02	1.53e-07
 8.52616e+19	9.81e-01	1.88e-02	1.53e-07
 8.52659e+19	9.82e-01	1.83e-02	1.54e-07
 8.52699e+19	9.82e-01	1.78e-02	1.55e-07
 8.52735e+19	9.83e-01	1.74e-02	1.56e-07
 8.52767e+19	9.83e-01	1.71e-02	1.57e-07
 8.52797e+19	9.83e-01	1.68e-02	1.59e-07
 8.52824e+19	9.84e-01	1.65e-02	1.60e-07
 8.52849e+19	9.84e-01	1.62e-02	1.61e-07
 8.52876e+19	9.84e-01	1.59e-02	1.63e-07
 8.52906e+19	9.84e-01	1.56e-02	1.65e-07
 8.52932e+19	9.85e-01	1.53e-02	1.67e-07
 8.52956e+19	9.85e-01	1.51e-02	1.69e-07
 8.52978e+19	9.85e-01	1.49e-02	1.70e-07
 8.53003e+19	9.85e-01	1.46e-02	1.72e-07
 8.53029e+19	9.86e-01	1.44e-02	1.75e-07
 8.53052e+19	9.86e-01	1.42e-02	1.77e-07
 8.53074e+19	9.86e-01	1.40e-02	1.79e-07
 8.53098e+19	9.86e-01	1.38e-02	1.80e-07
 8.53128e+19	9.87e-01	1.35e-02	1.83e-07
 8.53162e+19	9.87e-01	1.32e-02	1.86e-07
 8.53192e+19	9.87e-01	1.30e-02	1.89e-07
 8.53225e+19	9.87e-01	1.27e-02	1.92e-07
 8.53261e+19	9.88e-01	1.24e-02	1.96e-07
 8.53293e+19	9.88e-01	1.22e-02	1.99e-07
 8.53323e+19	9.88e-01	1.20e-02	2.03e-07
 8.53350e+19	9.88e-01	1.18e-02	2.06e-07
 8.53379e+19	9.88e-01	1.16e-02	2.09e-07
 8.53411e+19	9.89e-01	1.13e-02	2.13e-07
 8.53440e+19	9.89e-01	1.11e-02	2.17e-07
 8.53466e+19	9.89e-01	1.10e-02	2.20e-07
 8.53495e+19	9.89e-01	1.07e-02	2.25e-07
 8.53526e+19	9.89e-01	1.05e-02	2.29e-07
 8.53555e+19	9.90e-01	1.04e-02	2.33e-07
 8.53581e+19	9.90e-01	1.02e-02	2.37e-07
 8.53609e+19	9.90e-01	1.00e-02	2.42e-07
 8.53640e+19	9.90e-01	9.83e-03	2.47e-07
 8.53667e+19	9.90e-01	9.68e-03	2.51e-07
 8.53698e+19	9.91e-01	9.49e-03	2.56e-07
 8.53731e+19	9.91e-01	9.30e-03	2.62e-07
 8.53761e+19	9.91e-01	9.13e-03	2.67e-07
 8.53788e+19	9.91e-01	8.99e-03	2.71e-07
 8.53818e+19	9.91e-01	8.83e-03	2.76e-07
 8.53850e+19	9.91e-01	8.66e-03	2.82e-07
 8.53879e+19	9.91e-01	8.51e-03	2.87e-07
 8.53912e+19	9.92e-01	8.34e-03	2.93e-07
 8.53946e+19	9.92e-01	8.17e-03	3.00e-07
 8.53978e+19	9.92e-01	8.03e-03	3.05e-07
 8.54007e+19	9.92e-01	7.90e-03	3.09e-07
 8.54038e+19	9.92e-01	7.82e-03	3.09e-07
 8.54079e+19	9.92e-01	7.72e-03	3.09e-07
 8.54132e+19	9.92e-01	7.58e-03	3.08e-07
 8.54202e+19	9.93e-01	7.40e-03	3.08e-07
 8.54292e+19	9.93e-01	7.18e-03	3.08e-07
 8.54408e+19	9.93e-01	6.90e-03	3.08e-07
 8.54549e+19	9.93e-01	6.58e-03	3.08e-07
 8.54694e+19	9.94e-01	6.28e-03	3.07e-07
 8.54832e+19	9.94e-01	6.01e-03	3.07e-07
 8.54968e+19	9.94e-01	5.76e-03	3.07e-07
 8.55109e+19	9.94e-01	5.51e-03	3.07e-07
 8.55255e+19	9.95e-01	5.27e-03	3.06e-07
 8.55404e+19	9.95e-01	5.04e-03	3.06e-07
 8.55554e+19	9.95e-01	4.83e-03	3.06e-07
 8.55707e+19	9.95e-01	4.62e-03	3.06e-07
 8.55864e+19	9.96e-01	4.41e-03	3.06e-07
 8.56024e+19	9.96e-01	4.22e-03	3.05e-07
 8.56188e+19	9.96e-01	4.04e-03	3.05e-07
 8.56356e+19	9.96e-01	3.86e-03	3.05e-07
 8.56527e+19	9.96e-01	3.69e-03	3.05e-07
 8.56703e+19	9.96e-01	3.53e-03	3.05e-07
 8.56883e+19	9.97e-01	3.38e-03	3.05e-07
 8.57068e+19	9.97e-01	3.23e-03	3.05e-07
 8.57258e+19	9.97e-01	3.09e-03	3.04e-07
 8.57453e+19	9.97e-01	2.96e-03	3.04e-07
 8.57654e+19	9.97e-01	2.83e-03	3.04e-07
 8.57860e+19	9.97e-01	2.71e-03	3.04e-07
 8.58073e+19	9.97e-01	2.59e-03	3.04e-07
 8.58291e+19	9.98e-01	2.48e-03	3.04e-07
 8.58516e+19	9.98e-01	2.38e-03	3.04e-07
 8.58748e+19	9.98e-01	2.28e-03	3.04e-07
 8.58986e+19	9.98e-01	2.18e-03	3.04e-07
 8.59231e+19	9.98e-01	2.09e-03	3.04e-07
 8.59483e+19	9.98e-01	2.00e-03	3.04e-07
 8.59742e+19	9.98e-01	1.92e-03	3.04e-07
 8.60007e+19	9.98e-01	1.84e-03	3.04e-07
 8.60278e+19	9.98e-01	1.77e-03	3.04e-07
 8.60559e+19	9.98e-01	1.70e-03	3.04e-07
 8.60848e+19	9.98e-01	1.63e-03	3.04e-07
 8.61141e+19	9.98e-01	1.56e-03	3.04e-07
 8.61440e+19	9.98e-01	1.50e-03	3.04e-07
 8.61747e+19	9.99e-01	1.44e-03	3.04e-07
 8.62056e+19	9.99e-01	1.39e-03	3.04e-07
 8.62371e+19	9.99e-01	1.33e-03	3.04e-07
 8.62692e+19	9.99e-01	1.28e-03	3.04e-07
 8.63023e+19	9.99e-01	1.23e-03	3.04e-07
 8.63362e+19	9.99e-01	1.18e-03	3.04e-07
 8.63702e+19	9.99e-01	1.13e-03	3.04e-07
 8.64039e+19	9.99e-01	1.09e-03	3.04e-07
 8.64381e+19	9.99e-01	1.05e-03	3.04e-07
 8.64736e+19	9.99e-01	1.01e-03	3.05e-07
 8.65099e+19	9.99e-01	9.63e-04	3.05e-07
 8.65460e+19	9.99e-01	9.24e-04	3.05e-07
 8.65818e+19	9.99e-01	8.87e-04	3.05e-07
 8.66181e+19	9.99e-01	8.55e-04	3.05e-07
 8.66550e+19	9.99e-01	8.17e-04	3.05e-07
 8.66926e+19	9.99e-01	7.83e-04	3.06e-07
 8.67307e+19	9.99e-01	7.51e-04	3.06e-07
 8.67685e+19	9.99e-01	7.20e-04	3.06e-07
 8.68060e+19	9.99e-01	6.91e-04	3.06e-07
