#depth	H	H+	H2
 5.45289e+11	6.28e-04	9.99e-01	9.68e-15
 3.27174e+12	6.28e-04	9.99e-01	9.68e-15
 1.41775e+13	6.28e-04	9.99e-01	9.68e-15
 5.78007e+13	6.27e-04	9.99e-01	9.68e-15
 1.38067e+14	6.27e-04	9.99e-01	9.67e-15
 2.42414e+14	6.26e-04	9.99e-01	9.67e-15
 3.78064e+14	6.25e-04	9.99e-01	9.67e-15
 5.54410e+14	6.24e-04	9.99e-01	9.67e-15
 7.83659e+14	6.23e-04	9.99e-01	9.68e-15
 1.08168e+15	6.22e-04	9.99e-01	9.69e-15
 1.46911e+15	6.21e-04	9.99e-01	9.70e-15
 1.97278e+15	6.20e-04	9.99e-01	9.72e-15
 2.62753e+15	6.18e-04	9.99e-01	9.75e-15
 3.47872e+15	6.17e-04	9.99e-01	9.79e-15
 4.58526e+15	6.15e-04	9.99e-01	9.85e-15
 6.02377e+15	6.14e-04	9.99e-01	9.93e-15
 7.89383e+15	6.14e-04	9.99e-01	1.01e-14
 1.03249e+16	6.14e-04	9.99e-01	1.02e-14
 1.34853e+16	6.16e-04	9.99e-01	1.05e-14
 1.75938e+16	6.20e-04	9.99e-01	1.08e-14
 2.09118e+16	6.15e-04	9.99e-01	1.10e-14
 2.30030e+16	6.18e-04	9.99e-01	1.12e-14
 2.53033e+16	6.21e-04	9.99e-01	1.14e-14
 2.78336e+16	6.26e-04	9.99e-01	1.16e-14
 3.06170e+16	6.31e-04	9.99e-01	1.19e-14
 3.36787e+16	6.37e-04	9.99e-01	1.22e-14
 3.70466e+16	6.44e-04	9.99e-01	1.26e-14
 4.07512e+16	6.53e-04	9.99e-01	1.30e-14
 4.48263e+16	6.64e-04	9.99e-01	1.35e-14
 4.93090e+16	6.76e-04	9.99e-01	1.40e-14
 5.42399e+16	6.92e-04	9.99e-01	1.47e-14
 5.96639e+16	7.11e-04	9.99e-01	1.55e-14
 6.56303e+16	7.33e-04	9.99e-01	1.64e-14
 7.21933e+16	7.61e-04	9.99e-01	1.75e-14
 7.94126e+16	7.94e-04	9.99e-01	1.89e-14
 8.73539e+16	8.36e-04	9.99e-01	2.05e-14
 9.60893e+16	8.88e-04	9.99e-01	2.26e-14
 1.05698e+17	9.54e-04	9.99e-01	2.52e-14
 1.16268e+17	1.04e-03	9.99e-01	2.87e-14
 1.27895e+17	1.15e-03	9.99e-01	3.31e-14
 1.40684e+17	1.30e-03	9.99e-01	3.93e-14
 1.53701e+17	1.49e-03	9.99e-01	4.71e-14
 1.65520e+17	1.72e-03	9.98e-01	5.66e-14
 1.74986e+17	1.95e-03	9.98e-01	6.62e-14
 1.82274e+17	2.17e-03	9.98e-01	7.51e-14
 1.89922e+17	2.45e-03	9.98e-01	8.69e-14
 1.98027e+17	2.82e-03	9.97e-01	1.03e-13
 2.04543e+17	3.20e-03	9.97e-01	1.19e-13
 2.09579e+17	3.57e-03	9.96e-01	1.35e-13
 2.14111e+17	3.96e-03	9.96e-01	1.51e-13
 2.18487e+17	4.43e-03	9.96e-01	1.72e-13
 2.22514e+17	4.94e-03	9.95e-01	1.93e-13
 2.25955e+17	5.47e-03	9.95e-01	2.17e-13
 2.28820e+17	5.99e-03	9.94e-01	2.39e-13
 2.31288e+17	6.52e-03	9.93e-01	2.63e-13
 2.33532e+17	7.07e-03	9.93e-01	2.88e-13
 2.35574e+17	7.64e-03	9.92e-01	3.13e-13
 2.37356e+17	8.23e-03	9.92e-01	3.40e-13
 2.38906e+17	8.78e-03	9.91e-01	3.64e-13
 2.40283e+17	9.34e-03	9.91e-01	3.90e-13
 2.41536e+17	9.91e-03	9.90e-01	4.16e-13
 2.42678e+17	1.05e-02	9.90e-01	4.41e-13
 2.43694e+17	1.10e-02	9.89e-01	4.67e-13
 2.44609e+17	1.15e-02	9.88e-01	4.91e-13
 2.45451e+17	1.21e-02	9.88e-01	5.16e-13
 2.46230e+17	1.26e-02	9.87e-01	5.41e-13
 2.46964e+17	1.31e-02	9.87e-01	5.66e-13
 2.47671e+17	1.37e-02	9.86e-01	5.92e-13
 2.48363e+17	1.42e-02	9.86e-01	6.20e-13
 2.49152e+17	1.49e-02	9.85e-01	6.55e-13
 2.50013e+17	1.58e-02	9.84e-01	6.97e-13
 2.50838e+17	1.66e-02	9.83e-01	7.43e-13
 2.51779e+17	1.78e-02	9.82e-01	8.01e-13
 2.53002e+17	1.95e-02	9.81e-01	8.88e-13
 2.54592e+17	2.23e-02	9.78e-01	1.03e-12
 2.56658e+17	2.71e-02	9.73e-01	1.28e-12
 2.58879e+17	3.50e-02	9.65e-01	1.70e-12
 2.60642e+17	4.52e-02	9.55e-01	2.27e-12
 2.61843e+17	5.59e-02	9.44e-01	2.91e-12
 2.62742e+17	6.73e-02	9.33e-01	3.62e-12
 2.63453e+17	7.97e-02	9.20e-01	4.44e-12
 2.64000e+17	9.24e-02	9.08e-01	5.33e-12
 2.64477e+17	1.06e-01	8.94e-01	6.32e-12
 2.65010e+17	1.25e-01	8.75e-01	7.88e-12
 2.65557e+17	1.53e-01	8.47e-01	1.03e-11
 2.66022e+17	1.85e-01	8.15e-01	1.34e-11
 2.66441e+17	2.23e-01	7.77e-01	1.78e-11
 2.66800e+17	2.66e-01	7.34e-01	2.37e-11
 2.67072e+17	3.06e-01	6.94e-01	3.02e-11
 2.67258e+17	3.39e-01	6.61e-01	3.63e-11
 2.67399e+17	3.65e-01	6.35e-01	4.19e-11
 2.67523e+17	3.91e-01	6.09e-01	4.79e-11
 2.67639e+17	4.16e-01	5.84e-01	5.46e-11
 2.67748e+17	4.41e-01	5.59e-01	6.22e-11
 2.67850e+17	4.65e-01	5.35e-01	6.98e-11
 2.67940e+17	4.88e-01	5.12e-01	7.85e-11
 2.68021e+17	5.08e-01	4.92e-01	8.67e-11
 2.68098e+17	5.28e-01	4.72e-01	9.59e-11
 2.68159e+17	5.43e-01	4.57e-01	1.03e-10
 2.68203e+17	5.55e-01	4.45e-01	1.09e-10
 2.68245e+17	5.66e-01	4.34e-01	1.16e-10
 2.68292e+17	5.79e-01	4.21e-01	1.24e-10
 2.68341e+17	5.92e-01	4.08e-01	1.32e-10
 2.68388e+17	6.04e-01	3.96e-01	1.41e-10
 2.68434e+17	6.17e-01	3.83e-01	1.50e-10
 2.68479e+17	6.29e-01	3.71e-01	1.59e-10
 2.68524e+17	6.41e-01	3.59e-01	1.69e-10
 2.68569e+17	6.52e-01	3.48e-01	1.80e-10
 2.68614e+17	6.64e-01	3.36e-01	1.92e-10
 2.68658e+17	6.75e-01	3.25e-01	2.04e-10
 2.68701e+17	6.87e-01	3.13e-01	2.18e-10
 2.68745e+17	6.98e-01	3.02e-01	2.30e-10
 2.68788e+17	7.09e-01	2.91e-01	2.46e-10
 2.68831e+17	7.19e-01	2.81e-01	2.61e-10
 2.68873e+17	7.29e-01	2.71e-01	2.78e-10
 2.68915e+17	7.39e-01	2.61e-01	2.94e-10
 2.68958e+17	7.49e-01	2.51e-01	3.14e-10
 2.68999e+17	7.59e-01	2.41e-01	3.31e-10
 2.69040e+17	7.68e-01	2.32e-01	3.53e-10
 2.69081e+17	7.77e-01	2.23e-01	3.75e-10
 2.69122e+17	7.86e-01	2.14e-01	3.98e-10
 2.69163e+17	7.94e-01	2.06e-01	4.21e-10
 2.69202e+17	8.02e-01	1.98e-01	4.48e-10
 2.69241e+17	8.10e-01	1.90e-01	4.72e-10
 2.69280e+17	8.17e-01	1.83e-01	5.02e-10
 2.69318e+17	8.24e-01	1.76e-01	5.29e-10
 2.69355e+17	8.31e-01	1.69e-01	5.63e-10
 2.69393e+17	8.38e-01	1.62e-01	5.91e-10
 2.69429e+17	8.44e-01	1.56e-01	6.27e-10
 2.69466e+17	8.50e-01	1.50e-01	6.63e-10
 2.69501e+17	8.56e-01	1.44e-01	7.00e-10
 2.69537e+17	8.61e-01	1.39e-01	7.38e-10
 2.69573e+17	8.67e-01	1.33e-01	7.84e-10
 2.69608e+17	8.72e-01	1.28e-01	8.21e-10
 2.69643e+17	8.77e-01	1.23e-01	8.72e-10
 2.69677e+17	8.82e-01	1.18e-01	9.22e-10
 2.69711e+17	8.86e-01	1.14e-01	9.73e-10
 2.69745e+17	8.91e-01	1.09e-01	1.03e-09
 2.69779e+17	8.95e-01	1.05e-01	1.09e-09
 2.69813e+17	8.99e-01	1.01e-01	1.14e-09
 2.69847e+17	9.03e-01	9.70e-02	1.21e-09
 2.69879e+17	9.07e-01	9.33e-02	1.28e-09
 2.69912e+17	9.10e-01	8.97e-02	1.35e-09
 2.69945e+17	9.14e-01	8.62e-02	1.43e-09
 2.69978e+17	9.17e-01	8.28e-02	1.52e-09
 2.70011e+17	9.20e-01	7.97e-02	1.59e-09
 2.70043e+17	9.23e-01	7.65e-02	1.69e-09
 2.70075e+17	9.26e-01	7.36e-02	1.79e-09
 2.70107e+17	9.29e-01	7.07e-02	1.90e-09
 2.70139e+17	9.32e-01	6.80e-02	2.00e-09
 2.70171e+17	9.35e-01	6.54e-02	2.13e-09
 2.70203e+17	9.37e-01	6.29e-02	2.25e-09
 2.70234e+17	9.40e-01	6.04e-02	2.39e-09
 2.70266e+17	9.42e-01	5.81e-02	2.53e-09
 2.70297e+17	9.44e-01	5.58e-02	2.70e-09
 2.70329e+17	9.46e-01	5.37e-02	2.84e-09
 2.70360e+17	9.48e-01	5.16e-02	3.03e-09
 2.70390e+17	9.50e-01	4.96e-02	3.22e-09
 2.70421e+17	9.52e-01	4.77e-02	3.41e-09
 2.70452e+17	9.54e-01	4.58e-02	3.63e-09
 2.70483e+17	9.56e-01	4.40e-02	3.86e-09
 2.70514e+17	9.58e-01	4.23e-02	4.11e-09
 2.70544e+17	9.59e-01	4.07e-02	4.37e-09
 2.70575e+17	9.61e-01	3.91e-02	4.65e-09
 2.70605e+17	9.62e-01	3.76e-02	4.95e-09
 2.70636e+17	9.64e-01	3.61e-02	5.27e-09
 2.70666e+17	9.65e-01	3.47e-02	5.61e-09
 2.70696e+17	9.67e-01	3.34e-02	5.96e-09
 2.70725e+17	9.68e-01	3.21e-02	6.34e-09
 2.70755e+17	9.69e-01	3.09e-02	6.74e-09
 2.70785e+17	9.70e-01	2.97e-02	7.16e-09
 2.70814e+17	9.71e-01	2.85e-02	7.61e-09
 2.70844e+17	9.73e-01	2.74e-02	8.05e-09
 2.70873e+17	9.74e-01	2.64e-02	8.51e-09
 2.70902e+17	9.75e-01	2.53e-02	8.98e-09
 2.70931e+17	9.76e-01	2.43e-02	9.47e-09
 2.70960e+17	9.77e-01	2.34e-02	9.96e-09
 2.70989e+17	9.78e-01	2.25e-02	1.05e-08
 2.71018e+17	9.78e-01	2.16e-02	1.09e-08
 2.71046e+17	9.79e-01	2.07e-02	1.14e-08
 2.71074e+17	9.80e-01	1.99e-02	1.19e-08
 2.71102e+17	9.81e-01	1.91e-02	1.23e-08
 2.71130e+17	9.82e-01	1.84e-02	1.28e-08
 2.71157e+17	9.82e-01	1.77e-02	1.32e-08
 2.71184e+17	9.83e-01	1.70e-02	1.35e-08
 2.71211e+17	9.84e-01	1.63e-02	1.39e-08
 2.71237e+17	9.84e-01	1.57e-02	1.43e-08
 2.71263e+17	9.85e-01	1.50e-02	1.46e-08
 2.71288e+17	9.86e-01	1.44e-02	1.49e-08
 2.71313e+17	9.86e-01	1.39e-02	1.52e-08
 2.71338e+17	9.87e-01	1.34e-02	1.56e-08
 2.71360e+17	9.87e-01	1.29e-02	1.59e-08
 2.71379e+17	9.88e-01	1.24e-02	1.62e-08
 2.71398e+17	9.88e-01	1.21e-02	1.66e-08
 2.71415e+17	9.88e-01	1.17e-02	1.70e-08
 2.71432e+17	9.89e-01	1.13e-02	1.74e-08
 2.71447e+17	9.89e-01	1.10e-02	1.78e-08
 2.71460e+17	9.89e-01	1.07e-02	1.82e-08
 2.71473e+17	9.90e-01	1.05e-02	1.86e-08
 2.71484e+17	9.90e-01	1.03e-02	1.90e-08
 2.71494e+17	9.90e-01	1.01e-02	1.94e-08
 2.71504e+17	9.90e-01	9.89e-03	1.98e-08
 2.71514e+17	9.90e-01	9.69e-03	2.02e-08
 2.71525e+17	9.91e-01	9.48e-03	2.07e-08
 2.71535e+17	9.91e-01	9.32e-03	2.11e-08
 2.71546e+17	9.91e-01	9.08e-03	2.18e-08
 2.71558e+17	9.91e-01	8.87e-03	2.24e-08
 2.71569e+17	9.91e-01	8.68e-03	2.30e-08
 2.71579e+17	9.91e-01	8.52e-03	2.36e-08
 2.71588e+17	9.92e-01	8.36e-03	2.42e-08
 2.71596e+17	9.92e-01	8.24e-03	2.45e-08
 2.71605e+17	9.92e-01	8.10e-03	2.50e-08
 2.71616e+17	9.92e-01	7.89e-03	2.59e-08
 2.71629e+17	9.92e-01	7.71e-03	2.67e-08
 2.71640e+17	9.92e-01	7.55e-03	2.73e-08
 2.71651e+17	9.93e-01	7.39e-03	2.82e-08
 2.71660e+17	9.93e-01	7.27e-03	2.87e-08
 2.71671e+17	9.93e-01	7.11e-03	2.95e-08
 2.71682e+17	9.93e-01	6.97e-03	3.03e-08
 2.71692e+17	9.93e-01	6.84e-03	3.10e-08
 2.71703e+17	9.93e-01	6.67e-03	3.21e-08
 2.71715e+17	9.93e-01	6.52e-03	3.32e-08
 2.71726e+17	9.94e-01	6.38e-03	3.42e-08
 2.71736e+17	9.94e-01	6.25e-03	3.51e-08
 2.71745e+17	9.94e-01	6.14e-03	3.60e-08
 2.71754e+17	9.94e-01	6.05e-03	3.67e-08
 2.71763e+17	9.94e-01	5.94e-03	3.76e-08
 2.71773e+17	9.94e-01	5.82e-03	3.86e-08
 2.71782e+17	9.94e-01	5.73e-03	3.95e-08
 2.71790e+17	9.94e-01	5.63e-03	4.04e-08
 2.71797e+17	9.94e-01	5.55e-03	4.12e-08
 2.71805e+17	9.95e-01	5.47e-03	4.20e-08
 2.71816e+17	9.95e-01	5.34e-03	4.34e-08
 2.71827e+17	9.95e-01	5.23e-03	4.47e-08
 2.71837e+17	9.95e-01	5.13e-03	4.56e-08
 2.71847e+17	9.95e-01	5.03e-03	4.69e-08
 2.71855e+17	9.95e-01	4.95e-03	4.77e-08
 2.71865e+17	9.95e-01	4.85e-03	4.89e-08
 2.71875e+17	9.95e-01	4.81e-03	4.89e-08
 2.71886e+17	9.95e-01	4.74e-03	4.89e-08
 2.71900e+17	9.95e-01	4.69e-03	4.89e-08
 2.71919e+17	9.95e-01	4.60e-03	4.89e-08
 2.71943e+17	9.96e-01	4.48e-03	4.89e-08
 2.71975e+17	9.96e-01	4.34e-03	4.88e-08
 2.72016e+17	9.96e-01	4.17e-03	4.88e-08
 2.72062e+17	9.96e-01	3.99e-03	4.88e-08
 2.72106e+17	9.96e-01	3.83e-03	4.88e-08
 2.72149e+17	9.96e-01	3.68e-03	4.88e-08
 2.72193e+17	9.96e-01	3.54e-03	4.88e-08
 2.72239e+17	9.97e-01	3.41e-03	4.88e-08
 2.72287e+17	9.97e-01	3.27e-03	4.88e-08
 2.72337e+17	9.97e-01	3.14e-03	4.87e-08
 2.72387e+17	9.97e-01	3.02e-03	4.87e-08
 2.72440e+17	9.97e-01	2.90e-03	4.87e-08
 2.72495e+17	9.97e-01	2.79e-03	4.87e-08
 2.72553e+17	9.97e-01	2.68e-03	4.87e-08
 2.72614e+17	9.97e-01	2.58e-03	4.87e-08
 2.72678e+17	9.98e-01	2.48e-03	4.87e-08
 2.72747e+17	9.98e-01	2.39e-03	4.87e-08
 2.72820e+17	9.98e-01	2.30e-03	4.87e-08
 2.72900e+17	9.98e-01	2.21e-03	4.87e-08
 2.72987e+17	9.98e-01	2.13e-03	4.87e-08
 2.73084e+17	9.98e-01	2.05e-03	4.87e-08
 2.73193e+17	9.98e-01	1.98e-03	4.87e-08
 2.73318e+17	9.98e-01	1.91e-03	4.87e-08
 2.73463e+17	9.98e-01	1.84e-03	4.88e-08
 2.73637e+17	9.98e-01	1.78e-03	4.88e-08
 2.73850e+17	9.98e-01	1.72e-03	4.88e-08
 2.74120e+17	9.98e-01	1.67e-03	4.88e-08
 2.74468e+17	9.98e-01	1.61e-03	4.89e-08
 2.74917e+17	9.98e-01	1.56e-03	4.89e-08
 2.75475e+17	9.99e-01	1.50e-03	4.90e-08
 2.76111e+17	9.99e-01	1.43e-03	4.91e-08
 2.76755e+17	9.99e-01	1.36e-03	4.92e-08
 2.77340e+17	9.99e-01	1.29e-03	4.93e-08
 2.77849e+17	9.99e-01	1.25e-03	4.94e-08
 2.78360e+17	9.99e-01	1.21e-03	4.95e-08
 2.78990e+17	9.99e-01	1.17e-03	4.96e-08
 2.79808e+17	9.99e-01	1.14e-03	4.97e-08
 2.80872e+17	9.99e-01	1.10e-03	4.99e-08
 2.82190e+17	9.99e-01	1.05e-03	5.01e-08
 2.83657e+17	9.99e-01	9.99e-04	5.03e-08
 2.85116e+17	9.99e-01	9.56e-04	5.06e-08
 2.86540e+17	9.99e-01	9.17e-04	5.08e-08
 2.88078e+17	9.99e-01	8.88e-04	5.11e-08
 2.89955e+17	9.99e-01	8.57e-04	5.14e-08
 2.92381e+17	9.99e-01	8.27e-04	5.18e-08
