#depth	H	H+	H2
 5.72172e+10	4.13e-01	5.87e-01	7.68e-09
 3.43303e+11	4.13e-01	5.87e-01	7.69e-09
 1.48765e+12	4.13e-01	5.87e-01	7.72e-09
 6.06503e+12	4.13e-01	5.87e-01	7.81e-09
 1.44874e+13	4.12e-01	5.88e-01	7.93e-09
 2.54365e+13	4.11e-01	5.89e-01	8.12e-09
 3.96703e+13	4.11e-01	5.89e-01	8.37e-09
 5.81743e+13	4.12e-01	5.88e-01	8.70e-09
 8.22294e+13	4.14e-01	5.86e-01	9.15e-09
 1.13501e+14	4.18e-01	5.82e-01	9.78e-09
 1.54154e+14	4.25e-01	5.75e-01	1.07e-08
 2.04603e+14	4.35e-01	5.65e-01	1.19e-08
 2.59234e+14	4.47e-01	5.53e-01	1.32e-08
 3.13563e+14	4.61e-01	5.39e-01	1.49e-08
 3.64596e+14	4.76e-01	5.24e-01	1.66e-08
 4.11277e+14	4.91e-01	5.09e-01	1.84e-08
 4.57331e+14	5.07e-01	4.93e-01	2.05e-08
 5.03735e+14	5.24e-01	4.76e-01	2.28e-08
 5.49617e+14	5.41e-01	4.59e-01	2.54e-08
 5.89334e+14	5.56e-01	4.44e-01	2.78e-08
 6.20724e+14	5.69e-01	4.31e-01	3.03e-08
 6.49263e+14	5.81e-01	4.19e-01	3.25e-08
 6.78876e+14	5.93e-01	4.07e-01	3.53e-08
 7.09750e+14	6.06e-01	3.94e-01	3.80e-08
 7.40306e+14	6.19e-01	3.81e-01	4.17e-08
 7.69524e+14	6.30e-01	3.70e-01	4.44e-08
 7.98151e+14	6.42e-01	3.58e-01	4.85e-08
 8.26893e+14	6.54e-01	3.46e-01	5.26e-08
 8.54935e+14	6.66e-01	3.34e-01	5.70e-08
 8.82521e+14	6.78e-01	3.22e-01	6.19e-08
 9.09750e+14	6.89e-01	3.11e-01	6.71e-08
 9.36789e+14	7.00e-01	3.00e-01	7.27e-08
 9.63883e+14	7.10e-01	2.90e-01	7.88e-08
 9.90973e+14	7.21e-01	2.79e-01	8.58e-08
 1.01773e+15	7.31e-01	2.69e-01	9.32e-08
 1.04410e+15	7.41e-01	2.59e-01	1.01e-07
 1.07046e+15	7.51e-01	2.49e-01	1.10e-07
 1.09688e+15	7.60e-01	2.40e-01	1.20e-07
 1.12323e+15	7.70e-01	2.30e-01	1.31e-07
 1.14943e+15	7.79e-01	2.21e-01	1.42e-07
 1.17538e+15	7.87e-01	2.13e-01	1.55e-07
 1.20095e+15	7.96e-01	2.04e-01	1.69e-07
 1.22614e+15	8.03e-01	1.97e-01	1.84e-07
 1.25107e+15	8.11e-01	1.89e-01	2.01e-07
 1.27583e+15	8.18e-01	1.82e-01	2.20e-07
 1.30036e+15	8.25e-01	1.75e-01	2.39e-07
 1.32465e+15	8.32e-01	1.68e-01	2.60e-07
 1.34885e+15	8.39e-01	1.61e-01	2.84e-07
 1.37289e+15	8.45e-01	1.55e-01	3.11e-07
 1.39680e+15	8.51e-01	1.49e-01	3.40e-07
 1.42057e+15	8.57e-01	1.43e-01	3.71e-07
 1.44415e+15	8.62e-01	1.38e-01	4.06e-07
 1.46766e+15	8.68e-01	1.32e-01	4.45e-07
 1.49115e+15	8.73e-01	1.27e-01	4.87e-07
 1.51460e+15	8.78e-01	1.22e-01	5.34e-07
 1.53791e+15	8.82e-01	1.18e-01	5.87e-07
 1.56119e+15	8.87e-01	1.13e-01	6.46e-07
 1.58446e+15	8.91e-01	1.09e-01	7.13e-07
 1.60767e+15	8.96e-01	1.04e-01	7.86e-07
 1.63079e+15	9.00e-01	1.00e-01	8.68e-07
 1.65388e+15	9.03e-01	9.65e-02	9.60e-07
 1.67702e+15	9.07e-01	9.28e-02	1.07e-06
 1.70019e+15	9.11e-01	8.92e-02	1.19e-06
 1.72315e+15	9.14e-01	8.57e-02	1.32e-06
 1.74562e+15	9.17e-01	8.25e-02	1.47e-06
 1.76753e+15	9.20e-01	7.95e-02	1.64e-06
 1.78883e+15	9.23e-01	7.67e-02	1.83e-06
 1.80946e+15	9.26e-01	7.40e-02	2.04e-06
 1.82941e+15	9.28e-01	7.15e-02	2.28e-06
 1.84868e+15	9.31e-01	6.92e-02	2.54e-06
 1.86731e+15	9.33e-01	6.70e-02	2.84e-06
 1.88531e+15	9.35e-01	6.50e-02	3.17e-06
 1.90260e+15	9.37e-01	6.31e-02	3.54e-06
 1.91906e+15	9.39e-01	6.13e-02	3.95e-06
 1.93482e+15	9.40e-01	5.97e-02	4.41e-06
 1.95001e+15	9.42e-01	5.81e-02	4.93e-06
 1.96452e+15	9.43e-01	5.67e-02	5.49e-06
 1.97852e+15	9.45e-01	5.53e-02	6.13e-06
 1.99211e+15	9.46e-01	5.40e-02	6.87e-06
 2.00277e+15	9.47e-01	5.30e-02	7.56e-06
 2.00916e+15	9.48e-01	5.24e-02	7.93e-06
 2.01420e+15	9.48e-01	5.20e-02	8.36e-06
 2.01935e+15	9.49e-01	5.15e-02	8.77e-06
 2.02467e+15	9.49e-01	5.10e-02	9.26e-06
 2.03014e+15	9.49e-01	5.05e-02	9.84e-06
 2.03510e+15	9.50e-01	5.00e-02	1.04e-05
 2.03966e+15	9.50e-01	4.96e-02	1.08e-05
 2.04486e+15	9.51e-01	4.91e-02	1.15e-05
 2.05032e+15	9.51e-01	4.86e-02	1.22e-05
 2.05510e+15	9.52e-01	4.82e-02	1.30e-05
 2.05947e+15	9.52e-01	4.78e-02	1.36e-05
 2.06416e+15	9.53e-01	4.74e-02	1.45e-05
 2.06923e+15	9.53e-01	4.69e-02	1.54e-05
 2.07408e+15	9.54e-01	4.64e-02	1.63e-05
 2.07870e+15	9.54e-01	4.60e-02	1.74e-05
 2.08303e+15	9.54e-01	4.56e-02	1.85e-05
 2.08721e+15	9.55e-01	4.52e-02	1.94e-05
 2.09207e+15	9.55e-01	4.48e-02	2.06e-05
 2.09759e+15	9.56e-01	4.42e-02	2.22e-05
 2.10274e+15	9.56e-01	4.38e-02	2.36e-05
 2.10764e+15	9.57e-01	4.33e-02	2.49e-05
 2.11310e+15	9.57e-01	4.28e-02	2.66e-05
 2.11920e+15	9.58e-01	4.22e-02	2.82e-05
 2.12621e+15	9.58e-01	4.16e-02	2.99e-05
 2.13455e+15	9.59e-01	4.09e-02	3.17e-05
 2.14467e+15	9.60e-01	4.01e-02	3.35e-05
 2.15761e+15	9.61e-01	3.90e-02	3.54e-05
 2.17227e+15	9.62e-01	3.79e-02	3.66e-05
 2.18630e+15	9.63e-01	3.68e-02	3.74e-05
 2.19908e+15	9.64e-01	3.59e-02	3.77e-05
 2.21070e+15	9.65e-01	3.51e-02	3.78e-05
 2.22128e+15	9.66e-01	3.43e-02	3.78e-05
 2.23090e+15	9.66e-01	3.37e-02	3.77e-05
 2.23966e+15	9.67e-01	3.31e-02	3.75e-05
 2.24926e+15	9.68e-01	3.24e-02	3.73e-05
 2.25962e+15	9.68e-01	3.17e-02	3.70e-05
 2.26905e+15	9.69e-01	3.11e-02	3.67e-05
 2.27763e+15	9.69e-01	3.05e-02	3.65e-05
 2.28544e+15	9.70e-01	3.00e-02	3.62e-05
 2.29255e+15	9.70e-01	2.95e-02	3.60e-05
 2.29901e+15	9.71e-01	2.91e-02	3.58e-05
 2.30610e+15	9.71e-01	2.86e-02	3.56e-05
 2.31375e+15	9.72e-01	2.81e-02	3.54e-05
 2.32071e+15	9.72e-01	2.77e-02	3.52e-05
 2.32704e+15	9.73e-01	2.73e-02	3.50e-05
 2.33281e+15	9.73e-01	2.69e-02	3.49e-05
 2.33912e+15	9.73e-01	2.65e-02	3.48e-05
 2.34594e+15	9.74e-01	2.60e-02	3.47e-05
 2.35215e+15	9.74e-01	2.57e-02	3.46e-05
 2.35780e+15	9.75e-01	2.53e-02	3.46e-05
 2.36294e+15	9.75e-01	2.50e-02	3.45e-05
 2.36857e+15	9.75e-01	2.46e-02	3.45e-05
 2.37465e+15	9.76e-01	2.42e-02	3.45e-05
 2.38018e+15	9.76e-01	2.39e-02	3.45e-05
 2.38521e+15	9.76e-01	2.36e-02	3.46e-05
 2.38979e+15	9.77e-01	2.33e-02	3.46e-05
 2.39481e+15	9.77e-01	2.30e-02	3.47e-05
 2.40023e+15	9.77e-01	2.26e-02	3.48e-05
 2.40517e+15	9.78e-01	2.23e-02	3.49e-05
 2.40965e+15	9.78e-01	2.21e-02	3.51e-05
 2.41374e+15	9.78e-01	2.18e-02	3.52e-05
 2.41745e+15	9.78e-01	2.15e-02	3.54e-05
 2.42084e+15	9.79e-01	2.13e-02	3.55e-05
 2.42454e+15	9.79e-01	2.11e-02	3.57e-05
 2.42854e+15	9.79e-01	2.09e-02	3.59e-05
 2.43293e+15	9.79e-01	2.06e-02	3.62e-05
 2.43766e+15	9.80e-01	2.03e-02	3.64e-05
 2.44197e+15	9.80e-01	2.01e-02	3.67e-05
 2.44589e+15	9.80e-01	1.98e-02	3.69e-05
 2.44945e+15	9.80e-01	1.96e-02	3.72e-05
 2.45336e+15	9.81e-01	1.94e-02	3.74e-05
 2.45758e+15	9.81e-01	1.92e-02	3.77e-05
 2.46142e+15	9.81e-01	1.89e-02	3.80e-05
 2.46492e+15	9.81e-01	1.87e-02	3.83e-05
 2.46810e+15	9.81e-01	1.86e-02	3.85e-05
 2.47158e+15	9.82e-01	1.84e-02	3.88e-05
 2.47611e+15	9.82e-01	1.81e-02	3.92e-05
 2.48200e+15	9.82e-01	1.80e-02	3.91e-05
 2.48965e+15	9.82e-01	1.78e-02	3.91e-05
 2.49960e+15	9.82e-01	1.76e-02	3.90e-05
 2.51254e+15	9.83e-01	1.73e-02	3.90e-05
 2.52936e+15	9.83e-01	1.69e-02	3.89e-05
 2.55122e+15	9.83e-01	1.65e-02	3.89e-05
 2.57964e+15	9.84e-01	1.59e-02	3.88e-05
 2.61352e+15	9.85e-01	1.52e-02	3.87e-05
 2.64832e+15	9.85e-01	1.46e-02	3.86e-05
 2.68149e+15	9.86e-01	1.40e-02	3.85e-05
 2.71401e+15	9.86e-01	1.35e-02	3.84e-05
 2.74722e+15	9.87e-01	1.30e-02	3.83e-05
 2.78132e+15	9.87e-01	1.25e-02	3.82e-05
 2.81581e+15	9.88e-01	1.20e-02	3.81e-05
 2.85041e+15	9.88e-01	1.15e-02	3.80e-05
 2.88520e+15	9.89e-01	1.11e-02	3.79e-05
 2.92032e+15	9.89e-01	1.07e-02	3.78e-05
 2.95583e+15	9.90e-01	1.02e-02	3.77e-05
 2.99168e+15	9.90e-01	9.84e-03	3.76e-05
 3.02782e+15	9.90e-01	9.45e-03	3.75e-05
 3.06425e+15	9.91e-01	9.09e-03	3.74e-05
 3.10098e+15	9.91e-01	8.73e-03	3.73e-05
 3.13806e+15	9.92e-01	8.39e-03	3.72e-05
 3.17549e+15	9.92e-01	8.07e-03	3.72e-05
 3.21326e+15	9.92e-01	7.75e-03	3.71e-05
 3.25137e+15	9.92e-01	7.45e-03	3.70e-05
 3.28979e+15	9.93e-01	7.16e-03	3.69e-05
 3.32854e+15	9.93e-01	6.88e-03	3.69e-05
 3.36763e+15	9.93e-01	6.61e-03	3.68e-05
 3.40707e+15	9.94e-01	6.35e-03	3.67e-05
 3.44687e+15	9.94e-01	6.10e-03	3.66e-05
 3.48708e+15	9.94e-01	5.86e-03	3.66e-05
 3.52768e+15	9.94e-01	5.63e-03	3.65e-05
 3.56863e+15	9.95e-01	5.41e-03	3.65e-05
 3.60988e+15	9.95e-01	5.20e-03	3.64e-05
 3.65143e+15	9.95e-01	4.99e-03	3.64e-05
 3.69336e+15	9.95e-01	4.80e-03	3.63e-05
 3.73573e+15	9.95e-01	4.61e-03	3.63e-05
 3.77859e+15	9.95e-01	4.43e-03	3.62e-05
 3.82193e+15	9.96e-01	4.25e-03	3.62e-05
 3.86571e+15	9.96e-01	4.09e-03	3.62e-05
 3.90980e+15	9.96e-01	3.92e-03	3.61e-05
 3.95411e+15	9.96e-01	3.77e-03	3.61e-05
 3.99873e+15	9.96e-01	3.62e-03	3.61e-05
 4.04364e+15	9.96e-01	3.47e-03	3.61e-05
 4.08888e+15	9.97e-01	3.34e-03	3.61e-05
 4.13462e+15	9.97e-01	3.20e-03	3.60e-05
 4.18090e+15	9.97e-01	3.07e-03	3.60e-05
 4.22751e+15	9.97e-01	2.95e-03	3.60e-05
 4.27436e+15	9.97e-01	2.83e-03	3.60e-05
 4.32135e+15	9.97e-01	2.72e-03	3.60e-05
 4.36855e+15	9.97e-01	2.61e-03	3.60e-05
 4.41628e+15	9.97e-01	2.51e-03	3.60e-05
 4.46453e+15	9.98e-01	2.40e-03	3.60e-05
 4.51318e+15	9.98e-01	2.31e-03	3.61e-05
 4.56216e+15	9.98e-01	2.21e-03	3.61e-05
 4.61137e+15	9.98e-01	2.12e-03	3.61e-05
 4.66088e+15	9.98e-01	2.04e-03	3.61e-05
 4.71079e+15	9.98e-01	1.95e-03	3.61e-05
 4.76126e+15	9.98e-01	1.87e-03	3.62e-05
 4.81200e+15	9.98e-01	1.79e-03	3.62e-05
 4.86282e+15	9.98e-01	1.72e-03	3.62e-05
 4.91405e+15	9.98e-01	1.65e-03	3.63e-05
 4.96594e+15	9.98e-01	1.58e-03	3.63e-05
 5.01852e+15	9.98e-01	1.51e-03	3.64e-05
 5.07169e+15	9.98e-01	1.45e-03	3.64e-05
 5.12544e+15	9.99e-01	1.39e-03	3.65e-05
 5.17987e+15	9.99e-01	1.33e-03	3.65e-05
 5.23483e+15	9.99e-01	1.28e-03	3.66e-05
 5.29017e+15	9.99e-01	1.22e-03	3.66e-05
 5.34571e+15	9.99e-01	1.17e-03	3.67e-05
 5.40082e+15	9.99e-01	1.12e-03	3.68e-05
 5.45567e+15	9.99e-01	1.07e-03	3.68e-05
 5.51064e+15	9.99e-01	1.02e-03	3.69e-05
 5.56520e+15	9.99e-01	9.75e-04	3.70e-05
 5.61962e+15	9.99e-01	9.32e-04	3.71e-05
 5.67460e+15	9.99e-01	8.91e-04	3.71e-05
 5.73003e+15	9.99e-01	8.52e-04	3.72e-05
 5.78498e+15	9.99e-01	8.15e-04	3.73e-05
