#depth	H	H+	H2
 9.31509e+11	1.22e-02	9.88e-01	2.90e-12
 5.58905e+12	1.22e-02	9.88e-01	2.90e-12
 2.42192e+13	1.21e-02	9.88e-01	2.90e-12
 9.87400e+13	1.21e-02	9.88e-01	2.90e-12
 2.35858e+14	1.20e-02	9.88e-01	2.89e-12
 4.14112e+14	1.20e-02	9.88e-01	2.89e-12
 6.45841e+14	1.19e-02	9.88e-01	2.90e-12
 9.47090e+14	1.18e-02	9.88e-01	2.92e-12
 1.33871e+15	1.18e-02	9.88e-01	2.94e-12
 1.84782e+15	1.18e-02	9.88e-01	2.97e-12
 2.50967e+15	1.18e-02	9.88e-01	3.03e-12
 3.37006e+15	1.19e-02	9.88e-01	3.11e-12
 4.48858e+15	1.22e-02	9.88e-01	3.22e-12
 5.94265e+15	1.25e-02	9.87e-01	3.39e-12
 7.83294e+15	1.32e-02	9.87e-01	3.66e-12
 9.66104e+15	1.38e-02	9.86e-01	3.90e-12
 1.08903e+16	1.43e-02	9.86e-01	4.08e-12
 1.17331e+16	1.47e-02	9.85e-01	4.23e-12
 1.25913e+16	1.53e-02	9.85e-01	4.42e-12
 1.37070e+16	1.62e-02	9.84e-01	4.71e-12
 1.48840e+16	1.70e-02	9.83e-01	4.99e-12
 1.59379e+16	1.80e-02	9.82e-01	5.30e-12
 1.71050e+16	1.94e-02	9.81e-01	5.73e-12
 1.86221e+16	2.15e-02	9.78e-01	6.39e-12
 2.04536e+16	2.49e-02	9.75e-01	7.38e-12
 2.23688e+16	2.97e-02	9.70e-01	8.78e-12
 2.40382e+16	3.57e-02	9.64e-01	1.05e-11
 2.53038e+16	4.22e-02	9.58e-01	1.23e-11
 2.62883e+16	4.88e-02	9.51e-01	1.42e-11
 2.71592e+16	5.65e-02	9.44e-01	1.63e-11
 2.79887e+16	6.59e-02	9.34e-01	1.91e-11
 2.87584e+16	7.76e-02	9.22e-01	2.25e-11
 2.94311e+16	9.08e-02	9.09e-01	2.65e-11
 3.00113e+16	1.05e-01	8.95e-01	3.11e-11
 3.05367e+16	1.22e-01	8.78e-01	3.67e-11
 3.10260e+16	1.43e-01	8.57e-01	4.38e-11
 3.14761e+16	1.66e-01	8.34e-01	5.26e-11
 3.18871e+16	1.93e-01	8.07e-01	6.36e-11
 3.22669e+16	2.23e-01	7.77e-01	7.73e-11
 3.26255e+16	2.57e-01	7.43e-01	9.49e-11
 3.29515e+16	2.95e-01	7.05e-01	1.17e-10
 3.32165e+16	3.29e-01	6.71e-01	1.40e-10
 3.34190e+16	3.59e-01	6.41e-01	1.63e-10
 3.35854e+16	3.85e-01	6.15e-01	1.86e-10
 3.37395e+16	4.10e-01	5.90e-01	2.11e-10
 3.38864e+16	4.35e-01	5.65e-01	2.38e-10
 3.40193e+16	4.59e-01	5.41e-01	2.67e-10
 3.41384e+16	4.80e-01	5.20e-01	2.97e-10
 3.42496e+16	5.01e-01	4.99e-01	3.30e-10
 3.43573e+16	5.21e-01	4.79e-01	3.64e-10
 3.44599e+16	5.41e-01	4.59e-01	4.04e-10
 3.45406e+16	5.56e-01	4.44e-01	4.35e-10
 3.45998e+16	5.67e-01	4.33e-01	4.60e-10
 3.46589e+16	5.79e-01	4.21e-01	4.91e-10
 3.47237e+16	5.92e-01	4.08e-01	5.25e-10
 3.47900e+16	6.04e-01	3.96e-01	5.63e-10
 3.48551e+16	6.17e-01	3.83e-01	6.03e-10
 3.49189e+16	6.29e-01	3.71e-01	6.45e-10
 3.49823e+16	6.41e-01	3.59e-01	6.90e-10
 3.50456e+16	6.52e-01	3.48e-01	7.40e-10
 3.51091e+16	6.64e-01	3.36e-01	7.96e-10
 3.51716e+16	6.75e-01	3.25e-01	8.50e-10
 3.52340e+16	6.87e-01	3.13e-01	9.16e-10
 3.52961e+16	6.97e-01	3.03e-01	9.80e-10
 3.53580e+16	7.08e-01	2.92e-01	1.06e-09
 3.54196e+16	7.19e-01	2.81e-01	1.13e-09
 3.54814e+16	7.29e-01	2.71e-01	1.22e-09
 3.55435e+16	7.39e-01	2.61e-01	1.31e-09
 3.56042e+16	7.49e-01	2.51e-01	1.41e-09
 3.56644e+16	7.58e-01	2.42e-01	1.52e-09
 3.57254e+16	7.68e-01	2.32e-01	1.64e-09
 3.57861e+16	7.77e-01	2.23e-01	1.76e-09
 3.58453e+16	7.85e-01	2.15e-01	1.91e-09
 3.59039e+16	7.93e-01	2.07e-01	2.04e-09
 3.59618e+16	8.02e-01	1.98e-01	2.21e-09
 3.60192e+16	8.09e-01	1.91e-01	2.38e-09
 3.60767e+16	8.17e-01	1.83e-01	2.57e-09
 3.61339e+16	8.24e-01	1.76e-01	2.77e-09
 3.61901e+16	8.31e-01	1.69e-01	2.98e-09
 3.62455e+16	8.37e-01	1.63e-01	3.21e-09
 3.63005e+16	8.44e-01	1.56e-01	3.46e-09
 3.63552e+16	8.50e-01	1.50e-01	3.73e-09
 3.64096e+16	8.55e-01	1.45e-01	4.01e-09
 3.64635e+16	8.61e-01	1.39e-01	4.34e-09
 3.65170e+16	8.66e-01	1.34e-01	4.65e-09
 3.65703e+16	8.72e-01	1.28e-01	5.04e-09
 3.66233e+16	8.77e-01	1.23e-01	5.40e-09
 3.66760e+16	8.81e-01	1.19e-01	5.86e-09
 3.67285e+16	8.86e-01	1.14e-01	6.25e-09
 3.67807e+16	8.90e-01	1.10e-01	6.77e-09
 3.68324e+16	8.95e-01	1.05e-01	7.32e-09
 3.68842e+16	8.99e-01	1.01e-01	7.89e-09
 3.69359e+16	9.03e-01	9.75e-02	8.48e-09
 3.69874e+16	9.06e-01	9.37e-02	9.19e-09
 3.70388e+16	9.10e-01	9.01e-02	9.88e-09
 3.70900e+16	9.13e-01	8.66e-02	1.07e-08
 3.71411e+16	9.17e-01	8.33e-02	1.15e-08
 3.71920e+16	9.20e-01	8.00e-02	1.24e-08
 3.72430e+16	9.23e-01	7.70e-02	1.33e-08
 3.72939e+16	9.26e-01	7.39e-02	1.45e-08
 3.73446e+16	9.29e-01	7.12e-02	1.55e-08
 3.73953e+16	9.32e-01	6.84e-02	1.68e-08
 3.74454e+16	9.34e-01	6.58e-02	1.81e-08
 3.74958e+16	9.37e-01	6.32e-02	1.97e-08
 3.75467e+16	9.39e-01	6.08e-02	2.12e-08
 3.75971e+16	9.42e-01	5.84e-02	2.29e-08
 3.76471e+16	9.44e-01	5.62e-02	2.46e-08
 3.76975e+16	9.46e-01	5.40e-02	2.68e-08
 3.77476e+16	9.48e-01	5.19e-02	2.89e-08
 3.77976e+16	9.50e-01	4.99e-02	3.14e-08
 3.78479e+16	9.52e-01	4.80e-02	3.38e-08
 3.78980e+16	9.54e-01	4.61e-02	3.69e-08
 3.79480e+16	9.56e-01	4.43e-02	3.99e-08
 3.79979e+16	9.57e-01	4.26e-02	4.34e-08
 3.80475e+16	9.59e-01	4.10e-02	4.71e-08
 3.80973e+16	9.61e-01	3.94e-02	5.12e-08
 3.81470e+16	9.62e-01	3.78e-02	5.58e-08
 3.81966e+16	9.64e-01	3.64e-02	6.08e-08
 3.82460e+16	9.65e-01	3.50e-02	6.61e-08
 3.82949e+16	9.66e-01	3.36e-02	7.20e-08
 3.83436e+16	9.68e-01	3.23e-02	7.86e-08
 3.83926e+16	9.69e-01	3.11e-02	8.58e-08
 3.84415e+16	9.70e-01	2.99e-02	9.37e-08
 3.84902e+16	9.71e-01	2.87e-02	1.03e-07
 3.85386e+16	9.72e-01	2.76e-02	1.12e-07
 3.85864e+16	9.73e-01	2.65e-02	1.22e-07
 3.86339e+16	9.74e-01	2.55e-02	1.34e-07
 3.86818e+16	9.75e-01	2.45e-02	1.46e-07
 3.87298e+16	9.76e-01	2.35e-02	1.60e-07
 3.87769e+16	9.77e-01	2.26e-02	1.74e-07
 3.88234e+16	9.78e-01	2.17e-02	1.88e-07
 3.88696e+16	9.79e-01	2.09e-02	2.03e-07
 3.89154e+16	9.80e-01	2.01e-02	2.18e-07
 3.89606e+16	9.81e-01	1.93e-02	2.33e-07
 3.90050e+16	9.81e-01	1.85e-02	2.46e-07
 3.90486e+16	9.82e-01	1.78e-02	2.58e-07
 3.90916e+16	9.83e-01	1.71e-02	2.67e-07
 3.91338e+16	9.84e-01	1.64e-02	2.73e-07
 3.91747e+16	9.84e-01	1.57e-02	2.78e-07
 3.92125e+16	9.85e-01	1.52e-02	2.80e-07
 3.92462e+16	9.85e-01	1.46e-02	2.81e-07
 3.92767e+16	9.86e-01	1.42e-02	2.80e-07
 3.93054e+16	9.86e-01	1.37e-02	2.80e-07
 3.93322e+16	9.87e-01	1.33e-02	2.79e-07
 3.93565e+16	9.87e-01	1.29e-02	2.79e-07
 3.93785e+16	9.87e-01	1.26e-02	2.78e-07
 3.93985e+16	9.88e-01	1.23e-02	2.78e-07
 3.94168e+16	9.88e-01	1.20e-02	2.78e-07
 3.94334e+16	9.88e-01	1.18e-02	2.78e-07
 3.94485e+16	9.88e-01	1.16e-02	2.79e-07
 3.94622e+16	9.89e-01	1.14e-02	2.79e-07
 3.94773e+16	9.89e-01	1.12e-02	2.80e-07
 3.94936e+16	9.89e-01	1.09e-02	2.82e-07
 3.95084e+16	9.89e-01	1.07e-02	2.83e-07
 3.95218e+16	9.89e-01	1.05e-02	2.85e-07
 3.95341e+16	9.90e-01	1.03e-02	2.86e-07
 3.95475e+16	9.90e-01	1.01e-02	2.88e-07
 3.95620e+16	9.90e-01	9.96e-03	2.90e-07
 3.95752e+16	9.90e-01	9.78e-03	2.93e-07
 3.95872e+16	9.90e-01	9.63e-03	2.95e-07
 3.96004e+16	9.91e-01	9.46e-03	2.98e-07
 3.96146e+16	9.91e-01	9.29e-03	3.01e-07
 3.96275e+16	9.91e-01	9.15e-03	3.03e-07
 3.96417e+16	9.91e-01	8.98e-03	3.07e-07
 3.96570e+16	9.91e-01	8.79e-03	3.11e-07
 3.96709e+16	9.91e-01	8.66e-03	3.14e-07
 3.96861e+16	9.92e-01	8.47e-03	3.19e-07
 3.97026e+16	9.92e-01	8.31e-03	3.23e-07
 3.97176e+16	9.92e-01	8.13e-03	3.29e-07
 3.97312e+16	9.92e-01	8.00e-03	3.33e-07
 3.97462e+16	9.92e-01	7.86e-03	3.37e-07
 3.97623e+16	9.92e-01	7.67e-03	3.45e-07
 3.97770e+16	9.92e-01	7.53e-03	3.51e-07
 3.97903e+16	9.93e-01	7.39e-03	3.57e-07
 3.98025e+16	9.93e-01	7.28e-03	3.62e-07
 3.98158e+16	9.93e-01	7.14e-03	3.69e-07
 3.98302e+16	9.93e-01	7.00e-03	3.76e-07
 3.98432e+16	9.93e-01	6.89e-03	3.81e-07
 3.98576e+16	9.93e-01	6.75e-03	3.91e-07
 3.98731e+16	9.93e-01	6.61e-03	3.99e-07
 3.98871e+16	9.94e-01	6.49e-03	4.06e-07
 3.99000e+16	9.94e-01	6.39e-03	4.12e-07
 3.99140e+16	9.94e-01	6.27e-03	4.21e-07
 3.99292e+16	9.94e-01	6.15e-03	4.28e-07
 3.99430e+16	9.94e-01	6.03e-03	4.38e-07
 3.99555e+16	9.94e-01	5.94e-03	4.44e-07
 3.99693e+16	9.94e-01	5.82e-03	4.53e-07
 3.99841e+16	9.94e-01	5.71e-03	4.62e-07
 3.99977e+16	9.94e-01	5.65e-03	4.63e-07
 4.00125e+16	9.94e-01	5.58e-03	4.63e-07
 4.00317e+16	9.94e-01	5.51e-03	4.62e-07
 4.00568e+16	9.95e-01	5.41e-03	4.62e-07
 4.00893e+16	9.95e-01	5.28e-03	4.61e-07
 4.01316e+16	9.95e-01	5.12e-03	4.60e-07
 4.01864e+16	9.95e-01	4.91e-03	4.59e-07
 4.02481e+16	9.95e-01	4.70e-03	4.58e-07
 4.03071e+16	9.95e-01	4.51e-03	4.57e-07
 4.03628e+16	9.96e-01	4.33e-03	4.56e-07
 4.04183e+16	9.96e-01	4.16e-03	4.55e-07
 4.04752e+16	9.96e-01	4.00e-03	4.54e-07
 4.05328e+16	9.96e-01	3.84e-03	4.53e-07
 4.05903e+16	9.96e-01	3.68e-03	4.52e-07
 4.06476e+16	9.96e-01	3.54e-03	4.51e-07
 4.07050e+16	9.97e-01	3.39e-03	4.50e-07
 4.07626e+16	9.97e-01	3.26e-03	4.49e-07
 4.08204e+16	9.97e-01	3.13e-03	4.49e-07
 4.08784e+16	9.97e-01	3.00e-03	4.48e-07
 4.09364e+16	9.97e-01	2.88e-03	4.47e-07
 4.09946e+16	9.97e-01	2.76e-03	4.47e-07
 4.10530e+16	9.97e-01	2.65e-03	4.46e-07
 4.11115e+16	9.97e-01	2.54e-03	4.45e-07
 4.11703e+16	9.98e-01	2.44e-03	4.45e-07
 4.12292e+16	9.98e-01	2.34e-03	4.44e-07
 4.12883e+16	9.98e-01	2.24e-03	4.44e-07
 4.13475e+16	9.98e-01	2.15e-03	4.43e-07
 4.14070e+16	9.98e-01	2.06e-03	4.42e-07
 4.14667e+16	9.98e-01	1.98e-03	4.42e-07
 4.15266e+16	9.98e-01	1.90e-03	4.41e-07
 4.15867e+16	9.98e-01	1.82e-03	4.41e-07
 4.16472e+16	9.98e-01	1.74e-03	4.41e-07
 4.17079e+16	9.98e-01	1.67e-03	4.40e-07
 4.17688e+16	9.98e-01	1.60e-03	4.40e-07
 4.18300e+16	9.98e-01	1.53e-03	4.39e-07
 4.18915e+16	9.99e-01	1.47e-03	4.39e-07
 4.19533e+16	9.99e-01	1.40e-03	4.39e-07
 4.20154e+16	9.99e-01	1.34e-03	4.38e-07
 4.20779e+16	9.99e-01	1.29e-03	4.38e-07
 4.21408e+16	9.99e-01	1.23e-03	4.38e-07
 4.22039e+16	9.99e-01	1.18e-03	4.37e-07
 4.22675e+16	9.99e-01	1.13e-03	4.37e-07
 4.23315e+16	9.99e-01	1.08e-03	4.37e-07
 4.23959e+16	9.99e-01	1.03e-03	4.37e-07
 4.24605e+16	9.99e-01	9.84e-04	4.36e-07
 4.25257e+16	9.99e-01	9.41e-04	4.36e-07
 4.25916e+16	9.99e-01	9.02e-04	4.36e-07
 4.26577e+16	9.99e-01	8.59e-04	4.36e-07
 4.27244e+16	9.99e-01	8.20e-04	4.35e-07
