#depth	He	He+	He+2
 1.05983e+11	9.70e-01	3.04e-02	1.13e-11
 6.35895e+11	9.70e-01	3.04e-02	1.13e-11
 2.75555e+12	9.70e-01	3.03e-02	1.13e-11
 1.12342e+13	9.70e-01	3.02e-02	1.12e-11
 2.68348e+13	9.70e-01	3.01e-02	1.11e-11
 4.71156e+13	9.70e-01	2.99e-02	1.10e-11
 7.34807e+13	9.70e-01	2.97e-02	1.08e-11
 1.07755e+14	9.71e-01	2.93e-02	1.05e-11
 1.52312e+14	9.71e-01	2.87e-02	1.02e-11
 2.10236e+14	9.72e-01	2.80e-02	9.79e-12
 2.85538e+14	9.73e-01	2.70e-02	9.31e-12
 3.83429e+14	9.74e-01	2.58e-02	8.79e-12
 5.10688e+14	9.76e-01	2.40e-02	8.10e-12
 6.75740e+14	9.78e-01	2.19e-02	7.35e-12
 8.54238e+14	9.80e-01	1.99e-02	6.73e-12
 1.01658e+15	9.82e-01	1.82e-02	6.27e-12
 1.15151e+15	9.83e-01	1.69e-02	6.01e-12
 1.25170e+15	9.84e-01	1.60e-02	5.87e-12
 1.32868e+15	9.85e-01	1.54e-02	5.78e-12
 1.39767e+15	9.85e-01	1.49e-02	5.73e-12
 1.46495e+15	9.86e-01	1.44e-02	5.69e-12
 1.52822e+15	9.86e-01	1.39e-02	5.69e-12
 1.58552e+15	9.86e-01	1.36e-02	5.71e-12
 1.63753e+15	9.87e-01	1.32e-02	5.74e-12
 1.67932e+15	9.87e-01	1.30e-02	5.79e-12
 1.71024e+15	9.87e-01	1.29e-02	5.82e-12
 1.73950e+15	9.87e-01	1.27e-02	5.86e-12
 1.77211e+15	9.87e-01	1.25e-02	5.89e-12
 1.80691e+15	9.88e-01	1.23e-02	5.94e-12
 1.84061e+15	9.88e-01	1.22e-02	6.00e-12
 1.87284e+15	9.88e-01	1.20e-02	6.07e-12
 1.90472e+15	9.88e-01	1.19e-02	6.14e-12
 1.93693e+15	9.88e-01	1.17e-02	6.20e-12
 1.96903e+15	9.88e-01	1.16e-02	6.28e-12
 2.00069e+15	9.89e-01	1.14e-02	6.36e-12
 2.03233e+15	9.89e-01	1.13e-02	6.45e-12
 2.06402e+15	9.89e-01	1.12e-02	6.54e-12
 2.09563e+15	9.89e-01	1.10e-02	6.64e-12
 2.12710e+15	9.89e-01	1.09e-02	6.74e-12
 2.15848e+15	9.89e-01	1.08e-02	6.84e-12
 2.18991e+15	9.89e-01	1.07e-02	6.95e-12
 2.22142e+15	9.89e-01	1.05e-02	7.06e-12
 2.25294e+15	9.90e-01	1.04e-02	7.18e-12
 2.28446e+15	9.90e-01	1.03e-02	7.29e-12
 2.31599e+15	9.90e-01	1.02e-02	7.41e-12
 2.34754e+15	9.90e-01	1.01e-02	7.53e-12
 2.37892e+15	9.90e-01	9.93e-03	7.66e-12
 2.40997e+15	9.90e-01	9.81e-03	7.78e-12
 2.44075e+15	9.90e-01	9.70e-03	7.90e-12
 2.47136e+15	9.90e-01	9.58e-03	8.03e-12
 2.50186e+15	9.91e-01	9.46e-03	8.15e-12
 2.53222e+15	9.91e-01	9.34e-03	8.27e-12
 2.56243e+15	9.91e-01	9.23e-03	8.39e-12
 2.59252e+15	9.91e-01	9.11e-03	8.51e-12
 2.62255e+15	9.91e-01	8.99e-03	8.63e-12
 2.65253e+15	9.91e-01	8.87e-03	8.74e-12
 2.68247e+15	9.91e-01	8.75e-03	8.85e-12
 2.71235e+15	9.91e-01	8.63e-03	8.96e-12
 2.74219e+15	9.91e-01	8.51e-03	9.07e-12
 2.77202e+15	9.92e-01	8.38e-03	9.17e-12
 2.80185e+15	9.92e-01	8.26e-03	9.27e-12
 2.83170e+15	9.92e-01	8.14e-03	9.37e-12
 2.86157e+15	9.92e-01	8.01e-03	9.46e-12
 2.89144e+15	9.92e-01	7.89e-03	9.55e-12
 2.92132e+15	9.92e-01	7.76e-03	9.63e-12
 2.95124e+15	9.92e-01	7.64e-03	9.71e-12
 2.98121e+15	9.92e-01	7.51e-03	9.79e-12
 3.01122e+15	9.93e-01	7.38e-03	9.86e-12
 3.04128e+15	9.93e-01	7.26e-03	9.92e-12
 3.07137e+15	9.93e-01	7.13e-03	9.98e-12
 3.10151e+15	9.93e-01	7.00e-03	1.00e-11
 3.13168e+15	9.93e-01	6.87e-03	1.01e-11
 3.16192e+15	9.93e-01	6.75e-03	1.01e-11
 3.19195e+15	9.93e-01	6.62e-03	1.02e-11
 3.22134e+15	9.94e-01	6.50e-03	1.02e-11
 3.24996e+15	9.94e-01	6.38e-03	1.02e-11
 3.27783e+15	9.94e-01	6.26e-03	1.02e-11
 3.30496e+15	9.94e-01	6.15e-03	1.02e-11
 3.33146e+15	9.94e-01	6.04e-03	1.02e-11
 3.35746e+15	9.94e-01	5.94e-03	1.02e-11
 3.38286e+15	9.94e-01	5.83e-03	1.02e-11
 3.40748e+15	9.94e-01	5.73e-03	1.02e-11
 3.43134e+15	9.94e-01	5.64e-03	1.02e-11
 3.45451e+15	9.94e-01	5.55e-03	1.02e-11
 3.47699e+15	9.95e-01	5.46e-03	1.02e-11
 3.49911e+15	9.95e-01	5.37e-03	1.01e-11
 3.52091e+15	9.95e-01	5.29e-03	1.01e-11
 3.54171e+15	9.95e-01	5.21e-03	1.01e-11
 3.56138e+15	9.95e-01	5.13e-03	1.00e-11
 3.58035e+15	9.95e-01	5.06e-03	1.00e-11
 3.59884e+15	9.95e-01	4.99e-03	9.96e-12
 3.61675e+15	9.95e-01	4.92e-03	9.91e-12
 3.63406e+15	9.95e-01	4.86e-03	9.86e-12
 3.65077e+15	9.95e-01	4.79e-03	9.81e-12
 3.66695e+15	9.95e-01	4.73e-03	9.76e-12
 3.68270e+15	9.95e-01	4.67e-03	9.70e-12
 3.69805e+15	9.95e-01	4.62e-03	9.64e-12
 3.71019e+15	9.95e-01	4.58e-03	9.59e-12
 3.71769e+15	9.95e-01	4.55e-03	9.54e-12
 3.72340e+15	9.95e-01	4.53e-03	9.53e-12
 3.72974e+15	9.95e-01	4.51e-03	9.51e-12
 3.73798e+15	9.96e-01	4.47e-03	9.46e-12
 3.74661e+15	9.96e-01	4.44e-03	9.42e-12
 3.75436e+15	9.96e-01	4.42e-03	9.38e-12
 3.76186e+15	9.96e-01	4.39e-03	9.33e-12
 3.76963e+15	9.96e-01	4.36e-03	9.29e-12
 3.77862e+15	9.96e-01	4.33e-03	9.24e-12
 3.78843e+15	9.96e-01	4.29e-03	9.18e-12
 3.79808e+15	9.96e-01	4.26e-03	9.12e-12
 3.80805e+15	9.96e-01	4.22e-03	9.06e-12
 3.81915e+15	9.96e-01	4.18e-03	8.99e-12
 3.83196e+15	9.96e-01	4.14e-03	8.91e-12
 3.84704e+15	9.96e-01	4.08e-03	8.80e-12
 3.86451e+15	9.96e-01	4.02e-03	8.67e-12
 3.88257e+15	9.96e-01	3.95e-03	8.54e-12
 3.89932e+15	9.96e-01	3.89e-03	8.40e-12
 3.91456e+15	9.96e-01	3.83e-03	8.28e-12
 3.92844e+15	9.96e-01	3.77e-03	8.15e-12
 3.94106e+15	9.96e-01	3.72e-03	8.03e-12
 3.95255e+15	9.96e-01	3.68e-03	7.91e-12
 3.96300e+15	9.96e-01	3.63e-03	7.79e-12
 3.97252e+15	9.96e-01	3.59e-03	7.69e-12
 3.98117e+15	9.96e-01	3.55e-03	7.59e-12
 3.98905e+15	9.96e-01	3.52e-03	7.49e-12
 3.99622e+15	9.97e-01	3.49e-03	7.41e-12
 4.00274e+15	9.97e-01	3.46e-03	7.32e-12
 4.00868e+15	9.97e-01	3.43e-03	7.24e-12
 4.01408e+15	9.97e-01	3.41e-03	7.17e-12
 4.02000e+15	9.97e-01	3.38e-03	7.10e-12
 4.02639e+15	9.97e-01	3.35e-03	7.00e-12
 4.03221e+15	9.97e-01	3.32e-03	6.93e-12
 4.03750e+15	9.97e-01	3.30e-03	6.87e-12
 4.04330e+15	9.97e-01	3.27e-03	6.80e-12
 4.04956e+15	9.97e-01	3.24e-03	6.72e-12
 4.05526e+15	9.97e-01	3.22e-03	6.64e-12
 4.06044e+15	9.97e-01	3.19e-03	6.59e-12
 4.06613e+15	9.97e-01	3.17e-03	6.52e-12
 4.07226e+15	9.97e-01	3.14e-03	6.44e-12
 4.07784e+15	9.97e-01	3.11e-03	6.36e-12
 4.08292e+15	9.97e-01	3.09e-03	6.30e-12
 4.08848e+15	9.97e-01	3.07e-03	6.24e-12
 4.09449e+15	9.97e-01	3.04e-03	6.16e-12
 4.09996e+15	9.97e-01	3.01e-03	6.10e-12
 4.10494e+15	9.97e-01	2.99e-03	6.02e-12
 4.10946e+15	9.97e-01	2.97e-03	5.96e-12
 4.11358e+15	9.97e-01	2.95e-03	5.90e-12
 4.11810e+15	9.97e-01	2.93e-03	5.85e-12
 4.12397e+15	9.97e-01	2.90e-03	5.77e-12
 4.13031e+15	9.97e-01	2.87e-03	5.68e-12
 4.13607e+15	9.97e-01	2.84e-03	5.60e-12
 4.14132e+15	9.97e-01	2.81e-03	5.53e-12
 4.14609e+15	9.97e-01	2.79e-03	5.47e-12
 4.15044e+15	9.97e-01	2.77e-03	5.41e-12
 4.15439e+15	9.97e-01	2.75e-03	5.35e-12
 4.15873e+15	9.97e-01	2.73e-03	5.31e-12
 4.16436e+15	9.97e-01	2.71e-03	5.23e-12
 4.17044e+15	9.97e-01	2.67e-03	5.15e-12
 4.17598e+15	9.97e-01	2.65e-03	5.09e-12
 4.18101e+15	9.97e-01	2.63e-03	5.03e-12
 4.18559e+15	9.97e-01	2.61e-03	4.97e-12
 4.18976e+15	9.97e-01	2.59e-03	4.92e-12
 4.19433e+15	9.97e-01	2.56e-03	4.85e-12
 4.20028e+15	9.97e-01	2.56e-03	4.86e-12
 4.20800e+15	9.97e-01	2.54e-03	4.84e-12
 4.21804e+15	9.97e-01	2.53e-03	4.87e-12
 4.23109e+15	9.97e-01	2.51e-03	4.87e-12
 4.24806e+15	9.98e-01	2.48e-03	4.87e-12
 4.27011e+15	9.98e-01	2.45e-03	4.87e-12
 4.29879e+15	9.98e-01	2.41e-03	4.87e-12
 4.33607e+15	9.98e-01	2.35e-03	4.86e-12
 4.38035e+15	9.98e-01	2.29e-03	4.85e-12
 4.42562e+15	9.98e-01	2.22e-03	4.84e-12
 4.46871e+15	9.98e-01	2.17e-03	4.83e-12
 4.51101e+15	9.98e-01	2.11e-03	4.82e-12
 4.55422e+15	9.98e-01	2.05e-03	4.80e-12
 4.59841e+15	9.98e-01	1.99e-03	4.78e-12
 4.64290e+15	9.98e-01	1.94e-03	4.75e-12
 4.68740e+15	9.98e-01	1.88e-03	4.73e-12
 4.73209e+15	9.98e-01	1.83e-03	4.70e-12
 4.77708e+15	9.98e-01	1.78e-03	4.67e-12
 4.82235e+15	9.98e-01	1.72e-03	4.64e-12
 4.86795e+15	9.98e-01	1.67e-03	4.60e-12
 4.91391e+15	9.98e-01	1.62e-03	4.57e-12
 4.96016e+15	9.98e-01	1.57e-03	4.53e-12
 5.00662e+15	9.98e-01	1.53e-03	4.49e-12
 5.05327e+15	9.99e-01	1.48e-03	4.44e-12
 5.10016e+15	9.99e-01	1.43e-03	4.40e-12
 5.14740e+15	9.99e-01	1.39e-03	4.35e-12
 5.19496e+15	9.99e-01	1.34e-03	4.30e-12
 5.24281e+15	9.99e-01	1.30e-03	4.25e-12
 5.29094e+15	9.99e-01	1.26e-03	4.19e-12
 5.33930e+15	9.99e-01	1.22e-03	4.14e-12
 5.38786e+15	9.99e-01	1.18e-03	4.08e-12
 5.43669e+15	9.99e-01	1.14e-03	4.02e-12
 5.48586e+15	9.99e-01	1.10e-03	3.96e-12
 5.53527e+15	9.99e-01	1.06e-03	3.90e-12
 5.58483e+15	9.99e-01	1.03e-03	3.84e-12
 5.63468e+15	9.99e-01	9.92e-04	3.78e-12
 5.68491e+15	9.99e-01	9.57e-04	3.71e-12
 5.73550e+15	9.99e-01	9.23e-04	3.64e-12
 5.78644e+15	9.99e-01	8.90e-04	3.58e-12
 5.83781e+15	9.99e-01	8.58e-04	3.51e-12
 5.88964e+15	9.99e-01	8.27e-04	3.43e-12
 5.94171e+15	9.99e-01	7.96e-04	3.36e-12
 5.99398e+15	9.99e-01	7.67e-04	3.29e-12
 6.04642e+15	9.99e-01	7.38e-04	3.22e-12
 6.09869e+15	9.99e-01	7.11e-04	3.15e-12
 6.15093e+15	9.99e-01	6.84e-04	3.07e-12
 6.20339e+15	9.99e-01	6.58e-04	3.00e-12
 6.25582e+15	9.99e-01	6.33e-04	2.93e-12
 6.30829e+15	9.99e-01	6.09e-04	2.86e-12
 6.36110e+15	9.99e-01	5.86e-04	2.79e-12
 6.41426e+15	9.99e-01	5.63e-04	2.72e-12
 6.46762e+15	9.99e-01	5.41e-04	2.64e-12
 6.52119e+15	9.99e-01	5.20e-04	2.57e-12
 6.57508e+15	1.00e+00	4.99e-04	2.50e-12
 6.62933e+15	1.00e+00	4.79e-04	2.43e-12
 6.68392e+15	1.00e+00	4.60e-04	2.35e-12
 6.73892e+15	1.00e+00	4.41e-04	2.28e-12
 6.79425e+15	1.00e+00	4.23e-04	2.21e-12
 6.84947e+15	1.00e+00	4.05e-04	2.14e-12
 6.90447e+15	1.00e+00	3.89e-04	2.07e-12
 6.95959e+15	1.00e+00	3.72e-04	2.01e-12
 7.01515e+15	1.00e+00	3.57e-04	1.94e-12
 7.07096e+15	1.00e+00	3.42e-04	1.87e-12
 7.12717e+15	1.00e+00	3.27e-04	1.80e-12
 7.18397e+15	1.00e+00	3.13e-04	1.74e-12
 7.24103e+15	1.00e+00	2.99e-04	1.68e-12
 7.29820e+15	1.00e+00	2.86e-04	1.61e-12
 7.35555e+15	1.00e+00	2.73e-04	1.55e-12
 7.41327e+15	1.00e+00	2.61e-04	1.49e-12
 7.47119e+15	1.00e+00	2.49e-04	1.43e-12
 7.52939e+15	1.00e+00	2.38e-04	1.37e-12
 7.58793e+15	1.00e+00	2.27e-04	1.31e-12
 7.64690e+15	1.00e+00	2.17e-04	1.26e-12
 7.70586e+15	1.00e+00	2.07e-04	1.21e-12
 7.76471e+15	1.00e+00	1.97e-04	1.15e-12
