#depth	He	He+	He+2
 9.99181e+11	1.79e-03	9.61e-01	3.74e-02
 5.99508e+12	1.79e-03	9.61e-01	3.74e-02
 2.59787e+13	1.79e-03	9.61e-01	3.74e-02
 1.05913e+14	1.79e-03	9.61e-01	3.72e-02
 2.52993e+14	1.79e-03	9.61e-01	3.75e-02
 4.44196e+14	1.79e-03	9.61e-01	3.75e-02
 6.92760e+14	1.79e-03	9.61e-01	3.74e-02
 1.01589e+15	1.79e-03	9.61e-01	3.70e-02
 1.43597e+15	1.79e-03	9.62e-01	3.64e-02
 1.98206e+15	1.79e-03	9.63e-01	3.53e-02
 2.69199e+15	1.80e-03	9.65e-01	3.36e-02
 3.61489e+15	1.80e-03	9.67e-01	3.12e-02
 4.81466e+15	1.81e-03	9.70e-01	2.80e-02
 6.37436e+15	1.82e-03	9.74e-01	2.40e-02
 8.40198e+15	1.83e-03	9.79e-01	1.92e-02
 1.10379e+16	1.85e-03	9.84e-01	1.41e-02
 1.44645e+16	1.87e-03	9.89e-01	9.28e-03
 1.89192e+16	1.89e-03	9.93e-01	5.31e-03
 2.47103e+16	1.91e-03	9.96e-01	2.57e-03
 3.22387e+16	1.94e-03	9.97e-01	1.01e-03
 3.83185e+16	1.94e-03	9.98e-01	4.72e-04
 4.21504e+16	1.96e-03	9.98e-01	3.01e-04
 4.63654e+16	1.97e-03	9.98e-01	1.85e-04
 5.10020e+16	1.99e-03	9.98e-01	1.11e-04
 5.61022e+16	2.01e-03	9.98e-01	6.40e-05
 6.17124e+16	2.03e-03	9.98e-01	3.59e-05
 6.78836e+16	2.05e-03	9.98e-01	1.96e-05
 7.46720e+16	2.08e-03	9.98e-01	1.05e-05
 8.21392e+16	2.11e-03	9.98e-01	5.46e-06
 9.03531e+16	2.15e-03	9.98e-01	2.79e-06
 9.93884e+16	2.19e-03	9.98e-01	1.40e-06
 1.09327e+17	2.24e-03	9.98e-01	6.93e-07
 1.20260e+17	2.29e-03	9.98e-01	3.37e-07
 1.32286e+17	2.36e-03	9.98e-01	1.61e-07
 1.45515e+17	2.44e-03	9.98e-01	7.55e-08
 1.60066e+17	2.53e-03	9.97e-01	3.48e-08
 1.76073e+17	2.64e-03	9.97e-01	1.57e-08
 1.93680e+17	2.77e-03	9.97e-01	6.98e-09
 2.13048e+17	2.93e-03	9.97e-01	3.04e-09
 2.34353e+17	3.13e-03	9.97e-01	1.30e-09
 2.57788e+17	3.39e-03	9.97e-01	5.46e-10
 2.83567e+17	3.72e-03	9.96e-01	2.26e-10
 3.10304e+17	4.12e-03	9.96e-01	9.79e-11
 3.35164e+17	4.58e-03	9.95e-01	4.82e-11
 3.57072e+17	5.06e-03	9.95e-01	2.73e-11
 3.76824e+17	5.59e-03	9.94e-01	1.70e-11
 3.95239e+17	6.19e-03	9.94e-01	1.14e-11
 4.12531e+17	6.87e-03	9.93e-01	8.13e-12
 4.28531e+17	7.64e-03	9.92e-01	6.11e-12
 4.41939e+17	8.41e-03	9.92e-01	4.93e-12
 4.52543e+17	9.16e-03	9.91e-01	4.21e-12
 4.62188e+17	9.97e-03	9.90e-01	3.67e-12
 4.73219e+17	1.11e-02	9.89e-01	3.17e-12
 4.84570e+17	1.24e-02	9.88e-01	2.73e-12
 4.93432e+17	1.38e-02	9.86e-01	2.45e-12
 5.00437e+17	1.51e-02	9.85e-01	2.26e-12
 5.07931e+17	1.67e-02	9.83e-01	2.07e-12
 5.15979e+17	1.89e-02	9.81e-01	1.88e-12
 5.22795e+17	2.13e-02	9.79e-01	1.72e-12
 5.28371e+17	2.37e-02	9.76e-01	1.61e-12
 5.33492e+17	2.65e-02	9.74e-01	1.51e-12
 5.39352e+17	3.04e-02	9.70e-01	1.40e-12
 5.45367e+17	3.58e-02	9.64e-01	1.27e-12
 5.50016e+17	4.15e-02	9.59e-01	1.18e-12
 5.53617e+17	4.72e-02	9.53e-01	1.11e-12
 5.56907e+17	5.38e-02	9.46e-01	1.04e-12
 5.60143e+17	6.21e-02	9.38e-01	9.69e-13
 5.63286e+17	7.28e-02	9.27e-01	8.93e-13
 5.65814e+17	8.42e-02	9.16e-01	8.23e-13
 5.67474e+17	9.37e-02	9.06e-01	7.82e-13
 5.68793e+17	1.03e-01	8.97e-01	7.48e-13
 5.70267e+17	1.15e-01	8.85e-01	7.07e-13
 5.71841e+17	1.31e-01	8.69e-01	6.52e-13
 5.73133e+17	1.47e-01	8.53e-01	6.07e-13
 5.74135e+17	1.62e-01	8.38e-01	5.72e-13
 5.75033e+17	1.77e-01	8.23e-01	5.39e-13
 5.75925e+17	1.96e-01	8.04e-01	5.03e-13
 5.76766e+17	2.16e-01	7.84e-01	4.66e-13
 5.77514e+17	2.37e-01	7.63e-01	4.34e-13
 5.78186e+17	2.58e-01	7.42e-01	4.03e-13
 5.78800e+17	2.80e-01	7.20e-01	3.75e-13
 5.79372e+17	3.03e-01	6.97e-01	3.48e-13
 5.79906e+17	3.26e-01	6.74e-01	3.23e-13
 5.80403e+17	3.49e-01	6.51e-01	3.00e-13
 5.80872e+17	3.72e-01	6.28e-01	2.80e-13
 5.81316e+17	3.95e-01	6.05e-01	2.61e-13
 5.81701e+17	4.15e-01	5.85e-01	2.45e-13
 5.82004e+17	4.31e-01	5.69e-01	2.34e-13
 5.82251e+17	4.44e-01	5.56e-01	2.26e-13
 5.82473e+17	4.56e-01	5.44e-01	2.20e-13
 5.82686e+17	4.68e-01	5.32e-01	2.13e-13
 5.82888e+17	4.78e-01	5.22e-01	2.08e-13
 5.83074e+17	4.88e-01	5.12e-01	2.04e-13
 5.83249e+17	4.96e-01	5.04e-01	2.01e-13
 5.83413e+17	5.04e-01	4.96e-01	1.98e-13
 5.83542e+17	5.10e-01	4.90e-01	1.96e-13
 5.83633e+17	5.14e-01	4.86e-01	1.95e-13
 5.83718e+17	5.18e-01	4.82e-01	1.94e-13
 5.83818e+17	5.23e-01	4.77e-01	1.92e-13
 5.83926e+17	5.28e-01	4.72e-01	1.91e-13
 5.84032e+17	5.33e-01	4.67e-01	1.90e-13
 5.84133e+17	5.37e-01	4.63e-01	1.90e-13
 5.84233e+17	5.42e-01	4.58e-01	1.89e-13
 5.84334e+17	5.47e-01	4.53e-01	1.89e-13
 5.84436e+17	5.51e-01	4.49e-01	1.88e-13
 5.84539e+17	5.56e-01	4.44e-01	1.88e-13
 5.84642e+17	5.60e-01	4.40e-01	1.88e-13
 5.84746e+17	5.65e-01	4.35e-01	1.88e-13
 5.84849e+17	5.70e-01	4.30e-01	1.88e-13
 5.84952e+17	5.74e-01	4.26e-01	1.89e-13
 5.85057e+17	5.78e-01	4.22e-01	1.89e-13
 5.85165e+17	5.83e-01	4.17e-01	1.89e-13
 5.85271e+17	5.88e-01	4.12e-01	1.90e-13
 5.85378e+17	5.93e-01	4.07e-01	1.91e-13
 5.85487e+17	5.97e-01	4.03e-01	1.91e-13
 5.85599e+17	6.03e-01	3.97e-01	1.92e-13
 5.85711e+17	6.07e-01	3.93e-01	1.93e-13
 5.85825e+17	6.13e-01	3.87e-01	1.93e-13
 5.85941e+17	6.18e-01	3.82e-01	1.94e-13
 5.86058e+17	6.24e-01	3.76e-01	1.95e-13
 5.86177e+17	6.29e-01	3.71e-01	1.96e-13
 5.86301e+17	6.35e-01	3.65e-01	1.97e-13
 5.86427e+17	6.41e-01	3.59e-01	1.98e-13
 5.86554e+17	6.47e-01	3.53e-01	1.98e-13
 5.86682e+17	6.54e-01	3.46e-01	1.99e-13
 5.86815e+17	6.60e-01	3.39e-01	2.00e-13
 5.86951e+17	6.67e-01	3.33e-01	2.00e-13
 5.87088e+17	6.74e-01	3.26e-01	2.00e-13
 5.87225e+17	6.81e-01	3.19e-01	2.01e-13
 5.87365e+17	6.88e-01	3.12e-01	2.01e-13
 5.87509e+17	6.95e-01	3.05e-01	2.01e-13
 5.87656e+17	7.03e-01	2.97e-01	2.01e-13
 5.87806e+17	7.11e-01	2.89e-01	2.01e-13
 5.87956e+17	7.18e-01	2.82e-01	2.00e-13
 5.88107e+17	7.26e-01	2.74e-01	2.00e-13
 5.88260e+17	7.33e-01	2.67e-01	1.99e-13
 5.88416e+17	7.41e-01	2.59e-01	1.98e-13
 5.88574e+17	7.49e-01	2.51e-01	1.97e-13
 5.88732e+17	7.57e-01	2.43e-01	1.96e-13
 5.88892e+17	7.64e-01	2.36e-01	1.95e-13
 5.89054e+17	7.72e-01	2.28e-01	1.94e-13
 5.89217e+17	7.80e-01	2.20e-01	1.92e-13
 5.89382e+17	7.87e-01	2.13e-01	1.91e-13
 5.89546e+17	7.94e-01	2.06e-01	1.89e-13
 5.89711e+17	8.01e-01	1.99e-01	1.88e-13
 5.89878e+17	8.09e-01	1.91e-01	1.85e-13
 5.90046e+17	8.15e-01	1.85e-01	1.84e-13
 5.90213e+17	8.22e-01	1.78e-01	1.81e-13
 5.90381e+17	8.29e-01	1.71e-01	1.80e-13
 5.90549e+17	8.35e-01	1.65e-01	1.77e-13
 5.90719e+17	8.41e-01	1.59e-01	1.75e-13
 5.90888e+17	8.47e-01	1.53e-01	1.73e-13
 5.91057e+17	8.53e-01	1.47e-01	1.71e-13
 5.91226e+17	8.59e-01	1.41e-01	1.68e-13
 5.91396e+17	8.65e-01	1.35e-01	1.66e-13
 5.91566e+17	8.70e-01	1.30e-01	1.64e-13
 5.91734e+17	8.75e-01	1.25e-01	1.61e-13
 5.91904e+17	8.80e-01	1.20e-01	1.59e-13
 5.92074e+17	8.85e-01	1.15e-01	1.56e-13
 5.92245e+17	8.90e-01	1.10e-01	1.54e-13
 5.92414e+17	8.94e-01	1.06e-01	1.52e-13
 5.92581e+17	8.98e-01	1.02e-01	1.49e-13
 5.92749e+17	9.02e-01	9.75e-02	1.47e-13
 5.92918e+17	9.07e-01	9.35e-02	1.44e-13
 5.93088e+17	9.10e-01	8.96e-02	1.42e-13
 5.93257e+17	9.14e-01	8.59e-02	1.39e-13
 5.93424e+17	9.18e-01	8.25e-02	1.37e-13
 5.93590e+17	9.21e-01	7.91e-02	1.35e-13
 5.93755e+17	9.24e-01	7.59e-02	1.32e-13
 5.93923e+17	9.27e-01	7.27e-02	1.30e-13
 5.94091e+17	9.30e-01	6.97e-02	1.27e-13
 5.94257e+17	9.33e-01	6.69e-02	1.25e-13
 5.94422e+17	9.36e-01	6.41e-02	1.22e-13
 5.94588e+17	9.39e-01	6.14e-02	1.20e-13
 5.94753e+17	9.41e-01	5.88e-02	1.17e-13
 5.94919e+17	9.44e-01	5.64e-02	1.15e-13
 5.95082e+17	9.46e-01	5.40e-02	1.13e-13
 5.95245e+17	9.48e-01	5.18e-02	1.10e-13
 5.95409e+17	9.50e-01	4.96e-02	1.08e-13
 5.95571e+17	9.52e-01	4.76e-02	1.05e-13
 5.95733e+17	9.54e-01	4.56e-02	1.03e-13
 5.95893e+17	9.56e-01	4.37e-02	1.01e-13
 5.96053e+17	9.58e-01	4.19e-02	9.84e-14
 5.96212e+17	9.60e-01	4.02e-02	9.61e-14
 5.96369e+17	9.61e-01	3.86e-02	9.38e-14
 5.96526e+17	9.63e-01	3.71e-02	9.16e-14
 5.96681e+17	9.64e-01	3.56e-02	8.94e-14
 5.96835e+17	9.66e-01	3.42e-02	8.72e-14
 5.96987e+17	9.67e-01	3.29e-02	8.50e-14
 5.97137e+17	9.68e-01	3.16e-02	8.29e-14
 5.97285e+17	9.70e-01	3.04e-02	8.08e-14
 5.97426e+17	9.71e-01	2.93e-02	7.88e-14
 5.97557e+17	9.72e-01	2.83e-02	7.70e-14
 5.97678e+17	9.73e-01	2.75e-02	7.52e-14
 5.97793e+17	9.73e-01	2.67e-02	7.36e-14
 5.97903e+17	9.74e-01	2.59e-02	7.19e-14
 5.98005e+17	9.75e-01	2.52e-02	7.04e-14
 5.98099e+17	9.75e-01	2.46e-02	6.90e-14
 5.98189e+17	9.76e-01	2.40e-02	6.76e-14
 5.98274e+17	9.77e-01	2.35e-02	6.63e-14
 5.98355e+17	9.77e-01	2.30e-02	6.51e-14
 5.98431e+17	9.77e-01	2.25e-02	6.40e-14
 5.98500e+17	9.78e-01	2.21e-02	6.29e-14
 5.98563e+17	9.78e-01	2.18e-02	6.19e-14
 5.98620e+17	9.79e-01	2.14e-02	6.10e-14
 5.98672e+17	9.79e-01	2.11e-02	6.02e-14
 5.98720e+17	9.79e-01	2.09e-02	5.94e-14
 5.98772e+17	9.79e-01	2.06e-02	5.87e-14
 5.98828e+17	9.80e-01	2.02e-02	5.77e-14
 5.98879e+17	9.80e-01	2.00e-02	5.69e-14
 5.98925e+17	9.80e-01	1.97e-02	5.62e-14
 5.98967e+17	9.81e-01	1.95e-02	5.55e-14
 5.99006e+17	9.81e-01	1.93e-02	5.50e-14
 5.99048e+17	9.81e-01	1.90e-02	5.43e-14
 5.99093e+17	9.81e-01	1.88e-02	5.36e-14
 5.99135e+17	9.81e-01	1.86e-02	5.29e-14
 5.99172e+17	9.82e-01	1.84e-02	5.24e-14
 5.99214e+17	9.82e-01	1.82e-02	5.18e-14
 5.99267e+17	9.82e-01	1.79e-02	5.09e-14
 5.99325e+17	9.82e-01	1.76e-02	5.02e-14
 5.99378e+17	9.83e-01	1.73e-02	4.95e-14
 5.99426e+17	9.83e-01	1.71e-02	4.89e-14
 5.99470e+17	9.83e-01	1.69e-02	4.83e-14
 5.99517e+17	9.83e-01	1.66e-02	4.75e-14
 5.99569e+17	9.84e-01	1.64e-02	4.69e-14
 5.99616e+17	9.84e-01	1.62e-02	4.64e-14
 5.99668e+17	9.84e-01	1.59e-02	4.55e-14
 5.99723e+17	9.84e-01	1.57e-02	4.49e-14
 5.99774e+17	9.85e-01	1.54e-02	4.42e-14
 5.99820e+17	9.85e-01	1.52e-02	4.37e-14
 5.99870e+17	9.85e-01	1.50e-02	4.31e-14
 5.99936e+17	9.85e-01	1.47e-02	4.21e-14
 6.00007e+17	9.86e-01	1.44e-02	4.13e-14
 6.00071e+17	9.86e-01	1.41e-02	4.05e-14
 6.00130e+17	9.86e-01	1.38e-02	3.97e-14
 6.00183e+17	9.86e-01	1.36e-02	3.91e-14
 6.00232e+17	9.87e-01	1.34e-02	3.85e-14
 6.00276e+17	9.87e-01	1.32e-02	3.80e-14
 6.00324e+17	9.87e-01	1.30e-02	3.75e-14
 6.00387e+17	9.87e-01	1.27e-02	3.66e-14
 6.00455e+17	9.88e-01	1.25e-02	3.59e-14
 6.00517e+17	9.88e-01	1.22e-02	3.51e-14
 6.00573e+17	9.88e-01	1.20e-02	3.45e-14
 6.00624e+17	9.88e-01	1.18e-02	3.40e-14
 6.00671e+17	9.88e-01	1.16e-02	3.34e-14
 6.00722e+17	9.88e-01	1.15e-02	3.33e-14
 6.00788e+17	9.89e-01	1.13e-02	3.30e-14
 6.00875e+17	9.89e-01	1.11e-02	3.26e-14
 6.00987e+17	9.89e-01	1.08e-02	3.22e-14
 6.01133e+17	9.90e-01	1.04e-02	3.17e-14
 6.01322e+17	9.90e-01	9.94e-03	3.11e-14
 6.01538e+17	9.91e-01	9.48e-03	3.06e-14
 6.01740e+17	9.91e-01	9.08e-03	3.01e-14
 6.01922e+17	9.91e-01	8.71e-03	2.95e-14
 6.02114e+17	9.92e-01	8.30e-03	2.87e-14
 6.02335e+17	9.92e-01	7.86e-03	2.79e-14
 6.02568e+17	9.93e-01	7.44e-03	2.71e-14
 6.02786e+17	9.93e-01	7.06e-03	2.64e-14
 6.02993e+17	9.93e-01	6.71e-03	2.56e-14
 6.03212e+17	9.94e-01	6.34e-03	2.47e-14
 6.03450e+17	9.94e-01	5.96e-03	2.38e-14
 6.03691e+17	9.94e-01	5.62e-03	2.30e-14
 6.03920e+17	9.95e-01	5.30e-03	2.21e-14
 6.04146e+17	9.95e-01	5.00e-03	2.13e-14
 6.04384e+17	9.95e-01	4.69e-03	2.04e-14
 6.04633e+17	9.96e-01	4.40e-03	1.95e-14
 6.04882e+17	9.96e-01	4.12e-03	1.87e-14
 6.05128e+17	9.96e-01	3.86e-03	1.78e-14
 6.05377e+17	9.96e-01	3.61e-03	1.70e-14
 6.05633e+17	9.97e-01	3.37e-03	1.61e-14
 6.05894e+17	9.97e-01	3.14e-03	1.53e-14
 6.06158e+17	9.97e-01	2.92e-03	1.45e-14
 6.06425e+17	9.97e-01	2.71e-03	1.37e-14
 6.06698e+17	9.97e-01	2.51e-03	1.29e-14
 6.06975e+17	9.98e-01	2.32e-03	1.21e-14
 6.07259e+17	9.98e-01	2.14e-03	1.14e-14
 6.07551e+17	9.98e-01	1.97e-03	1.06e-14
 6.07853e+17	9.98e-01	1.81e-03	9.87e-15
 6.08160e+17	9.98e-01	1.65e-03	9.16e-15
 6.08471e+17	9.98e-01	1.51e-03	8.47e-15
 6.08796e+17	9.99e-01	1.37e-03	7.78e-15
 6.09139e+17	9.99e-01	1.24e-03	7.11e-15
 6.09492e+17	9.99e-01	1.11e-03	6.47e-15
 6.09855e+17	9.99e-01	9.99e-04	5.85e-15
 6.10231e+17	9.99e-01	8.91e-04	5.26e-15
 6.10630e+17	9.99e-01	7.88e-04	4.69e-15
 6.11055e+17	9.99e-01	6.91e-04	4.14e-15
 6.11500e+17	9.99e-01	6.02e-04	3.63e-15
 6.11956e+17	9.99e-01	5.22e-04	3.17e-15
