#depth	H	H+	H2
 1.05983e+11	2.23e-01	7.77e-01	1.03e-09
 6.35895e+11	2.23e-01	7.77e-01	1.03e-09
 2.75555e+12	2.23e-01	7.77e-01	1.03e-09
 1.12342e+13	2.23e-01	7.77e-01	1.04e-09
 2.68348e+13	2.22e-01	7.78e-01	1.05e-09
 4.71156e+13	2.21e-01	7.79e-01	1.06e-09
 7.34807e+13	2.21e-01	7.79e-01	1.09e-09
 1.07755e+14	2.21e-01	7.79e-01	1.12e-09
 1.52312e+14	2.23e-01	7.77e-01	1.16e-09
 2.10236e+14	2.26e-01	7.74e-01	1.21e-09
 2.85538e+14	2.31e-01	7.69e-01	1.29e-09
 3.83429e+14	2.39e-01	7.61e-01	1.41e-09
 5.10688e+14	2.54e-01	7.46e-01	1.58e-09
 6.75740e+14	2.77e-01	7.23e-01	1.87e-09
 8.54238e+14	3.07e-01	6.93e-01	2.25e-09
 1.01658e+15	3.42e-01	6.58e-01	2.72e-09
 1.15151e+15	3.76e-01	6.24e-01	3.22e-09
 1.25170e+15	4.05e-01	5.95e-01	3.70e-09
 1.32868e+15	4.30e-01	5.70e-01	4.15e-09
 1.39767e+15	4.52e-01	5.48e-01	4.62e-09
 1.46495e+15	4.75e-01	5.25e-01	5.16e-09
 1.52822e+15	4.98e-01	5.02e-01	5.73e-09
 1.58552e+15	5.19e-01	4.81e-01	6.32e-09
 1.63753e+15	5.38e-01	4.62e-01	6.93e-09
 1.67932e+15	5.53e-01	4.47e-01	7.46e-09
 1.71024e+15	5.65e-01	4.35e-01	7.91e-09
 1.73950e+15	5.76e-01	4.24e-01	8.36e-09
 1.77211e+15	5.88e-01	4.12e-01	8.93e-09
 1.80691e+15	6.01e-01	3.99e-01	9.58e-09
 1.84061e+15	6.14e-01	3.86e-01	1.03e-08
 1.87284e+15	6.26e-01	3.74e-01	1.09e-08
 1.90472e+15	6.38e-01	3.62e-01	1.17e-08
 1.93693e+15	6.50e-01	3.50e-01	1.25e-08
 1.96903e+15	6.61e-01	3.39e-01	1.34e-08
 2.00069e+15	6.73e-01	3.27e-01	1.44e-08
 2.03233e+15	6.84e-01	3.16e-01	1.54e-08
 2.06402e+15	6.95e-01	3.05e-01	1.66e-08
 2.09563e+15	7.06e-01	2.94e-01	1.78e-08
 2.12710e+15	7.16e-01	2.84e-01	1.92e-08
 2.15848e+15	7.27e-01	2.73e-01	2.06e-08
 2.18991e+15	7.37e-01	2.63e-01	2.22e-08
 2.22142e+15	7.46e-01	2.54e-01	2.40e-08
 2.25294e+15	7.56e-01	2.44e-01	2.59e-08
 2.28446e+15	7.65e-01	2.35e-01	2.79e-08
 2.31599e+15	7.74e-01	2.26e-01	3.02e-08
 2.34754e+15	7.83e-01	2.17e-01	3.27e-08
 2.37892e+15	7.92e-01	2.08e-01	3.54e-08
 2.40997e+15	8.00e-01	2.00e-01	3.83e-08
 2.44075e+15	8.07e-01	1.93e-01	4.14e-08
 2.47136e+15	8.15e-01	1.85e-01	4.49e-08
 2.50186e+15	8.22e-01	1.78e-01	4.86e-08
 2.53222e+15	8.29e-01	1.71e-01	5.27e-08
 2.56243e+15	8.36e-01	1.64e-01	5.72e-08
 2.59252e+15	8.42e-01	1.58e-01	6.20e-08
 2.62255e+15	8.48e-01	1.52e-01	6.73e-08
 2.65253e+15	8.54e-01	1.46e-01	7.31e-08
 2.68247e+15	8.60e-01	1.40e-01	7.95e-08
 2.71235e+15	8.65e-01	1.35e-01	8.65e-08
 2.74219e+15	8.70e-01	1.30e-01	9.42e-08
 2.77202e+15	8.75e-01	1.25e-01	1.03e-07
 2.80185e+15	8.80e-01	1.20e-01	1.12e-07
 2.83170e+15	8.85e-01	1.15e-01	1.22e-07
 2.86157e+15	8.89e-01	1.11e-01	1.34e-07
 2.89144e+15	8.93e-01	1.07e-01	1.47e-07
 2.92132e+15	8.98e-01	1.02e-01	1.61e-07
 2.95124e+15	9.02e-01	9.85e-02	1.77e-07
 2.98121e+15	9.05e-01	9.47e-02	1.94e-07
 3.01122e+15	9.09e-01	9.10e-02	2.14e-07
 3.04128e+15	9.13e-01	8.75e-02	2.36e-07
 3.07137e+15	9.16e-01	8.41e-02	2.61e-07
 3.10151e+15	9.19e-01	8.08e-02	2.89e-07
 3.13168e+15	9.22e-01	7.77e-02	3.21e-07
 3.16192e+15	9.25e-01	7.47e-02	3.57e-07
 3.19195e+15	9.28e-01	7.19e-02	3.98e-07
 3.22134e+15	9.31e-01	6.92e-02	4.44e-07
 3.24996e+15	9.33e-01	6.67e-02	4.95e-07
 3.27783e+15	9.36e-01	6.43e-02	5.51e-07
 3.30496e+15	9.38e-01	6.21e-02	6.14e-07
 3.33146e+15	9.40e-01	6.00e-02	6.84e-07
 3.35746e+15	9.42e-01	5.80e-02	7.62e-07
 3.38286e+15	9.44e-01	5.61e-02	8.50e-07
 3.40748e+15	9.46e-01	5.44e-02	9.47e-07
 3.43134e+15	9.47e-01	5.27e-02	1.06e-06
 3.45451e+15	9.49e-01	5.12e-02	1.18e-06
 3.47699e+15	9.50e-01	4.97e-02	1.31e-06
 3.49911e+15	9.52e-01	4.83e-02	1.46e-06
 3.52091e+15	9.53e-01	4.70e-02	1.63e-06
 3.54171e+15	9.54e-01	4.57e-02	1.82e-06
 3.56138e+15	9.55e-01	4.46e-02	2.03e-06
 3.58035e+15	9.57e-01	4.35e-02	2.27e-06
 3.59884e+15	9.58e-01	4.25e-02	2.53e-06
 3.61675e+15	9.59e-01	4.15e-02	2.82e-06
 3.63406e+15	9.59e-01	4.05e-02	3.15e-06
 3.65077e+15	9.60e-01	3.96e-02	3.51e-06
 3.66695e+15	9.61e-01	3.88e-02	3.91e-06
 3.68270e+15	9.62e-01	3.80e-02	4.35e-06
 3.69805e+15	9.63e-01	3.72e-02	4.85e-06
 3.71019e+15	9.63e-01	3.66e-02	5.26e-06
 3.71769e+15	9.64e-01	3.63e-02	5.58e-06
 3.72340e+15	9.64e-01	3.60e-02	5.77e-06
 3.72974e+15	9.64e-01	3.57e-02	6.01e-06
 3.73798e+15	9.65e-01	3.53e-02	6.41e-06
 3.74661e+15	9.65e-01	3.49e-02	6.79e-06
 3.75436e+15	9.66e-01	3.45e-02	7.18e-06
 3.76186e+15	9.66e-01	3.41e-02	7.57e-06
 3.76963e+15	9.66e-01	3.37e-02	7.92e-06
 3.77862e+15	9.67e-01	3.33e-02	8.39e-06
 3.78843e+15	9.67e-01	3.29e-02	8.90e-06
 3.79808e+15	9.68e-01	3.24e-02	9.40e-06
 3.80805e+15	9.68e-01	3.19e-02	9.90e-06
 3.81915e+15	9.69e-01	3.14e-02	1.04e-05
 3.83196e+15	9.69e-01	3.08e-02	1.10e-05
 3.84704e+15	9.70e-01	3.01e-02	1.16e-05
 3.86451e+15	9.71e-01	2.93e-02	1.21e-05
 3.88257e+15	9.71e-01	2.85e-02	1.24e-05
 3.89932e+15	9.72e-01	2.77e-02	1.26e-05
 3.91456e+15	9.73e-01	2.71e-02	1.27e-05
 3.92844e+15	9.74e-01	2.64e-02	1.26e-05
 3.94106e+15	9.74e-01	2.59e-02	1.26e-05
 3.95255e+15	9.75e-01	2.53e-02	1.25e-05
 3.96300e+15	9.75e-01	2.48e-02	1.24e-05
 3.97252e+15	9.76e-01	2.44e-02	1.23e-05
 3.98117e+15	9.76e-01	2.40e-02	1.22e-05
 3.98905e+15	9.76e-01	2.36e-02	1.21e-05
 3.99622e+15	9.77e-01	2.33e-02	1.20e-05
 4.00274e+15	9.77e-01	2.30e-02	1.20e-05
 4.00868e+15	9.77e-01	2.27e-02	1.19e-05
 4.01408e+15	9.78e-01	2.24e-02	1.19e-05
 4.02000e+15	9.78e-01	2.22e-02	1.18e-05
 4.02639e+15	9.78e-01	2.18e-02	1.18e-05
 4.03221e+15	9.78e-01	2.16e-02	1.18e-05
 4.03750e+15	9.79e-01	2.13e-02	1.17e-05
 4.04330e+15	9.79e-01	2.11e-02	1.17e-05
 4.04956e+15	9.79e-01	2.08e-02	1.17e-05
 4.05526e+15	9.79e-01	2.06e-02	1.17e-05
 4.06044e+15	9.80e-01	2.03e-02	1.17e-05
 4.06613e+15	9.80e-01	2.01e-02	1.17e-05
 4.07226e+15	9.80e-01	1.98e-02	1.17e-05
 4.07784e+15	9.80e-01	1.96e-02	1.17e-05
 4.08292e+15	9.81e-01	1.94e-02	1.17e-05
 4.08848e+15	9.81e-01	1.91e-02	1.18e-05
 4.09449e+15	9.81e-01	1.89e-02	1.18e-05
 4.09996e+15	9.81e-01	1.87e-02	1.18e-05
 4.10494e+15	9.82e-01	1.84e-02	1.19e-05
 4.10946e+15	9.82e-01	1.82e-02	1.19e-05
 4.11358e+15	9.82e-01	1.80e-02	1.20e-05
 4.11810e+15	9.82e-01	1.79e-02	1.20e-05
 4.12397e+15	9.82e-01	1.76e-02	1.21e-05
 4.13031e+15	9.83e-01	1.74e-02	1.22e-05
 4.13607e+15	9.83e-01	1.71e-02	1.23e-05
 4.14132e+15	9.83e-01	1.69e-02	1.24e-05
 4.14609e+15	9.83e-01	1.67e-02	1.25e-05
 4.15044e+15	9.83e-01	1.65e-02	1.26e-05
 4.15439e+15	9.84e-01	1.64e-02	1.27e-05
 4.15873e+15	9.84e-01	1.62e-02	1.28e-05
 4.16436e+15	9.84e-01	1.60e-02	1.29e-05
 4.17044e+15	9.84e-01	1.57e-02	1.30e-05
 4.17598e+15	9.84e-01	1.55e-02	1.32e-05
 4.18101e+15	9.85e-01	1.54e-02	1.33e-05
 4.18559e+15	9.85e-01	1.52e-02	1.34e-05
 4.18976e+15	9.85e-01	1.50e-02	1.35e-05
 4.19433e+15	9.85e-01	1.48e-02	1.37e-05
 4.20028e+15	9.85e-01	1.48e-02	1.36e-05
 4.20800e+15	9.85e-01	1.46e-02	1.36e-05
 4.21804e+15	9.85e-01	1.45e-02	1.36e-05
 4.23109e+15	9.86e-01	1.43e-02	1.36e-05
 4.24806e+15	9.86e-01	1.41e-02	1.36e-05
 4.27011e+15	9.86e-01	1.38e-02	1.35e-05
 4.29879e+15	9.87e-01	1.34e-02	1.35e-05
 4.33607e+15	9.87e-01	1.29e-02	1.35e-05
 4.38035e+15	9.88e-01	1.24e-02	1.34e-05
 4.42562e+15	9.88e-01	1.19e-02	1.33e-05
 4.46871e+15	9.89e-01	1.14e-02	1.33e-05
 4.51101e+15	9.89e-01	1.10e-02	1.32e-05
 4.55422e+15	9.89e-01	1.06e-02	1.32e-05
 4.59841e+15	9.90e-01	1.02e-02	1.31e-05
 4.64290e+15	9.90e-01	9.77e-03	1.31e-05
 4.68740e+15	9.91e-01	9.39e-03	1.30e-05
 4.73209e+15	9.91e-01	9.02e-03	1.30e-05
 4.77708e+15	9.91e-01	8.67e-03	1.29e-05
 4.82235e+15	9.92e-01	8.34e-03	1.29e-05
 4.86795e+15	9.92e-01	8.01e-03	1.28e-05
 4.91391e+15	9.92e-01	7.70e-03	1.28e-05
 4.96016e+15	9.93e-01	7.39e-03	1.27e-05
 5.00662e+15	9.93e-01	7.10e-03	1.27e-05
 5.05327e+15	9.93e-01	6.83e-03	1.27e-05
 5.10016e+15	9.93e-01	6.56e-03	1.26e-05
 5.14740e+15	9.94e-01	6.30e-03	1.26e-05
 5.19496e+15	9.94e-01	6.05e-03	1.25e-05
 5.24281e+15	9.94e-01	5.82e-03	1.25e-05
 5.29094e+15	9.94e-01	5.59e-03	1.24e-05
 5.33930e+15	9.95e-01	5.37e-03	1.24e-05
 5.38786e+15	9.95e-01	5.15e-03	1.24e-05
 5.43669e+15	9.95e-01	4.95e-03	1.23e-05
 5.48586e+15	9.95e-01	4.75e-03	1.23e-05
 5.53527e+15	9.95e-01	4.57e-03	1.23e-05
 5.58483e+15	9.96e-01	4.39e-03	1.22e-05
 5.63468e+15	9.96e-01	4.21e-03	1.22e-05
 5.68491e+15	9.96e-01	4.05e-03	1.22e-05
 5.73550e+15	9.96e-01	3.89e-03	1.21e-05
 5.78644e+15	9.96e-01	3.73e-03	1.21e-05
 5.83781e+15	9.96e-01	3.58e-03	1.21e-05
 5.88964e+15	9.97e-01	3.44e-03	1.21e-05
 5.94171e+15	9.97e-01	3.30e-03	1.20e-05
 5.99398e+15	9.97e-01	3.17e-03	1.20e-05
 6.04642e+15	9.97e-01	3.04e-03	1.20e-05
 6.09869e+15	9.97e-01	2.92e-03	1.20e-05
 6.15093e+15	9.97e-01	2.80e-03	1.19e-05
 6.20339e+15	9.97e-01	2.68e-03	1.19e-05
 6.25582e+15	9.97e-01	2.58e-03	1.19e-05
 6.30829e+15	9.98e-01	2.47e-03	1.19e-05
 6.36110e+15	9.98e-01	2.37e-03	1.19e-05
 6.41426e+15	9.98e-01	2.27e-03	1.19e-05
 6.46762e+15	9.98e-01	2.18e-03	1.18e-05
 6.52119e+15	9.98e-01	2.09e-03	1.18e-05
 6.57508e+15	9.98e-01	2.01e-03	1.18e-05
 6.62933e+15	9.98e-01	1.92e-03	1.18e-05
 6.68392e+15	9.98e-01	1.84e-03	1.18e-05
 6.73892e+15	9.98e-01	1.77e-03	1.18e-05
 6.79425e+15	9.98e-01	1.69e-03	1.18e-05
 6.84947e+15	9.98e-01	1.62e-03	1.18e-05
 6.90447e+15	9.98e-01	1.55e-03	1.17e-05
 6.95959e+15	9.98e-01	1.49e-03	1.17e-05
 7.01515e+15	9.99e-01	1.43e-03	1.17e-05
 7.07096e+15	9.99e-01	1.36e-03	1.17e-05
 7.12717e+15	9.99e-01	1.31e-03	1.17e-05
 7.18397e+15	9.99e-01	1.25e-03	1.17e-05
 7.24103e+15	9.99e-01	1.20e-03	1.17e-05
 7.29820e+15	9.99e-01	1.15e-03	1.17e-05
 7.35555e+15	9.99e-01	1.10e-03	1.17e-05
 7.41327e+15	9.99e-01	1.05e-03	1.17e-05
 7.47119e+15	9.99e-01	1.00e-03	1.17e-05
 7.52939e+15	9.99e-01	9.58e-04	1.17e-05
 7.58793e+15	9.99e-01	9.15e-04	1.17e-05
 7.64690e+15	9.99e-01	8.77e-04	1.17e-05
 7.70586e+15	9.99e-01	8.37e-04	1.17e-05
 7.76471e+15	9.99e-01	8.00e-04	1.17e-05
