#depth	H	H+	H2
 9.99181e+11	4.55e-04	1.00e+00	5.19e-15
 5.99508e+12	4.55e-04	1.00e+00	5.19e-15
 2.59787e+13	4.55e-04	1.00e+00	5.19e-15
 1.05913e+14	4.55e-04	1.00e+00	5.20e-15
 2.52993e+14	4.54e-04	1.00e+00	5.19e-15
 4.44196e+14	4.54e-04	1.00e+00	5.20e-15
 6.92760e+14	4.54e-04	1.00e+00	5.20e-15
 1.01589e+15	4.53e-04	1.00e+00	5.21e-15
 1.43597e+15	4.53e-04	1.00e+00	5.21e-15
 1.98206e+15	4.52e-04	1.00e+00	5.22e-15
 2.69199e+15	4.52e-04	1.00e+00	5.24e-15
 3.61489e+15	4.51e-04	1.00e+00	5.26e-15
 4.81466e+15	4.50e-04	1.00e+00	5.28e-15
 6.37436e+15	4.50e-04	1.00e+00	5.31e-15
 8.40198e+15	4.49e-04	1.00e+00	5.36e-15
 1.10379e+16	4.49e-04	1.00e+00	5.41e-15
 1.44645e+16	4.49e-04	1.00e+00	5.49e-15
 1.89192e+16	4.50e-04	1.00e+00	5.60e-15
 2.47103e+16	4.51e-04	1.00e+00	5.75e-15
 3.22387e+16	4.55e-04	1.00e+00	5.95e-15
 3.83185e+16	4.52e-04	1.00e+00	6.07e-15
 4.21504e+16	4.54e-04	1.00e+00	6.18e-15
 4.63654e+16	4.57e-04	1.00e+00	6.30e-15
 5.10020e+16	4.60e-04	1.00e+00	6.44e-15
 5.61022e+16	4.63e-04	1.00e+00	6.60e-15
 6.17124e+16	4.67e-04	1.00e+00	6.78e-15
 6.78836e+16	4.73e-04	1.00e+00	6.99e-15
 7.46720e+16	4.79e-04	1.00e+00	7.23e-15
 8.21392e+16	4.86e-04	1.00e+00	7.50e-15
 9.03531e+16	4.95e-04	1.00e+00	7.82e-15
 9.93884e+16	5.05e-04	9.99e-01	8.20e-15
 1.09327e+17	5.17e-04	9.99e-01	8.64e-15
 1.20260e+17	5.32e-04	9.99e-01	9.16e-15
 1.32286e+17	5.49e-04	9.99e-01	9.77e-15
 1.45515e+17	5.70e-04	9.99e-01	1.05e-14
 1.60066e+17	5.96e-04	9.99e-01	1.14e-14
 1.76073e+17	6.27e-04	9.99e-01	1.25e-14
 1.93680e+17	6.66e-04	9.99e-01	1.39e-14
 2.13048e+17	7.14e-04	9.99e-01	1.56e-14
 2.34353e+17	7.75e-04	9.99e-01	1.78e-14
 2.57788e+17	8.54e-04	9.99e-01	2.08e-14
 2.83567e+17	9.59e-04	9.99e-01	2.48e-14
 3.10304e+17	1.09e-03	9.99e-01	3.00e-14
 3.35164e+17	1.25e-03	9.99e-01	3.61e-14
 3.57072e+17	1.42e-03	9.99e-01	4.30e-14
 3.76824e+17	1.61e-03	9.98e-01	5.08e-14
 3.95239e+17	1.83e-03	9.98e-01	5.99e-14
 4.12531e+17	2.09e-03	9.98e-01	7.07e-14
 4.28531e+17	2.38e-03	9.98e-01	8.31e-14
 4.41939e+17	2.69e-03	9.97e-01	9.61e-14
 4.52543e+17	2.98e-03	9.97e-01	1.09e-13
 4.62188e+17	3.30e-03	9.97e-01	1.23e-13
 4.73219e+17	3.74e-03	9.96e-01	1.42e-13
 4.84570e+17	4.31e-03	9.96e-01	1.67e-13
 4.93432e+17	4.87e-03	9.95e-01	1.92e-13
 5.00437e+17	5.40e-03	9.95e-01	2.15e-13
 5.07931e+17	6.10e-03	9.94e-01	2.47e-13
 5.15979e+17	7.02e-03	9.93e-01	2.89e-13
 5.22795e+17	8.04e-03	9.92e-01	3.37e-13
 5.28371e+17	9.07e-03	9.91e-01	3.86e-13
 5.33492e+17	1.02e-02	9.90e-01	4.43e-13
 5.39352e+17	1.19e-02	9.88e-01	5.26e-13
 5.45367e+17	1.43e-02	9.86e-01	6.43e-13
 5.50016e+17	1.68e-02	9.83e-01	7.70e-13
 5.53617e+17	1.93e-02	9.81e-01	9.03e-13
 5.56907e+17	2.23e-02	9.78e-01	1.06e-12
 5.60143e+17	2.61e-02	9.74e-01	1.27e-12
 5.63286e+17	3.11e-02	9.69e-01	1.54e-12
 5.65814e+17	3.67e-02	9.63e-01	1.87e-12
 5.67474e+17	4.15e-02	9.58e-01	2.16e-12
 5.68793e+17	4.61e-02	9.54e-01	2.44e-12
 5.70267e+17	5.25e-02	9.48e-01	2.84e-12
 5.71841e+17	6.12e-02	9.39e-01	3.40e-12
 5.73133e+17	7.06e-02	9.29e-01	4.03e-12
 5.74135e+17	7.96e-02	9.20e-01	4.66e-12
 5.75033e+17	8.96e-02	9.10e-01	5.39e-12
 5.75925e+17	1.02e-01	8.98e-01	6.36e-12
 5.76766e+17	1.17e-01	8.83e-01	7.52e-12
 5.77514e+17	1.33e-01	8.67e-01	8.91e-12
 5.78186e+17	1.51e-01	8.49e-01	1.06e-11
 5.78800e+17	1.71e-01	8.29e-01	1.25e-11
 5.79372e+17	1.94e-01	8.06e-01	1.50e-11
 5.79906e+17	2.20e-01	7.80e-01	1.80e-11
 5.80403e+17	2.48e-01	7.52e-01	2.15e-11
 5.80872e+17	2.79e-01	7.21e-01	2.61e-11
 5.81316e+17	3.14e-01	6.86e-01	3.16e-11
 5.81701e+17	3.49e-01	6.51e-01	3.79e-11
 5.82004e+17	3.79e-01	6.21e-01	4.42e-11
 5.82251e+17	4.05e-01	5.95e-01	5.01e-11
 5.82473e+17	4.30e-01	5.70e-01	5.63e-11
 5.82686e+17	4.54e-01	5.46e-01	6.31e-11
 5.82888e+17	4.78e-01	5.22e-01	7.02e-11
 5.83074e+17	5.01e-01	4.99e-01	7.80e-11
 5.83249e+17	5.22e-01	4.78e-01	8.56e-11
 5.83413e+17	5.43e-01	4.57e-01	9.35e-11
 5.83542e+17	5.59e-01	4.41e-01	1.00e-10
 5.83633e+17	5.70e-01	4.30e-01	1.05e-10
 5.83718e+17	5.80e-01	4.20e-01	1.10e-10
 5.83818e+17	5.92e-01	4.08e-01	1.16e-10
 5.83926e+17	6.06e-01	3.94e-01	1.23e-10
 5.84032e+17	6.18e-01	3.82e-01	1.30e-10
 5.84133e+17	6.30e-01	3.70e-01	1.37e-10
 5.84233e+17	6.42e-01	3.58e-01	1.44e-10
 5.84334e+17	6.53e-01	3.47e-01	1.51e-10
 5.84436e+17	6.65e-01	3.35e-01	1.60e-10
 5.84539e+17	6.76e-01	3.24e-01	1.67e-10
 5.84642e+17	6.87e-01	3.13e-01	1.76e-10
 5.84746e+17	6.98e-01	3.02e-01	1.85e-10
 5.84849e+17	7.09e-01	2.91e-01	1.94e-10
 5.84952e+17	7.19e-01	2.81e-01	2.02e-10
 5.85057e+17	7.29e-01	2.71e-01	2.13e-10
 5.85165e+17	7.39e-01	2.61e-01	2.23e-10
 5.85271e+17	7.49e-01	2.51e-01	2.33e-10
 5.85378e+17	7.58e-01	2.42e-01	2.44e-10
 5.85487e+17	7.67e-01	2.33e-01	2.54e-10
 5.85599e+17	7.77e-01	2.23e-01	2.66e-10
 5.85711e+17	7.85e-01	2.15e-01	2.77e-10
 5.85825e+17	7.94e-01	2.06e-01	2.90e-10
 5.85941e+17	8.02e-01	1.98e-01	3.01e-10
 5.86058e+17	8.09e-01	1.91e-01	3.15e-10
 5.86177e+17	8.17e-01	1.83e-01	3.26e-10
 5.86301e+17	8.24e-01	1.76e-01	3.41e-10
 5.86427e+17	8.32e-01	1.68e-01	3.55e-10
 5.86554e+17	8.39e-01	1.61e-01	3.70e-10
 5.86682e+17	8.45e-01	1.55e-01	3.84e-10
 5.86815e+17	8.52e-01	1.48e-01	4.01e-10
 5.86951e+17	8.58e-01	1.42e-01	4.15e-10
 5.87088e+17	8.64e-01	1.36e-01	4.34e-10
 5.87225e+17	8.69e-01	1.31e-01	4.48e-10
 5.87365e+17	8.75e-01	1.25e-01	4.67e-10
 5.87509e+17	8.80e-01	1.20e-01	4.86e-10
 5.87656e+17	8.85e-01	1.15e-01	5.05e-10
 5.87806e+17	8.90e-01	1.10e-01	5.25e-10
 5.87956e+17	8.94e-01	1.06e-01	5.45e-10
 5.88107e+17	8.99e-01	1.01e-01	5.66e-10
 5.88260e+17	9.03e-01	9.73e-02	5.89e-10
 5.88416e+17	9.07e-01	9.34e-02	6.13e-10
 5.88574e+17	9.10e-01	8.96e-02	6.38e-10
 5.88732e+17	9.14e-01	8.60e-02	6.63e-10
 5.88892e+17	9.17e-01	8.26e-02	6.89e-10
 5.89054e+17	9.21e-01	7.93e-02	7.18e-10
 5.89217e+17	9.24e-01	7.61e-02	7.49e-10
 5.89382e+17	9.27e-01	7.31e-02	7.78e-10
 5.89546e+17	9.30e-01	7.01e-02	8.14e-10
 5.89711e+17	9.33e-01	6.75e-02	8.46e-10
 5.89878e+17	9.35e-01	6.47e-02	8.87e-10
 5.90046e+17	9.38e-01	6.23e-02	9.23e-10
 5.90213e+17	9.40e-01	5.98e-02	9.69e-10
 5.90381e+17	9.42e-01	5.75e-02	1.01e-09
 5.90549e+17	9.45e-01	5.52e-02	1.06e-09
 5.90719e+17	9.47e-01	5.32e-02	1.10e-09
 5.90888e+17	9.49e-01	5.11e-02	1.16e-09
 5.91057e+17	9.51e-01	4.91e-02	1.22e-09
 5.91226e+17	9.53e-01	4.72e-02	1.29e-09
 5.91396e+17	9.55e-01	4.54e-02	1.36e-09
 5.91566e+17	9.56e-01	4.37e-02	1.43e-09
 5.91734e+17	9.58e-01	4.20e-02	1.50e-09
 5.91904e+17	9.60e-01	4.04e-02	1.59e-09
 5.92074e+17	9.61e-01	3.88e-02	1.69e-09
 5.92245e+17	9.63e-01	3.73e-02	1.79e-09
 5.92414e+17	9.64e-01	3.59e-02	1.90e-09
 5.92581e+17	9.65e-01	3.46e-02	2.02e-09
 5.92749e+17	9.67e-01	3.33e-02	2.15e-09
 5.92918e+17	9.68e-01	3.20e-02	2.30e-09
 5.93088e+17	9.69e-01	3.07e-02	2.46e-09
 5.93257e+17	9.70e-01	2.96e-02	2.64e-09
 5.93424e+17	9.72e-01	2.85e-02	2.83e-09
 5.93590e+17	9.73e-01	2.74e-02	3.04e-09
 5.93755e+17	9.74e-01	2.64e-02	3.27e-09
 5.93923e+17	9.75e-01	2.54e-02	3.53e-09
 5.94091e+17	9.76e-01	2.44e-02	3.82e-09
 5.94257e+17	9.77e-01	2.35e-02	4.14e-09
 5.94422e+17	9.77e-01	2.26e-02	4.50e-09
 5.94588e+17	9.78e-01	2.17e-02	4.89e-09
 5.94753e+17	9.79e-01	2.09e-02	5.32e-09
 5.94919e+17	9.80e-01	2.01e-02	5.81e-09
 5.95082e+17	9.81e-01	1.93e-02	6.33e-09
 5.95245e+17	9.81e-01	1.86e-02	6.91e-09
 5.95409e+17	9.82e-01	1.79e-02	7.55e-09
 5.95571e+17	9.83e-01	1.72e-02	8.25e-09
 5.95733e+17	9.83e-01	1.65e-02	9.01e-09
 5.95893e+17	9.84e-01	1.59e-02	9.82e-09
 5.96053e+17	9.85e-01	1.53e-02	1.07e-08
 5.96212e+17	9.85e-01	1.47e-02	1.16e-08
 5.96369e+17	9.86e-01	1.41e-02	1.25e-08
 5.96526e+17	9.86e-01	1.36e-02	1.35e-08
 5.96681e+17	9.87e-01	1.31e-02	1.44e-08
 5.96835e+17	9.87e-01	1.25e-02	1.54e-08
 5.96987e+17	9.88e-01	1.20e-02	1.63e-08
 5.97137e+17	9.88e-01	1.16e-02	1.72e-08
 5.97285e+17	9.89e-01	1.11e-02	1.81e-08
 5.97426e+17	9.89e-01	1.07e-02	1.89e-08
 5.97557e+17	9.90e-01	1.03e-02	1.96e-08
 5.97678e+17	9.90e-01	9.93e-03	2.01e-08
 5.97793e+17	9.90e-01	9.62e-03	2.07e-08
 5.97903e+17	9.91e-01	9.30e-03	2.12e-08
 5.98005e+17	9.91e-01	9.02e-03	2.17e-08
 5.98099e+17	9.91e-01	8.76e-03	2.22e-08
 5.98189e+17	9.91e-01	8.51e-03	2.28e-08
 5.98274e+17	9.92e-01	8.28e-03	2.33e-08
 5.98355e+17	9.92e-01	8.06e-03	2.38e-08
 5.98431e+17	9.92e-01	7.87e-03	2.44e-08
 5.98500e+17	9.92e-01	7.68e-03	2.49e-08
 5.98563e+17	9.92e-01	7.52e-03	2.55e-08
 5.98620e+17	9.93e-01	7.37e-03	2.60e-08
 5.98672e+17	9.93e-01	7.24e-03	2.65e-08
 5.98720e+17	9.93e-01	7.13e-03	2.69e-08
 5.98772e+17	9.93e-01	7.02e-03	2.74e-08
 5.98828e+17	9.93e-01	6.85e-03	2.82e-08
 5.98879e+17	9.93e-01	6.73e-03	2.87e-08
 5.98925e+17	9.93e-01	6.62e-03	2.92e-08
 5.98967e+17	9.93e-01	6.52e-03	2.98e-08
 5.99006e+17	9.94e-01	6.44e-03	3.02e-08
 5.99048e+17	9.94e-01	6.34e-03	3.08e-08
 5.99093e+17	9.94e-01	6.23e-03	3.15e-08
 5.99135e+17	9.94e-01	6.13e-03	3.21e-08
 5.99172e+17	9.94e-01	6.06e-03	3.27e-08
 5.99214e+17	9.94e-01	5.97e-03	3.32e-08
 5.99267e+17	9.94e-01	5.84e-03	3.42e-08
 5.99325e+17	9.94e-01	5.72e-03	3.51e-08
 5.99378e+17	9.94e-01	5.62e-03	3.58e-08
 5.99426e+17	9.94e-01	5.53e-03	3.66e-08
 5.99470e+17	9.95e-01	5.44e-03	3.73e-08
 5.99517e+17	9.95e-01	5.35e-03	3.82e-08
 5.99569e+17	9.95e-01	5.25e-03	3.90e-08
 5.99616e+17	9.95e-01	5.18e-03	3.97e-08
 5.99668e+17	9.95e-01	5.07e-03	4.09e-08
 5.99723e+17	9.95e-01	4.97e-03	4.20e-08
 5.99774e+17	9.95e-01	4.88e-03	4.30e-08
 5.99820e+17	9.95e-01	4.80e-03	4.38e-08
 5.99870e+17	9.95e-01	4.73e-03	4.47e-08
 5.99936e+17	9.95e-01	4.59e-03	4.66e-08
 6.00007e+17	9.96e-01	4.47e-03	4.84e-08
 6.00071e+17	9.96e-01	4.36e-03	5.00e-08
 6.00130e+17	9.96e-01	4.26e-03	5.15e-08
 6.00183e+17	9.96e-01	4.18e-03	5.29e-08
 6.00232e+17	9.96e-01	4.11e-03	5.42e-08
 6.00276e+17	9.96e-01	4.04e-03	5.53e-08
 6.00324e+17	9.96e-01	3.98e-03	5.63e-08
 6.00387e+17	9.96e-01	3.88e-03	5.85e-08
 6.00455e+17	9.96e-01	3.78e-03	6.05e-08
 6.00517e+17	9.96e-01	3.69e-03	6.22e-08
 6.00573e+17	9.96e-01	3.62e-03	6.39e-08
 6.00624e+17	9.96e-01	3.56e-03	6.54e-08
 6.00671e+17	9.97e-01	3.50e-03	6.64e-08
 6.00722e+17	9.97e-01	3.49e-03	6.64e-08
 6.00788e+17	9.97e-01	3.44e-03	6.64e-08
 6.00875e+17	9.97e-01	3.39e-03	6.64e-08
 6.00987e+17	9.97e-01	3.32e-03	6.63e-08
 6.01133e+17	9.97e-01	3.23e-03	6.63e-08
 6.01322e+17	9.97e-01	3.11e-03	6.62e-08
 6.01538e+17	9.97e-01	2.96e-03	6.62e-08
 6.01740e+17	9.97e-01	2.84e-03	6.61e-08
 6.01922e+17	9.97e-01	2.75e-03	6.61e-08
 6.02114e+17	9.97e-01	2.66e-03	6.60e-08
 6.02335e+17	9.97e-01	2.56e-03	6.60e-08
 6.02568e+17	9.98e-01	2.45e-03	6.59e-08
 6.02786e+17	9.98e-01	2.36e-03	6.59e-08
 6.02993e+17	9.98e-01	2.29e-03	6.59e-08
 6.03212e+17	9.98e-01	2.21e-03	6.58e-08
 6.03450e+17	9.98e-01	2.13e-03	6.58e-08
 6.03691e+17	9.98e-01	2.05e-03	6.57e-08
 6.03920e+17	9.98e-01	1.97e-03	6.57e-08
 6.04146e+17	9.98e-01	1.91e-03	6.57e-08
 6.04384e+17	9.98e-01	1.84e-03	6.57e-08
 6.04633e+17	9.98e-01	1.77e-03	6.56e-08
 6.04882e+17	9.98e-01	1.71e-03	6.56e-08
 6.05128e+17	9.98e-01	1.65e-03	6.56e-08
 6.05377e+17	9.98e-01	1.59e-03	6.56e-08
 6.05633e+17	9.98e-01	1.54e-03	6.56e-08
 6.05894e+17	9.99e-01	1.48e-03	6.56e-08
 6.06158e+17	9.99e-01	1.43e-03	6.56e-08
 6.06425e+17	9.99e-01	1.38e-03	6.56e-08
 6.06698e+17	9.99e-01	1.33e-03	6.56e-08
 6.06975e+17	9.99e-01	1.29e-03	6.56e-08
 6.07259e+17	9.99e-01	1.24e-03	6.56e-08
 6.07551e+17	9.99e-01	1.20e-03	6.56e-08
 6.07853e+17	9.99e-01	1.16e-03	6.56e-08
 6.08160e+17	9.99e-01	1.12e-03	6.56e-08
 6.08471e+17	9.99e-01	1.08e-03	6.56e-08
 6.08796e+17	9.99e-01	1.04e-03	6.56e-08
 6.09139e+17	9.99e-01	1.00e-03	6.56e-08
 6.09492e+17	9.99e-01	9.68e-04	6.57e-08
 6.09855e+17	9.99e-01	9.34e-04	6.57e-08
 6.10231e+17	9.99e-01	9.00e-04	6.57e-08
 6.10630e+17	9.99e-01	8.68e-04	6.58e-08
 6.11055e+17	9.99e-01	8.37e-04	6.58e-08
 6.11500e+17	9.99e-01	8.07e-04	6.58e-08
 6.11956e+17	9.99e-01	7.79e-04	6.59e-08
