#depth	H	H+	H2
 9.68003e+11	8.97e-04	9.99e-01	1.97e-14
 5.80802e+12	8.97e-04	9.99e-01	1.97e-14
 2.51681e+13	8.97e-04	9.99e-01	1.97e-14
 1.02608e+14	8.97e-04	9.99e-01	1.97e-14
 2.45098e+14	8.96e-04	9.99e-01	1.97e-14
 4.30335e+14	8.94e-04	9.99e-01	1.97e-14
 6.71143e+14	8.93e-04	9.99e-01	1.97e-14
 9.84194e+14	8.92e-04	9.99e-01	1.97e-14
 1.39116e+15	8.90e-04	9.99e-01	1.97e-14
 1.92021e+15	8.88e-04	9.99e-01	1.97e-14
 2.60799e+15	8.86e-04	9.99e-01	1.97e-14
 3.50209e+15	8.84e-04	9.99e-01	1.98e-14
 4.66442e+15	8.82e-04	9.99e-01	1.99e-14
 6.17546e+15	8.80e-04	9.99e-01	2.00e-14
 8.13981e+15	8.78e-04	9.99e-01	2.02e-14
 1.06935e+16	8.77e-04	9.99e-01	2.04e-14
 1.40132e+16	8.78e-04	9.99e-01	2.07e-14
 1.83289e+16	8.80e-04	9.99e-01	2.12e-14
 2.39392e+16	8.86e-04	9.99e-01	2.18e-14
 3.12327e+16	8.96e-04	9.99e-01	2.28e-14
 3.71229e+16	8.92e-04	9.99e-01	2.33e-14
 4.08352e+16	8.98e-04	9.99e-01	2.38e-14
 4.49187e+16	9.06e-04	9.99e-01	2.44e-14
 4.94105e+16	9.16e-04	9.99e-01	2.51e-14
 5.43516e+16	9.28e-04	9.99e-01	2.59e-14
 5.97867e+16	9.43e-04	9.99e-01	2.68e-14
 6.57654e+16	9.60e-04	9.99e-01	2.78e-14
 7.23420e+16	9.81e-04	9.99e-01	2.91e-14
 7.95762e+16	1.01e-03	9.99e-01	3.05e-14
 8.75338e+16	1.04e-03	9.99e-01	3.22e-14
 9.62872e+16	1.07e-03	9.99e-01	3.43e-14
 1.05916e+17	1.12e-03	9.99e-01	3.67e-14
 1.16507e+17	1.18e-03	9.99e-01	3.98e-14
 1.28158e+17	1.25e-03	9.99e-01	4.35e-14
 1.40974e+17	1.34e-03	9.99e-01	4.82e-14
 1.55071e+17	1.45e-03	9.99e-01	5.43e-14
 1.70579e+17	1.60e-03	9.98e-01	6.22e-14
 1.87636e+17	1.80e-03	9.98e-01	7.29e-14
 2.04238e+17	2.05e-03	9.98e-01	8.59e-14
 2.18181e+17	2.31e-03	9.98e-01	9.97e-14
 2.30079e+17	2.59e-03	9.97e-01	1.14e-13
 2.40824e+17	2.89e-03	9.97e-01	1.30e-13
 2.50811e+17	3.25e-03	9.97e-01	1.49e-13
 2.60188e+17	3.65e-03	9.96e-01	1.71e-13
 2.68934e+17	4.11e-03	9.96e-01	1.95e-13
 2.77145e+17	4.66e-03	9.95e-01	2.25e-13
 2.84800e+17	5.29e-03	9.95e-01	2.58e-13
 2.91955e+17	6.04e-03	9.94e-01	2.99e-13
 2.98684e+17	6.92e-03	9.93e-01	3.47e-13
 3.04083e+17	7.83e-03	9.92e-01	3.97e-13
 3.07721e+17	8.56e-03	9.91e-01	4.39e-13
 3.10559e+17	9.22e-03	9.91e-01	4.75e-13
 3.13663e+17	1.00e-02	9.90e-01	5.19e-13
 3.16920e+17	1.10e-02	9.89e-01	5.78e-13
 3.19501e+17	1.20e-02	9.88e-01	6.29e-13
 3.21433e+17	1.28e-02	9.87e-01	6.75e-13
 3.23130e+17	1.35e-02	9.86e-01	7.20e-13
 3.24810e+17	1.44e-02	9.86e-01	7.70e-13
 3.26420e+17	1.53e-02	9.85e-01	8.21e-13
 3.27881e+17	1.62e-02	9.84e-01	8.76e-13
 3.29204e+17	1.71e-02	9.83e-01	9.30e-13
 3.30449e+17	1.80e-02	9.82e-01	9.86e-13
 3.31662e+17	1.90e-02	9.81e-01	1.05e-12
 3.33048e+17	2.02e-02	9.80e-01	1.12e-12
 3.34528e+17	2.17e-02	9.78e-01	1.22e-12
 3.35863e+17	2.32e-02	9.77e-01	1.32e-12
 3.37332e+17	2.51e-02	9.75e-01	1.44e-12
 3.39242e+17	2.81e-02	9.72e-01	1.64e-12
 3.41725e+17	3.30e-02	9.67e-01	1.97e-12
 3.44530e+17	4.08e-02	9.59e-01	2.51e-12
 3.47093e+17	5.18e-02	9.48e-01	3.30e-12
 3.49121e+17	6.51e-02	9.35e-01	4.31e-12
 3.50492e+17	7.85e-02	9.21e-01	5.40e-12
 3.51365e+17	8.99e-02	9.10e-01	6.38e-12
 3.52209e+17	1.03e-01	8.97e-01	7.60e-12
 3.53306e+17	1.25e-01	8.75e-01	9.77e-12
 3.54507e+17	1.60e-01	8.40e-01	1.37e-11
 3.55488e+17	2.04e-01	7.96e-01	1.95e-11
 3.56163e+17	2.47e-01	7.53e-01	2.62e-11
 3.56631e+17	2.83e-01	7.17e-01	3.31e-11
 3.56976e+17	3.15e-01	6.85e-01	3.99e-11
 3.57258e+17	3.44e-01	6.56e-01	4.70e-11
 3.57512e+17	3.72e-01	6.28e-01	5.49e-11
 3.57745e+17	4.00e-01	6.00e-01	6.37e-11
 3.57950e+17	4.26e-01	5.74e-01	7.31e-11
 3.58125e+17	4.49e-01	5.51e-01	8.25e-11
 3.58285e+17	4.72e-01	5.28e-01	9.30e-11
 3.58439e+17	4.93e-01	5.07e-01	1.04e-10
 3.58583e+17	5.15e-01	4.85e-01	1.16e-10
 3.58715e+17	5.34e-01	4.66e-01	1.28e-10
 3.58824e+17	5.50e-01	4.50e-01	1.39e-10
 3.58902e+17	5.62e-01	4.38e-01	1.48e-10
 3.58974e+17	5.73e-01	4.27e-01	1.57e-10
 3.59053e+17	5.86e-01	4.14e-01	1.67e-10
 3.59138e+17	5.99e-01	4.01e-01	1.79e-10
 3.59221e+17	6.11e-01	3.89e-01	1.91e-10
 3.59300e+17	6.23e-01	3.77e-01	2.04e-10
 3.59379e+17	6.35e-01	3.65e-01	2.18e-10
 3.59457e+17	6.47e-01	3.53e-01	2.33e-10
 3.59535e+17	6.59e-01	3.41e-01	2.48e-10
 3.59613e+17	6.70e-01	3.30e-01	2.65e-10
 3.59690e+17	6.82e-01	3.18e-01	2.83e-10
 3.59766e+17	6.93e-01	3.07e-01	3.01e-10
 3.59841e+17	7.04e-01	2.96e-01	3.22e-10
 3.59917e+17	7.14e-01	2.86e-01	3.42e-10
 3.59991e+17	7.25e-01	2.75e-01	3.66e-10
 3.60066e+17	7.35e-01	2.65e-01	3.87e-10
 3.60139e+17	7.45e-01	2.55e-01	4.14e-10
 3.60213e+17	7.55e-01	2.45e-01	4.43e-10
 3.60286e+17	7.64e-01	2.36e-01	4.71e-10
 3.60357e+17	7.73e-01	2.27e-01	4.99e-10
 3.60429e+17	7.82e-01	2.18e-01	5.34e-10
 3.60501e+17	7.90e-01	2.10e-01	5.64e-10
 3.60570e+17	7.98e-01	2.02e-01	6.02e-10
 3.60638e+17	8.06e-01	1.94e-01	6.38e-10
 3.60706e+17	8.14e-01	1.86e-01	6.80e-10
 3.60775e+17	8.21e-01	1.79e-01	7.18e-10
 3.60841e+17	8.28e-01	1.72e-01	7.64e-10
 3.60906e+17	8.35e-01	1.65e-01	8.08e-10
 3.60971e+17	8.41e-01	1.59e-01	8.61e-10
 3.61036e+17	8.47e-01	1.53e-01	9.06e-10
 3.61100e+17	8.53e-01	1.47e-01	9.63e-10
 3.61163e+17	8.59e-01	1.41e-01	1.02e-09
 3.61225e+17	8.64e-01	1.36e-01	1.08e-09
 3.61288e+17	8.70e-01	1.30e-01	1.14e-09
 3.61350e+17	8.75e-01	1.25e-01	1.21e-09
 3.61410e+17	8.80e-01	1.20e-01	1.28e-09
 3.61471e+17	8.84e-01	1.16e-01	1.35e-09
 3.61531e+17	8.89e-01	1.11e-01	1.43e-09
 3.61592e+17	8.93e-01	1.07e-01	1.52e-09
 3.61651e+17	8.97e-01	1.03e-01	1.60e-09
 3.61710e+17	9.01e-01	9.88e-02	1.69e-09
 3.61769e+17	9.05e-01	9.50e-02	1.80e-09
 3.61827e+17	9.09e-01	9.13e-02	1.91e-09
 3.61885e+17	9.12e-01	8.78e-02	2.01e-09
 3.61943e+17	9.16e-01	8.43e-02	2.14e-09
 3.62001e+17	9.19e-01	8.11e-02	2.26e-09
 3.62058e+17	9.22e-01	7.79e-02	2.40e-09
 3.62115e+17	9.25e-01	7.50e-02	2.53e-09
 3.62172e+17	9.28e-01	7.21e-02	2.69e-09
 3.62228e+17	9.31e-01	6.93e-02	2.86e-09
 3.62284e+17	9.33e-01	6.66e-02	3.03e-09
 3.62340e+17	9.36e-01	6.40e-02	3.23e-09
 3.62396e+17	9.38e-01	6.15e-02	3.43e-09
 3.62452e+17	9.41e-01	5.91e-02	3.64e-09
 3.62507e+17	9.43e-01	5.68e-02	3.87e-09
 3.62562e+17	9.45e-01	5.46e-02	4.11e-09
 3.62617e+17	9.48e-01	5.25e-02	4.39e-09
 3.62672e+17	9.50e-01	5.05e-02	4.66e-09
 3.62727e+17	9.52e-01	4.85e-02	4.99e-09
 3.62781e+17	9.53e-01	4.67e-02	5.29e-09
 3.62835e+17	9.55e-01	4.48e-02	5.67e-09
 3.62889e+17	9.57e-01	4.31e-02	6.05e-09
 3.62943e+17	9.59e-01	4.14e-02	6.46e-09
 3.62997e+17	9.60e-01	3.98e-02	6.91e-09
 3.63050e+17	9.62e-01	3.82e-02	7.39e-09
 3.63104e+17	9.63e-01	3.67e-02	7.91e-09
 3.63157e+17	9.65e-01	3.53e-02	8.46e-09
 3.63209e+17	9.66e-01	3.40e-02	9.05e-09
 3.63261e+17	9.67e-01	3.27e-02	9.68e-09
 3.63313e+17	9.69e-01	3.14e-02	1.04e-08
 3.63365e+17	9.70e-01	3.02e-02	1.11e-08
 3.63417e+17	9.71e-01	2.90e-02	1.19e-08
 3.63469e+17	9.72e-01	2.79e-02	1.27e-08
 3.63520e+17	9.73e-01	2.68e-02	1.35e-08
 3.63571e+17	9.74e-01	2.57e-02	1.44e-08
 3.63622e+17	9.75e-01	2.47e-02	1.53e-08
 3.63673e+17	9.76e-01	2.38e-02	1.62e-08
 3.63722e+17	9.77e-01	2.28e-02	1.71e-08
 3.63772e+17	9.78e-01	2.19e-02	1.81e-08
 3.63821e+17	9.79e-01	2.11e-02	1.90e-08
 3.63870e+17	9.80e-01	2.02e-02	1.99e-08
 3.63917e+17	9.81e-01	1.94e-02	2.07e-08
 3.63964e+17	9.81e-01	1.87e-02	2.15e-08
 3.64011e+17	9.82e-01	1.79e-02	2.23e-08
 3.64057e+17	9.83e-01	1.72e-02	2.30e-08
 3.64103e+17	9.83e-01	1.65e-02	2.37e-08
 3.64147e+17	9.84e-01	1.59e-02	2.42e-08
 3.64191e+17	9.85e-01	1.52e-02	2.47e-08
 3.64232e+17	9.85e-01	1.47e-02	2.51e-08
 3.64272e+17	9.86e-01	1.41e-02	2.56e-08
 3.64307e+17	9.86e-01	1.36e-02	2.61e-08
 3.64340e+17	9.87e-01	1.32e-02	2.65e-08
 3.64370e+17	9.87e-01	1.28e-02	2.70e-08
 3.64398e+17	9.88e-01	1.24e-02	2.75e-08
 3.64425e+17	9.88e-01	1.20e-02	2.80e-08
 3.64449e+17	9.88e-01	1.17e-02	2.86e-08
 3.64471e+17	9.89e-01	1.14e-02	2.91e-08
 3.64492e+17	9.89e-01	1.12e-02	2.97e-08
 3.64510e+17	9.89e-01	1.10e-02	3.02e-08
 3.64527e+17	9.89e-01	1.07e-02	3.07e-08
 3.64542e+17	9.89e-01	1.06e-02	3.12e-08
 3.64558e+17	9.90e-01	1.03e-02	3.19e-08
 3.64576e+17	9.90e-01	1.01e-02	3.26e-08
 3.64592e+17	9.90e-01	9.94e-03	3.31e-08
 3.64610e+17	9.90e-01	9.70e-03	3.40e-08
 3.64630e+17	9.91e-01	9.48e-03	3.49e-08
 3.64647e+17	9.91e-01	9.28e-03	3.58e-08
 3.64663e+17	9.91e-01	9.10e-03	3.66e-08
 3.64678e+17	9.91e-01	8.95e-03	3.74e-08
 3.64691e+17	9.91e-01	8.81e-03	3.80e-08
 3.64705e+17	9.91e-01	8.66e-03	3.87e-08
 3.64721e+17	9.92e-01	8.50e-03	3.96e-08
 3.64735e+17	9.92e-01	8.37e-03	4.03e-08
 3.64751e+17	9.92e-01	8.20e-03	4.13e-08
 3.64768e+17	9.92e-01	8.05e-03	4.22e-08
 3.64783e+17	9.92e-01	7.91e-03	4.31e-08
 3.64797e+17	9.92e-01	7.78e-03	4.40e-08
 3.64810e+17	9.92e-01	7.67e-03	4.48e-08
 3.64824e+17	9.92e-01	7.53e-03	4.57e-08
 3.64839e+17	9.93e-01	7.41e-03	4.67e-08
 3.64852e+17	9.93e-01	7.29e-03	4.77e-08
 3.64867e+17	9.93e-01	7.16e-03	4.88e-08
 3.64883e+17	9.93e-01	7.02e-03	5.00e-08
 3.64898e+17	9.93e-01	6.90e-03	5.11e-08
 3.64912e+17	9.93e-01	6.77e-03	5.25e-08
 3.64924e+17	9.93e-01	6.68e-03	5.35e-08
 3.64937e+17	9.93e-01	6.56e-03	5.47e-08
 3.64951e+17	9.94e-01	6.46e-03	5.58e-08
 3.64967e+17	9.94e-01	6.32e-03	5.76e-08
 3.64984e+17	9.94e-01	6.21e-03	5.87e-08
 3.65003e+17	9.94e-01	6.05e-03	6.10e-08
 3.65023e+17	9.94e-01	5.90e-03	6.30e-08
 3.65042e+17	9.94e-01	5.77e-03	6.48e-08
 3.65058e+17	9.94e-01	5.66e-03	6.64e-08
 3.65073e+17	9.94e-01	5.56e-03	6.81e-08
 3.65087e+17	9.95e-01	5.47e-03	6.93e-08
 3.65102e+17	9.95e-01	5.37e-03	7.09e-08
 3.65119e+17	9.95e-01	5.27e-03	7.26e-08
 3.65134e+17	9.95e-01	5.18e-03	7.38e-08
 3.65150e+17	9.95e-01	5.12e-03	7.38e-08
 3.65171e+17	9.95e-01	5.06e-03	7.37e-08
 3.65199e+17	9.95e-01	4.97e-03	7.37e-08
 3.65235e+17	9.95e-01	4.85e-03	7.37e-08
 3.65281e+17	9.95e-01	4.71e-03	7.37e-08
 3.65342e+17	9.95e-01	4.52e-03	7.36e-08
 3.65412e+17	9.96e-01	4.33e-03	7.36e-08
 3.65481e+17	9.96e-01	4.15e-03	7.35e-08
 3.65546e+17	9.96e-01	3.98e-03	7.35e-08
 3.65611e+17	9.96e-01	3.83e-03	7.35e-08
 3.65678e+17	9.96e-01	3.67e-03	7.35e-08
 3.65747e+17	9.96e-01	3.52e-03	7.34e-08
 3.65816e+17	9.97e-01	3.38e-03	7.34e-08
 3.65885e+17	9.97e-01	3.24e-03	7.34e-08
 3.65956e+17	9.97e-01	3.11e-03	7.34e-08
 3.66027e+17	9.97e-01	2.99e-03	7.33e-08
 3.66100e+17	9.97e-01	2.86e-03	7.33e-08
 3.66174e+17	9.97e-01	2.75e-03	7.33e-08
 3.66249e+17	9.97e-01	2.64e-03	7.33e-08
 3.66326e+17	9.97e-01	2.53e-03	7.33e-08
 3.66404e+17	9.98e-01	2.43e-03	7.32e-08
 3.66483e+17	9.98e-01	2.33e-03	7.32e-08
 3.66565e+17	9.98e-01	2.23e-03	7.32e-08
 3.66649e+17	9.98e-01	2.14e-03	7.32e-08
 3.66735e+17	9.98e-01	2.05e-03	7.32e-08
 3.66823e+17	9.98e-01	1.97e-03	7.32e-08
 3.66915e+17	9.98e-01	1.89e-03	7.32e-08
 3.67009e+17	9.98e-01	1.81e-03	7.32e-08
 3.67107e+17	9.98e-01	1.74e-03	7.32e-08
 3.67210e+17	9.98e-01	1.67e-03	7.32e-08
 3.67317e+17	9.98e-01	1.60e-03	7.32e-08
 3.67429e+17	9.98e-01	1.53e-03	7.32e-08
 3.67548e+17	9.99e-01	1.47e-03	7.32e-08
 3.67674e+17	9.99e-01	1.41e-03	7.32e-08
 3.67808e+17	9.99e-01	1.36e-03	7.32e-08
 3.67952e+17	9.99e-01	1.30e-03	7.32e-08
 3.68107e+17	9.99e-01	1.25e-03	7.32e-08
 3.68277e+17	9.99e-01	1.20e-03	7.32e-08
 3.68463e+17	9.99e-01	1.16e-03	7.32e-08
 3.68669e+17	9.99e-01	1.11e-03	7.32e-08
 3.68900e+17	9.99e-01	1.07e-03	7.32e-08
 3.69161e+17	9.99e-01	1.03e-03	7.33e-08
 3.69458e+17	9.99e-01	9.92e-04	7.33e-08
 3.69800e+17	9.99e-01	9.56e-04	7.33e-08
 3.70194e+17	9.99e-01	9.22e-04	7.34e-08
 3.70651e+17	9.99e-01	8.87e-04	7.34e-08
 3.71176e+17	9.99e-01	8.55e-04	7.35e-08
 3.71757e+17	9.99e-01	8.19e-04	7.36e-08
