#depth	H	H+	H2
 9.61124e+11	1.28e-03	9.99e-01	3.89e-14
 5.76675e+12	1.28e-03	9.99e-01	3.89e-14
 2.49892e+13	1.28e-03	9.99e-01	3.89e-14
 1.01879e+14	1.28e-03	9.99e-01	3.89e-14
 2.43357e+14	1.28e-03	9.99e-01	3.89e-14
 4.27277e+14	1.27e-03	9.99e-01	3.88e-14
 6.66374e+14	1.27e-03	9.99e-01	3.88e-14
 9.77200e+14	1.27e-03	9.99e-01	3.88e-14
 1.38127e+15	1.26e-03	9.99e-01	3.89e-14
 1.90657e+15	1.26e-03	9.99e-01	3.89e-14
 2.58946e+15	1.26e-03	9.99e-01	3.90e-14
 3.47721e+15	1.25e-03	9.99e-01	3.90e-14
 4.63128e+15	1.25e-03	9.99e-01	3.92e-14
 6.13158e+15	1.25e-03	9.99e-01	3.94e-14
 8.08197e+15	1.24e-03	9.99e-01	3.98e-14
 1.06175e+16	1.24e-03	9.99e-01	4.03e-14
 1.39136e+16	1.25e-03	9.99e-01	4.11e-14
 1.81986e+16	1.25e-03	9.99e-01	4.22e-14
 2.37691e+16	1.26e-03	9.99e-01	4.37e-14
 3.10108e+16	1.29e-03	9.99e-01	4.59e-14
 3.68591e+16	1.28e-03	9.99e-01	4.72e-14
 4.05450e+16	1.30e-03	9.99e-01	4.85e-14
 4.45995e+16	1.32e-03	9.99e-01	4.99e-14
 4.90594e+16	1.34e-03	9.99e-01	5.16e-14
 5.39654e+16	1.36e-03	9.99e-01	5.36e-14
 5.93619e+16	1.40e-03	9.99e-01	5.59e-14
 6.52981e+16	1.43e-03	9.99e-01	5.86e-14
 7.18279e+16	1.48e-03	9.99e-01	6.19e-14
 7.90107e+16	1.54e-03	9.98e-01	6.57e-14
 8.69118e+16	1.61e-03	9.98e-01	7.05e-14
 9.56030e+16	1.70e-03	9.98e-01	7.63e-14
 1.05163e+17	1.81e-03	9.98e-01	8.35e-14
 1.15680e+17	1.96e-03	9.98e-01	9.32e-14
 1.27248e+17	2.15e-03	9.98e-01	1.05e-13
 1.39180e+17	2.38e-03	9.98e-01	1.20e-13
 1.50421e+17	2.66e-03	9.97e-01	1.38e-13
 1.60669e+17	2.97e-03	9.97e-01	1.58e-13
 1.70074e+17	3.33e-03	9.97e-01	1.80e-13
 1.78922e+17	3.74e-03	9.96e-01	2.06e-13
 1.87344e+17	4.24e-03	9.96e-01	2.36e-13
 1.94046e+17	4.71e-03	9.95e-01	2.66e-13
 1.98370e+17	5.09e-03	9.95e-01	2.90e-13
 2.01671e+17	5.41e-03	9.95e-01	3.10e-13
 2.05308e+17	5.81e-03	9.94e-01	3.35e-13
 2.09099e+17	6.27e-03	9.94e-01	3.64e-13
 2.12074e+17	6.68e-03	9.93e-01	3.90e-13
 2.14296e+17	7.02e-03	9.93e-01	4.12e-13
 2.16196e+17	7.34e-03	9.93e-01	4.32e-13
 2.18019e+17	7.66e-03	9.92e-01	4.52e-13
 2.19782e+17	7.99e-03	9.92e-01	4.73e-13
 2.21402e+17	8.32e-03	9.92e-01	4.94e-13
 2.22825e+17	8.62e-03	9.91e-01	5.14e-13
 2.24095e+17	8.91e-03	9.91e-01	5.32e-13
 2.25294e+17	9.19e-03	9.91e-01	5.51e-13
 2.26465e+17	9.48e-03	9.91e-01	5.70e-13
 2.27625e+17	9.78e-03	9.90e-01	5.91e-13
 2.28954e+17	1.01e-02	9.90e-01	6.17e-13
 2.30407e+17	1.06e-02	9.89e-01	6.47e-13
 2.31806e+17	1.10e-02	9.89e-01	6.78e-13
 2.33410e+17	1.15e-02	9.88e-01	7.17e-13
 2.35496e+17	1.24e-02	9.88e-01	7.75e-13
 2.38208e+17	1.37e-02	9.86e-01	8.63e-13
 2.41734e+17	1.57e-02	9.84e-01	9.99e-13
 2.45714e+17	1.89e-02	9.81e-01	1.21e-12
 2.49656e+17	2.33e-02	9.77e-01	1.51e-12
 2.53263e+17	2.93e-02	9.71e-01	1.93e-12
 2.56182e+17	3.65e-02	9.63e-01	2.46e-12
 2.58461e+17	4.49e-02	9.55e-01	3.09e-12
 2.60347e+17	5.48e-02	9.45e-01	3.88e-12
 2.61822e+17	6.57e-02	9.34e-01	4.78e-12
 2.62871e+17	7.61e-02	9.24e-01	5.69e-12
 2.63751e+17	8.71e-02	9.13e-01	6.71e-12
 2.64738e+17	1.03e-01	8.97e-01	8.23e-12
 2.65769e+17	1.24e-01	8.76e-01	1.06e-11
 2.66575e+17	1.48e-01	8.52e-01	1.33e-11
 2.67170e+17	1.71e-01	8.29e-01	1.63e-11
 2.67685e+17	1.95e-01	8.05e-01	1.97e-11
 2.68262e+17	2.27e-01	7.73e-01	2.50e-11
 2.68877e+17	2.71e-01	7.29e-01	3.34e-11
 2.69363e+17	3.15e-01	6.85e-01	4.35e-11
 2.69679e+17	3.48e-01	6.52e-01	5.26e-11
 2.69895e+17	3.73e-01	6.27e-01	6.04e-11
 2.70087e+17	3.97e-01	6.03e-01	6.86e-11
 2.70284e+17	4.22e-01	5.78e-01	7.85e-11
 2.70474e+17	4.48e-01	5.52e-01	9.04e-11
 2.70646e+17	4.72e-01	5.28e-01	1.02e-10
 2.70795e+17	4.94e-01	5.06e-01	1.15e-10
 2.70929e+17	5.13e-01	4.87e-01	1.27e-10
 2.71057e+17	5.33e-01	4.67e-01	1.41e-10
 2.71160e+17	5.48e-01	4.52e-01	1.52e-10
 2.71236e+17	5.60e-01	4.40e-01	1.61e-10
 2.71309e+17	5.71e-01	4.29e-01	1.71e-10
 2.71388e+17	5.84e-01	4.16e-01	1.84e-10
 2.71471e+17	5.97e-01	4.03e-01	1.96e-10
 2.71553e+17	6.10e-01	3.90e-01	2.11e-10
 2.71631e+17	6.21e-01	3.79e-01	2.24e-10
 2.71709e+17	6.33e-01	3.67e-01	2.40e-10
 2.71788e+17	6.46e-01	3.54e-01	2.58e-10
 2.71864e+17	6.57e-01	3.43e-01	2.75e-10
 2.71939e+17	6.69e-01	3.31e-01	2.93e-10
 2.72015e+17	6.80e-01	3.20e-01	3.14e-10
 2.72091e+17	6.91e-01	3.09e-01	3.34e-10
 2.72165e+17	7.02e-01	2.98e-01	3.59e-10
 2.72239e+17	7.13e-01	2.87e-01	3.81e-10
 2.72313e+17	7.23e-01	2.77e-01	4.08e-10
 2.72388e+17	7.34e-01	2.66e-01	4.37e-10
 2.72460e+17	7.44e-01	2.56e-01	4.66e-10
 2.72532e+17	7.53e-01	2.47e-01	4.95e-10
 2.72604e+17	7.63e-01	2.37e-01	5.31e-10
 2.72676e+17	7.72e-01	2.28e-01	5.63e-10
 2.72746e+17	7.81e-01	2.19e-01	6.04e-10
 2.72816e+17	7.89e-01	2.11e-01	6.38e-10
 2.72884e+17	7.97e-01	2.03e-01	6.82e-10
 2.72952e+17	8.05e-01	1.95e-01	7.26e-10
 2.73020e+17	8.13e-01	1.87e-01	7.72e-10
 2.73087e+17	8.20e-01	1.80e-01	8.22e-10
 2.73153e+17	8.27e-01	1.73e-01	8.71e-10
 2.73218e+17	8.34e-01	1.66e-01	9.29e-10
 2.73282e+17	8.40e-01	1.60e-01	9.79e-10
 2.73346e+17	8.46e-01	1.54e-01	1.04e-09
 2.73409e+17	8.52e-01	1.48e-01	1.11e-09
 2.73471e+17	8.58e-01	1.42e-01	1.17e-09
 2.73534e+17	8.63e-01	1.37e-01	1.24e-09
 2.73596e+17	8.69e-01	1.31e-01	1.32e-09
 2.73657e+17	8.74e-01	1.26e-01	1.40e-09
 2.73717e+17	8.79e-01	1.21e-01	1.49e-09
 2.73777e+17	8.83e-01	1.17e-01	1.57e-09
 2.73837e+17	8.88e-01	1.12e-01	1.67e-09
 2.73896e+17	8.92e-01	1.08e-01	1.76e-09
 2.73955e+17	8.97e-01	1.03e-01	1.87e-09
 2.74013e+17	9.00e-01	9.95e-02	1.97e-09
 2.74071e+17	9.04e-01	9.55e-02	2.10e-09
 2.74130e+17	9.08e-01	9.19e-02	2.21e-09
 2.74188e+17	9.12e-01	8.83e-02	2.36e-09
 2.74244e+17	9.15e-01	8.50e-02	2.49e-09
 2.74301e+17	9.18e-01	8.16e-02	2.66e-09
 2.74359e+17	9.21e-01	7.85e-02	2.80e-09
 2.74415e+17	9.25e-01	7.54e-02	2.99e-09
 2.74472e+17	9.27e-01	7.26e-02	3.15e-09
 2.74527e+17	9.30e-01	6.97e-02	3.36e-09
 2.74583e+17	9.33e-01	6.70e-02	3.56e-09
 2.74638e+17	9.36e-01	6.44e-02	3.80e-09
 2.74694e+17	9.38e-01	6.20e-02	4.01e-09
 2.74749e+17	9.40e-01	5.95e-02	4.29e-09
 2.74804e+17	9.43e-01	5.72e-02	4.55e-09
 2.74858e+17	9.45e-01	5.50e-02	4.86e-09
 2.74913e+17	9.47e-01	5.29e-02	5.16e-09
 2.74968e+17	9.49e-01	5.08e-02	5.52e-09
 2.75022e+17	9.51e-01	4.89e-02	5.85e-09
 2.75076e+17	9.53e-01	4.69e-02	6.28e-09
 2.75129e+17	9.55e-01	4.52e-02	6.67e-09
 2.75183e+17	9.57e-01	4.34e-02	7.15e-09
 2.75236e+17	9.58e-01	4.17e-02	7.64e-09
 2.75289e+17	9.60e-01	4.01e-02	8.17e-09
 2.75342e+17	9.61e-01	3.85e-02	8.75e-09
 2.75395e+17	9.63e-01	3.70e-02	9.38e-09
 2.75448e+17	9.64e-01	3.56e-02	1.00e-08
 2.75500e+17	9.66e-01	3.42e-02	1.07e-08
 2.75552e+17	9.67e-01	3.29e-02	1.15e-08
 2.75603e+17	9.68e-01	3.17e-02	1.23e-08
 2.75654e+17	9.70e-01	3.04e-02	1.32e-08
 2.75706e+17	9.71e-01	2.92e-02	1.41e-08
 2.75757e+17	9.72e-01	2.81e-02	1.51e-08
 2.75807e+17	9.73e-01	2.70e-02	1.61e-08
 2.75858e+17	9.74e-01	2.60e-02	1.72e-08
 2.75908e+17	9.75e-01	2.49e-02	1.83e-08
 2.75958e+17	9.76e-01	2.39e-02	1.94e-08
 2.76008e+17	9.77e-01	2.30e-02	2.06e-08
 2.76056e+17	9.78e-01	2.21e-02	2.18e-08
 2.76105e+17	9.79e-01	2.12e-02	2.29e-08
 2.76153e+17	9.80e-01	2.04e-02	2.40e-08
 2.76200e+17	9.80e-01	1.96e-02	2.51e-08
 2.76247e+17	9.81e-01	1.88e-02	2.62e-08
 2.76293e+17	9.82e-01	1.81e-02	2.71e-08
 2.76338e+17	9.83e-01	1.74e-02	2.80e-08
 2.76383e+17	9.83e-01	1.67e-02	2.87e-08
 2.76427e+17	9.84e-01	1.60e-02	2.94e-08
 2.76470e+17	9.85e-01	1.54e-02	2.99e-08
 2.76511e+17	9.85e-01	1.48e-02	3.04e-08
 2.76549e+17	9.86e-01	1.43e-02	3.09e-08
 2.76585e+17	9.86e-01	1.38e-02	3.13e-08
 2.76616e+17	9.87e-01	1.33e-02	3.18e-08
 2.76646e+17	9.87e-01	1.29e-02	3.22e-08
 2.76674e+17	9.87e-01	1.25e-02	3.27e-08
 2.76700e+17	9.88e-01	1.22e-02	3.33e-08
 2.76723e+17	9.88e-01	1.19e-02	3.38e-08
 2.76744e+17	9.88e-01	1.16e-02	3.43e-08
 2.76764e+17	9.89e-01	1.13e-02	3.49e-08
 2.76781e+17	9.89e-01	1.11e-02	3.54e-08
 2.76797e+17	9.89e-01	1.09e-02	3.60e-08
 2.76812e+17	9.89e-01	1.07e-02	3.65e-08
 2.76825e+17	9.89e-01	1.05e-02	3.69e-08
 2.76839e+17	9.90e-01	1.03e-02	3.76e-08
 2.76855e+17	9.90e-01	1.01e-02	3.84e-08
 2.76869e+17	9.90e-01	9.97e-03	3.89e-08
 2.76885e+17	9.90e-01	9.76e-03	3.98e-08
 2.76902e+17	9.90e-01	9.59e-03	4.04e-08
 2.76917e+17	9.91e-01	9.38e-03	4.15e-08
 2.76931e+17	9.91e-01	9.22e-03	4.23e-08
 2.76944e+17	9.91e-01	9.07e-03	4.31e-08
 2.76956e+17	9.91e-01	8.95e-03	4.37e-08
 2.76968e+17	9.91e-01	8.82e-03	4.44e-08
 2.76985e+17	9.91e-01	8.63e-03	4.55e-08
 2.77002e+17	9.92e-01	8.44e-03	4.67e-08
 2.77019e+17	9.92e-01	8.30e-03	4.74e-08
 2.77036e+17	9.92e-01	8.09e-03	4.89e-08
 2.77056e+17	9.92e-01	7.91e-03	5.03e-08
 2.77073e+17	9.92e-01	7.76e-03	5.14e-08
 2.77089e+17	9.92e-01	7.60e-03	5.29e-08
 2.77103e+17	9.93e-01	7.47e-03	5.39e-08
 2.77116e+17	9.93e-01	7.37e-03	5.47e-08
 2.77131e+17	9.93e-01	7.22e-03	5.63e-08
 2.77146e+17	9.93e-01	7.09e-03	5.74e-08
 2.77161e+17	9.93e-01	6.95e-03	5.90e-08
 2.77173e+17	9.93e-01	6.85e-03	6.02e-08
 2.77187e+17	9.93e-01	6.72e-03	6.16e-08
 2.77203e+17	9.93e-01	6.60e-03	6.32e-08
 2.77217e+17	9.94e-01	6.48e-03	6.47e-08
 2.77229e+17	9.94e-01	6.38e-03	6.60e-08
 2.77241e+17	9.94e-01	6.29e-03	6.73e-08
 2.77253e+17	9.94e-01	6.19e-03	6.86e-08
 2.77267e+17	9.94e-01	6.09e-03	6.99e-08
 2.77282e+17	9.94e-01	5.97e-03	7.21e-08
 2.77298e+17	9.94e-01	5.86e-03	7.35e-08
 2.77315e+17	9.94e-01	5.72e-03	7.61e-08
 2.77334e+17	9.94e-01	5.58e-03	7.84e-08
 2.77352e+17	9.95e-01	5.46e-03	8.05e-08
 2.77367e+17	9.95e-01	5.36e-03	8.25e-08
 2.77382e+17	9.95e-01	5.25e-03	8.42e-08
 2.77395e+17	9.95e-01	5.23e-03	8.41e-08
 2.77409e+17	9.95e-01	5.16e-03	8.41e-08
 2.77428e+17	9.95e-01	5.11e-03	8.41e-08
 2.77452e+17	9.95e-01	5.02e-03	8.41e-08
 2.77483e+17	9.95e-01	4.92e-03	8.40e-08
 2.77524e+17	9.95e-01	4.78e-03	8.40e-08
 2.77577e+17	9.95e-01	4.61e-03	8.39e-08
 2.77640e+17	9.96e-01	4.42e-03	8.39e-08
 2.77706e+17	9.96e-01	4.23e-03	8.38e-08
 2.77769e+17	9.96e-01	4.06e-03	8.38e-08
 2.77830e+17	9.96e-01	3.91e-03	8.37e-08
 2.77892e+17	9.96e-01	3.75e-03	8.37e-08
 2.77955e+17	9.96e-01	3.60e-03	8.36e-08
 2.78019e+17	9.97e-01	3.46e-03	8.36e-08
 2.78083e+17	9.97e-01	3.32e-03	8.35e-08
 2.78147e+17	9.97e-01	3.19e-03	8.35e-08
 2.78212e+17	9.97e-01	3.06e-03	8.35e-08
 2.78277e+17	9.97e-01	2.94e-03	8.34e-08
 2.78344e+17	9.97e-01	2.82e-03	8.34e-08
 2.78410e+17	9.97e-01	2.71e-03	8.34e-08
 2.78478e+17	9.97e-01	2.60e-03	8.33e-08
 2.78546e+17	9.98e-01	2.49e-03	8.33e-08
 2.78615e+17	9.98e-01	2.39e-03	8.33e-08
 2.78685e+17	9.98e-01	2.30e-03	8.33e-08
 2.78756e+17	9.98e-01	2.20e-03	8.32e-08
 2.78828e+17	9.98e-01	2.11e-03	8.32e-08
 2.78902e+17	9.98e-01	2.03e-03	8.32e-08
 2.78977e+17	9.98e-01	1.95e-03	8.32e-08
 2.79053e+17	9.98e-01	1.87e-03	8.32e-08
 2.79131e+17	9.98e-01	1.79e-03	8.31e-08
 2.79210e+17	9.98e-01	1.72e-03	8.31e-08
 2.79292e+17	9.98e-01	1.65e-03	8.31e-08
 2.79376e+17	9.98e-01	1.58e-03	8.31e-08
 2.79463e+17	9.98e-01	1.52e-03	8.31e-08
 2.79552e+17	9.99e-01	1.45e-03	8.31e-08
 2.79645e+17	9.99e-01	1.40e-03	8.31e-08
 2.79741e+17	9.99e-01	1.34e-03	8.31e-08
 2.79842e+17	9.99e-01	1.28e-03	8.31e-08
 2.79948e+17	9.99e-01	1.23e-03	8.31e-08
 2.80059e+17	9.99e-01	1.18e-03	8.31e-08
 2.80176e+17	9.99e-01	1.13e-03	8.31e-08
 2.80302e+17	9.99e-01	1.09e-03	8.31e-08
 2.80437e+17	9.99e-01	1.04e-03	8.31e-08
 2.80582e+17	9.99e-01	9.99e-04	8.31e-08
 2.80742e+17	9.99e-01	9.59e-04	8.31e-08
 2.80920e+17	9.99e-01	9.21e-04	8.31e-08
 2.81116e+17	9.99e-01	8.86e-04	8.32e-08
 2.81334e+17	9.99e-01	8.49e-04	8.32e-08
 2.81590e+17	9.99e-01	8.20e-04	8.32e-08
