#depth	H	H+	H2
 2.89406e+11	4.64e-02	9.54e-01	3.70e-11
 1.73644e+12	4.63e-02	9.54e-01	3.69e-11
 7.52456e+12	4.62e-02	9.54e-01	3.70e-11
 3.06771e+13	4.63e-02	9.54e-01	3.71e-11
 7.32776e+13	4.59e-02	9.54e-01	3.70e-11
 1.28658e+14	4.56e-02	9.54e-01	3.71e-11
 2.00653e+14	4.54e-02	9.55e-01	3.73e-11
 2.94247e+14	4.53e-02	9.55e-01	3.77e-11
 4.15918e+14	4.52e-02	9.55e-01	3.81e-11
 5.74091e+14	4.53e-02	9.55e-01	3.87e-11
 7.79716e+14	4.56e-02	9.54e-01	3.96e-11
 1.04703e+15	4.63e-02	9.54e-01	4.09e-11
 1.39453e+15	4.74e-02	9.53e-01	4.27e-11
 1.84629e+15	4.95e-02	9.50e-01	4.56e-11
 2.43358e+15	5.31e-02	9.47e-01	5.00e-11
 3.19705e+15	5.95e-02	9.40e-01	5.72e-11
 4.02579e+15	6.91e-02	9.31e-01	6.76e-11
 4.76535e+15	8.18e-02	9.18e-01	8.08e-11
 5.38536e+15	9.73e-02	9.03e-01	9.66e-11
 5.88341e+15	1.15e-01	8.85e-01	1.14e-10
 6.29011e+15	1.34e-01	8.66e-01	1.34e-10
 6.64293e+15	1.55e-01	8.45e-01	1.58e-10
 6.96636e+15	1.80e-01	8.20e-01	1.86e-10
 7.27054e+15	2.08e-01	7.92e-01	2.21e-10
 7.55665e+15	2.42e-01	7.58e-01	2.66e-10
 7.81896e+15	2.80e-01	7.20e-01	3.23e-10
 8.03555e+15	3.18e-01	6.82e-01	3.85e-10
 8.19698e+15	3.49e-01	6.51e-01	4.45e-10
 8.32210e+15	3.75e-01	6.25e-01	5.01e-10
 8.43324e+15	4.00e-01	6.00e-01	5.59e-10
 8.54048e+15	4.25e-01	5.75e-01	6.28e-10
 8.64466e+15	4.50e-01	5.50e-01	7.02e-10
 8.74100e+15	4.74e-01	5.26e-01	7.81e-10
 8.82577e+15	4.95e-01	5.05e-01	8.60e-10
 8.90275e+15	5.15e-01	4.85e-01	9.41e-10
 8.97688e+15	5.34e-01	4.66e-01	1.03e-09
 9.03863e+15	5.49e-01	4.51e-01	1.11e-09
 9.08472e+15	5.61e-01	4.39e-01	1.18e-09
 9.12785e+15	5.72e-01	4.28e-01	1.23e-09
 9.17587e+15	5.84e-01	4.16e-01	1.32e-09
 9.22769e+15	5.98e-01	4.02e-01	1.41e-09
 9.27730e+15	6.10e-01	3.90e-01	1.51e-09
 9.32481e+15	6.22e-01	3.78e-01	1.60e-09
 9.37312e+15	6.34e-01	3.66e-01	1.72e-09
 9.42173e+15	6.45e-01	3.55e-01	1.83e-09
 9.47023e+15	6.57e-01	3.43e-01	1.96e-09
 9.51853e+15	6.69e-01	3.31e-01	2.09e-09
 9.56682e+15	6.80e-01	3.20e-01	2.24e-09
 9.61564e+15	6.91e-01	3.09e-01	2.41e-09
 9.66375e+15	7.02e-01	2.98e-01	2.58e-09
 9.71152e+15	7.12e-01	2.88e-01	2.77e-09
 9.75981e+15	7.23e-01	2.77e-01	2.97e-09
 9.80844e+15	7.33e-01	2.67e-01	3.20e-09
 9.85703e+15	7.43e-01	2.57e-01	3.45e-09
 9.90540e+15	7.53e-01	2.47e-01	3.71e-09
 9.95382e+15	7.62e-01	2.38e-01	4.00e-09
 1.00025e+16	7.71e-01	2.29e-01	4.32e-09
 1.00512e+16	7.80e-01	2.20e-01	4.67e-09
 1.00996e+16	7.89e-01	2.11e-01	5.05e-09
 1.01474e+16	7.97e-01	2.03e-01	5.45e-09
 1.01946e+16	8.05e-01	1.95e-01	5.89e-09
 1.02415e+16	8.12e-01	1.88e-01	6.37e-09
 1.02880e+16	8.20e-01	1.80e-01	6.91e-09
 1.03343e+16	8.27e-01	1.73e-01	7.47e-09
 1.03802e+16	8.33e-01	1.67e-01	8.09e-09
 1.04258e+16	8.40e-01	1.60e-01	8.76e-09
 1.04711e+16	8.46e-01	1.54e-01	9.49e-09
 1.05162e+16	8.52e-01	1.48e-01	1.03e-08
 1.05612e+16	8.58e-01	1.42e-01	1.12e-08
 1.06058e+16	8.63e-01	1.37e-01	1.22e-08
 1.06503e+16	8.68e-01	1.32e-01	1.32e-08
 1.06946e+16	8.74e-01	1.26e-01	1.44e-08
 1.07389e+16	8.78e-01	1.22e-01	1.55e-08
 1.07829e+16	8.83e-01	1.17e-01	1.70e-08
 1.08264e+16	8.88e-01	1.12e-01	1.85e-08
 1.08699e+16	8.92e-01	1.08e-01	2.02e-08
 1.09139e+16	8.96e-01	1.04e-01	2.20e-08
 1.09576e+16	9.00e-01	9.98e-02	2.41e-08
 1.10010e+16	9.04e-01	9.60e-02	2.61e-08
 1.10442e+16	9.08e-01	9.23e-02	2.88e-08
 1.10871e+16	9.11e-01	8.88e-02	3.14e-08
 1.11302e+16	9.15e-01	8.53e-02	3.45e-08
 1.11737e+16	9.18e-01	8.20e-02	3.77e-08
 1.12169e+16	9.21e-01	7.88e-02	4.16e-08
 1.12599e+16	9.24e-01	7.58e-02	4.55e-08
 1.13029e+16	9.27e-01	7.28e-02	5.02e-08
 1.13458e+16	9.30e-01	7.00e-02	5.53e-08
 1.13888e+16	9.33e-01	6.73e-02	6.09e-08
 1.14318e+16	9.35e-01	6.47e-02	6.72e-08
 1.14748e+16	9.38e-01	6.22e-02	7.44e-08
 1.15178e+16	9.40e-01	5.98e-02	8.23e-08
 1.15607e+16	9.43e-01	5.75e-02	9.12e-08
 1.16037e+16	9.45e-01	5.53e-02	1.01e-07
 1.16467e+16	9.47e-01	5.32e-02	1.12e-07
 1.16894e+16	9.49e-01	5.11e-02	1.25e-07
 1.17319e+16	9.51e-01	4.92e-02	1.39e-07
 1.17741e+16	9.53e-01	4.73e-02	1.55e-07
 1.18154e+16	9.54e-01	4.56e-02	1.72e-07
 1.18559e+16	9.56e-01	4.39e-02	1.92e-07
 1.18956e+16	9.58e-01	4.23e-02	2.13e-07
 1.19350e+16	9.59e-01	4.09e-02	2.37e-07
 1.19742e+16	9.61e-01	3.94e-02	2.64e-07
 1.20128e+16	9.62e-01	3.81e-02	2.94e-07
 1.20507e+16	9.63e-01	3.68e-02	3.27e-07
 1.20877e+16	9.64e-01	3.55e-02	3.64e-07
 1.21241e+16	9.66e-01	3.44e-02	4.05e-07
 1.21601e+16	9.67e-01	3.33e-02	4.51e-07
 1.21955e+16	9.68e-01	3.22e-02	5.01e-07
 1.22306e+16	9.69e-01	3.12e-02	5.57e-07
 1.22656e+16	9.70e-01	3.02e-02	6.19e-07
 1.23004e+16	9.71e-01	2.92e-02	6.88e-07
 1.23351e+16	9.72e-01	2.83e-02	7.64e-07
 1.23700e+16	9.73e-01	2.74e-02	8.47e-07
 1.24055e+16	9.74e-01	2.65e-02	9.37e-07
 1.24419e+16	9.74e-01	2.56e-02	1.04e-06
 1.24799e+16	9.75e-01	2.47e-02	1.14e-06
 1.25202e+16	9.76e-01	2.37e-02	1.25e-06
 1.25622e+16	9.77e-01	2.27e-02	1.35e-06
 1.26032e+16	9.78e-01	2.19e-02	1.43e-06
 1.26406e+16	9.79e-01	2.10e-02	1.48e-06
 1.26737e+16	9.80e-01	2.03e-02	1.52e-06
 1.27033e+16	9.80e-01	1.97e-02	1.53e-06
 1.27302e+16	9.81e-01	1.91e-02	1.54e-06
 1.27551e+16	9.81e-01	1.86e-02	1.54e-06
 1.27780e+16	9.82e-01	1.81e-02	1.53e-06
 1.27989e+16	9.82e-01	1.76e-02	1.52e-06
 1.28179e+16	9.83e-01	1.72e-02	1.51e-06
 1.28352e+16	9.83e-01	1.68e-02	1.50e-06
 1.28509e+16	9.84e-01	1.65e-02	1.49e-06
 1.28652e+16	9.84e-01	1.61e-02	1.48e-06
 1.28782e+16	9.84e-01	1.59e-02	1.47e-06
 1.28900e+16	9.84e-01	1.56e-02	1.47e-06
 1.29008e+16	9.85e-01	1.54e-02	1.46e-06
 1.29106e+16	9.85e-01	1.51e-02	1.46e-06
 1.29214e+16	9.85e-01	1.49e-02	1.46e-06
 1.29330e+16	9.85e-01	1.47e-02	1.45e-06
 1.29435e+16	9.86e-01	1.44e-02	1.45e-06
 1.29531e+16	9.86e-01	1.42e-02	1.45e-06
 1.29619e+16	9.86e-01	1.40e-02	1.45e-06
 1.29715e+16	9.86e-01	1.39e-02	1.45e-06
 1.29818e+16	9.86e-01	1.37e-02	1.46e-06
 1.29931e+16	9.87e-01	1.34e-02	1.46e-06
 1.30054e+16	9.87e-01	1.32e-02	1.46e-06
 1.30165e+16	9.87e-01	1.30e-02	1.47e-06
 1.30267e+16	9.87e-01	1.28e-02	1.47e-06
 1.30378e+16	9.87e-01	1.26e-02	1.48e-06
 1.30497e+16	9.88e-01	1.24e-02	1.49e-06
 1.30607e+16	9.88e-01	1.22e-02	1.49e-06
 1.30706e+16	9.88e-01	1.20e-02	1.50e-06
 1.30815e+16	9.88e-01	1.19e-02	1.51e-06
 1.30932e+16	9.88e-01	1.17e-02	1.52e-06
 1.31039e+16	9.89e-01	1.15e-02	1.53e-06
 1.31136e+16	9.89e-01	1.13e-02	1.54e-06
 1.31243e+16	9.89e-01	1.11e-02	1.56e-06
 1.31358e+16	9.89e-01	1.10e-02	1.57e-06
 1.31463e+16	9.89e-01	1.08e-02	1.59e-06
 1.31558e+16	9.89e-01	1.06e-02	1.60e-06
 1.31644e+16	9.89e-01	1.05e-02	1.62e-06
 1.31739e+16	9.90e-01	1.03e-02	1.64e-06
 1.31842e+16	9.90e-01	1.02e-02	1.65e-06
 1.31935e+16	9.90e-01	1.01e-02	1.67e-06
 1.32038e+16	9.90e-01	9.89e-03	1.69e-06
 1.32148e+16	9.90e-01	9.74e-03	1.71e-06
 1.32249e+16	9.90e-01	9.60e-03	1.73e-06
 1.32340e+16	9.91e-01	9.47e-03	1.75e-06
 1.32440e+16	9.91e-01	9.33e-03	1.77e-06
 1.32548e+16	9.91e-01	9.18e-03	1.79e-06
 1.32647e+16	9.91e-01	9.06e-03	1.81e-06
 1.32755e+16	9.91e-01	8.91e-03	1.84e-06
 1.32871e+16	9.91e-01	8.76e-03	1.86e-06
 1.32977e+16	9.91e-01	8.63e-03	1.88e-06
 1.33073e+16	9.91e-01	8.52e-03	1.90e-06
 1.33179e+16	9.92e-01	8.39e-03	1.92e-06
 1.33317e+16	9.92e-01	8.28e-03	1.92e-06
 1.33495e+16	9.92e-01	8.20e-03	1.92e-06
 1.33727e+16	9.92e-01	8.05e-03	1.91e-06
 1.34029e+16	9.92e-01	7.86e-03	1.91e-06
 1.34421e+16	9.92e-01	7.62e-03	1.90e-06
 1.34931e+16	9.93e-01	7.32e-03	1.90e-06
 1.35510e+16	9.93e-01	7.00e-03	1.89e-06
 1.36067e+16	9.93e-01	6.72e-03	1.88e-06
 1.36593e+16	9.94e-01	6.46e-03	1.87e-06
 1.37117e+16	9.94e-01	6.21e-03	1.87e-06
 1.37654e+16	9.94e-01	5.97e-03	1.86e-06
 1.38198e+16	9.94e-01	5.73e-03	1.85e-06
 1.38742e+16	9.94e-01	5.50e-03	1.85e-06
 1.39284e+16	9.95e-01	5.28e-03	1.84e-06
 1.39827e+16	9.95e-01	5.07e-03	1.84e-06
 1.40373e+16	9.95e-01	4.87e-03	1.83e-06
 1.40922e+16	9.95e-01	4.68e-03	1.82e-06
 1.41472e+16	9.96e-01	4.49e-03	1.82e-06
 1.42023e+16	9.96e-01	4.31e-03	1.81e-06
 1.42576e+16	9.96e-01	4.14e-03	1.81e-06
 1.43132e+16	9.96e-01	3.97e-03	1.80e-06
 1.43689e+16	9.96e-01	3.81e-03	1.80e-06
 1.44248e+16	9.96e-01	3.66e-03	1.79e-06
 1.44808e+16	9.96e-01	3.51e-03	1.79e-06
 1.45371e+16	9.97e-01	3.37e-03	1.78e-06
 1.45936e+16	9.97e-01	3.24e-03	1.78e-06
 1.46503e+16	9.97e-01	3.10e-03	1.78e-06
 1.47071e+16	9.97e-01	2.98e-03	1.77e-06
 1.47642e+16	9.97e-01	2.86e-03	1.77e-06
 1.48216e+16	9.97e-01	2.74e-03	1.76e-06
 1.48791e+16	9.97e-01	2.63e-03	1.76e-06
 1.49369e+16	9.97e-01	2.52e-03	1.76e-06
 1.49949e+16	9.98e-01	2.42e-03	1.75e-06
 1.50531e+16	9.98e-01	2.32e-03	1.75e-06
 1.51116e+16	9.98e-01	2.22e-03	1.75e-06
 1.51703e+16	9.98e-01	2.13e-03	1.75e-06
 1.52294e+16	9.98e-01	2.04e-03	1.74e-06
 1.52886e+16	9.98e-01	1.96e-03	1.74e-06
 1.53482e+16	9.98e-01	1.88e-03	1.74e-06
 1.54082e+16	9.98e-01	1.80e-03	1.73e-06
 1.54684e+16	9.98e-01	1.72e-03	1.73e-06
 1.55288e+16	9.98e-01	1.65e-03	1.73e-06
 1.55897e+16	9.98e-01	1.58e-03	1.73e-06
 1.56509e+16	9.98e-01	1.51e-03	1.72e-06
 1.57124e+16	9.99e-01	1.45e-03	1.72e-06
 1.57742e+16	9.99e-01	1.39e-03	1.72e-06
 1.58363e+16	9.99e-01	1.33e-03	1.72e-06
 1.58989e+16	9.99e-01	1.27e-03	1.72e-06
 1.59622e+16	9.99e-01	1.22e-03	1.72e-06
 1.60257e+16	9.99e-01	1.16e-03	1.71e-06
 1.60896e+16	9.99e-01	1.11e-03	1.71e-06
 1.61538e+16	9.99e-01	1.06e-03	1.71e-06
 1.62186e+16	9.99e-01	1.02e-03	1.71e-06
 1.62836e+16	9.99e-01	9.71e-04	1.71e-06
 1.63492e+16	9.99e-01	9.29e-04	1.71e-06
 1.64150e+16	9.99e-01	8.89e-04	1.70e-06
 1.64811e+16	9.99e-01	8.48e-04	1.70e-06
 1.65473e+16	9.99e-01	8.09e-04	1.70e-06
