#depth	H	H+	H2
 9.82563e+11	2.98e-04	1.00e+00	1.81e-15
 5.89538e+12	2.98e-04	1.00e+00	1.81e-15
 2.55466e+13	2.98e-04	1.00e+00	1.81e-15
 1.04152e+14	2.98e-04	1.00e+00	1.81e-15
 2.48785e+14	2.98e-04	1.00e+00	1.81e-15
 4.36808e+14	2.98e-04	1.00e+00	1.81e-15
 6.81239e+14	2.97e-04	1.00e+00	1.81e-15
 9.98998e+14	2.97e-04	1.00e+00	1.81e-15
 1.41209e+15	2.97e-04	1.00e+00	1.81e-15
 1.94910e+15	2.97e-04	1.00e+00	1.81e-15
 2.64722e+15	2.96e-04	1.00e+00	1.82e-15
 3.55477e+15	2.96e-04	1.00e+00	1.82e-15
 4.73459e+15	2.96e-04	1.00e+00	1.83e-15
 6.26835e+15	2.95e-04	1.00e+00	1.83e-15
 8.26225e+15	2.95e-04	1.00e+00	1.85e-15
 1.08543e+16	2.95e-04	1.00e+00	1.86e-15
 1.42240e+16	2.95e-04	1.00e+00	1.88e-15
 1.86046e+16	2.95e-04	1.00e+00	1.91e-15
 2.42993e+16	2.96e-04	1.00e+00	1.95e-15
 3.17025e+16	2.98e-04	1.00e+00	2.01e-15
 3.76813e+16	2.96e-04	1.00e+00	2.04e-15
 4.14494e+16	2.97e-04	1.00e+00	2.07e-15
 4.55943e+16	2.98e-04	1.00e+00	2.11e-15
 5.01538e+16	2.99e-04	1.00e+00	2.14e-15
 5.51691e+16	3.01e-04	1.00e+00	2.19e-15
 6.06861e+16	3.03e-04	1.00e+00	2.24e-15
 6.67547e+16	3.06e-04	1.00e+00	2.30e-15
 7.34301e+16	3.09e-04	1.00e+00	2.37e-15
 8.07732e+16	3.13e-04	1.00e+00	2.45e-15
 8.88505e+16	3.17e-04	1.00e+00	2.53e-15
 9.77355e+16	3.22e-04	1.00e+00	2.64e-15
 1.07509e+17	3.28e-04	1.00e+00	2.76e-15
 1.18260e+17	3.35e-04	1.00e+00	2.90e-15
 1.30086e+17	3.43e-04	1.00e+00	3.07e-15
 1.43095e+17	3.53e-04	1.00e+00	3.27e-15
 1.57404e+17	3.65e-04	1.00e+00	3.50e-15
 1.73144e+17	3.79e-04	1.00e+00	3.79e-15
 1.90459e+17	3.97e-04	1.00e+00	4.14e-15
 2.09505e+17	4.18e-04	1.00e+00	4.57e-15
 2.30455e+17	4.43e-04	1.00e+00	5.11e-15
 2.53501e+17	4.75e-04	1.00e+00	5.80e-15
 2.78851e+17	5.16e-04	9.99e-01	6.68e-15
 3.06736e+17	5.68e-04	9.99e-01	7.86e-15
 3.37409e+17	6.36e-04	9.99e-01	9.46e-15
 3.71150e+17	7.28e-04	9.99e-01	1.17e-14
 4.05074e+17	8.43e-04	9.99e-01	1.46e-14
 4.35426e+17	9.74e-04	9.99e-01	1.82e-14
 4.62049e+17	1.12e-03	9.99e-01	2.22e-14
 4.86414e+17	1.29e-03	9.99e-01	2.69e-14
 5.09522e+17	1.49e-03	9.99e-01	3.28e-14
 5.31148e+17	1.74e-03	9.98e-01	4.00e-14
 5.48424e+17	1.98e-03	9.98e-01	4.73e-14
 5.60778e+17	2.20e-03	9.98e-01	5.41e-14
 5.73296e+17	2.46e-03	9.98e-01	6.25e-14
 5.86951e+17	2.81e-03	9.97e-01	7.35e-14
 5.98841e+17	3.19e-03	9.97e-01	8.58e-14
 6.08593e+17	3.59e-03	9.96e-01	9.92e-14
 6.17195e+17	4.00e-03	9.96e-01	1.13e-13
 6.26759e+17	4.58e-03	9.95e-01	1.33e-13
 6.36601e+17	5.32e-03	9.95e-01	1.58e-13
 6.44402e+17	6.09e-03	9.94e-01	1.87e-13
 6.50736e+17	6.87e-03	9.93e-01	2.15e-13
 6.56305e+17	7.73e-03	9.92e-01	2.47e-13
 6.61250e+17	8.66e-03	9.91e-01	2.83e-13
 6.65638e+17	9.65e-03	9.90e-01	3.21e-13
 6.69480e+17	1.07e-02	9.89e-01	3.62e-13
 6.72870e+17	1.18e-02	9.88e-01	4.07e-13
 6.75912e+17	1.30e-02	9.87e-01	4.56e-13
 6.78647e+17	1.42e-02	9.86e-01	5.07e-13
 6.81083e+17	1.55e-02	9.84e-01	5.62e-13
 6.83254e+17	1.69e-02	9.83e-01	6.21e-13
 6.85230e+17	1.83e-02	9.82e-01	6.82e-13
 6.87045e+17	1.98e-02	9.80e-01	7.50e-13
 6.88691e+17	2.14e-02	9.79e-01	8.20e-13
 6.90193e+17	2.31e-02	9.77e-01	8.96e-13
 6.91581e+17	2.47e-02	9.75e-01	9.74e-13
 6.92904e+17	2.66e-02	9.73e-01	1.06e-12
 6.94179e+17	2.86e-02	9.71e-01	1.16e-12
 6.95423e+17	3.08e-02	9.69e-01	1.27e-12
 6.96851e+17	3.37e-02	9.66e-01	1.41e-12
 6.98443e+17	3.77e-02	9.62e-01	1.62e-12
 6.99926e+17	4.23e-02	9.58e-01	1.87e-12
 7.01314e+17	4.78e-02	9.52e-01	2.17e-12
 7.02904e+17	5.56e-02	9.44e-01	2.61e-12
 7.04698e+17	6.75e-02	9.32e-01	3.32e-12
 7.06352e+17	8.39e-02	9.16e-01	4.35e-12
 7.07719e+17	1.04e-01	8.96e-01	5.72e-12
 7.08837e+17	1.27e-01	8.73e-01	7.47e-12
 7.09791e+17	1.55e-01	8.45e-01	9.77e-12
 7.10631e+17	1.87e-01	8.13e-01	1.29e-11
 7.11372e+17	2.26e-01	7.74e-01	1.71e-11
 7.11992e+17	2.69e-01	7.31e-01	2.25e-11
 7.12455e+17	3.08e-01	6.92e-01	2.84e-11
 7.12777e+17	3.40e-01	6.60e-01	3.39e-11
 7.13029e+17	3.66e-01	6.34e-01	3.89e-11
 7.13252e+17	3.92e-01	6.08e-01	4.44e-11
 7.13459e+17	4.17e-01	5.83e-01	5.03e-11
 7.13657e+17	4.42e-01	5.58e-01	5.71e-11
 7.13836e+17	4.66e-01	5.34e-01	6.38e-11
 7.13994e+17	4.88e-01	5.12e-01	7.08e-11
 7.14138e+17	5.08e-01	4.92e-01	7.80e-11
 7.14276e+17	5.28e-01	4.72e-01	8.55e-11
 7.14388e+17	5.44e-01	4.56e-01	9.22e-11
 7.14469e+17	5.56e-01	4.44e-01	9.74e-11
 7.14543e+17	5.67e-01	4.33e-01	1.03e-10
 7.14626e+17	5.79e-01	4.21e-01	1.09e-10
 7.14714e+17	5.92e-01	4.08e-01	1.16e-10
 7.14801e+17	6.05e-01	3.95e-01	1.23e-10
 7.14883e+17	6.17e-01	3.83e-01	1.30e-10
 7.14965e+17	6.29e-01	3.71e-01	1.38e-10
 7.15046e+17	6.41e-01	3.59e-01	1.45e-10
 7.15127e+17	6.53e-01	3.47e-01	1.54e-10
 7.15207e+17	6.65e-01	3.35e-01	1.62e-10
 7.15287e+17	6.76e-01	3.24e-01	1.72e-10
 7.15366e+17	6.87e-01	3.13e-01	1.81e-10
 7.15445e+17	6.99e-01	3.01e-01	1.92e-10
 7.15523e+17	7.09e-01	2.91e-01	2.02e-10
 7.15600e+17	7.20e-01	2.80e-01	2.13e-10
 7.15677e+17	7.30e-01	2.70e-01	2.23e-10
 7.15755e+17	7.40e-01	2.60e-01	2.36e-10
 7.15831e+17	7.50e-01	2.50e-01	2.47e-10
 7.15906e+17	7.59e-01	2.41e-01	2.60e-10
 7.15982e+17	7.68e-01	2.32e-01	2.73e-10
 7.16057e+17	7.78e-01	2.22e-01	2.88e-10
 7.16132e+17	7.86e-01	2.14e-01	3.00e-10
 7.16205e+17	7.95e-01	2.05e-01	3.17e-10
 7.16276e+17	8.02e-01	1.98e-01	3.30e-10
 7.16348e+17	8.10e-01	1.90e-01	3.46e-10
 7.16418e+17	8.17e-01	1.83e-01	3.60e-10
 7.16487e+17	8.25e-01	1.75e-01	3.78e-10
 7.16556e+17	8.31e-01	1.69e-01	3.92e-10
 7.16625e+17	8.38e-01	1.62e-01	4.10e-10
 7.16692e+17	8.44e-01	1.56e-01	4.27e-10
 7.16759e+17	8.50e-01	1.50e-01	4.45e-10
 7.16825e+17	8.56e-01	1.44e-01	4.62e-10
 7.16891e+17	8.62e-01	1.38e-01	4.83e-10
 7.16957e+17	8.67e-01	1.33e-01	4.99e-10
 7.17021e+17	8.72e-01	1.28e-01	5.21e-10
 7.17085e+17	8.77e-01	1.23e-01	5.40e-10
 7.17149e+17	8.82e-01	1.18e-01	5.63e-10
 7.17213e+17	8.87e-01	1.13e-01	5.81e-10
 7.17276e+17	8.91e-01	1.09e-01	6.06e-10
 7.17338e+17	8.95e-01	1.05e-01	6.28e-10
 7.17400e+17	8.99e-01	1.01e-01	6.53e-10
 7.17462e+17	9.03e-01	9.68e-02	6.76e-10
 7.17524e+17	9.07e-01	9.30e-02	7.04e-10
 7.17585e+17	9.11e-01	8.94e-02	7.27e-10
 7.17646e+17	9.14e-01	8.59e-02	7.58e-10
 7.17707e+17	9.17e-01	8.27e-02	7.82e-10
 7.17767e+17	9.21e-01	7.94e-02	8.16e-10
 7.17827e+17	9.24e-01	7.63e-02	8.45e-10
 7.17887e+17	9.27e-01	7.33e-02	8.80e-10
 7.17947e+17	9.29e-01	7.05e-02	9.11e-10
 7.18007e+17	9.32e-01	6.77e-02	9.52e-10
 7.18066e+17	9.35e-01	6.52e-02	9.83e-10
 7.18125e+17	9.37e-01	6.26e-02	1.03e-09
 7.18183e+17	9.40e-01	6.02e-02	1.07e-09
 7.18242e+17	9.42e-01	5.78e-02	1.11e-09
 7.18301e+17	9.44e-01	5.56e-02	1.16e-09
 7.18360e+17	9.47e-01	5.34e-02	1.21e-09
 7.18418e+17	9.49e-01	5.13e-02	1.26e-09
 7.18476e+17	9.51e-01	4.93e-02	1.32e-09
 7.18534e+17	9.53e-01	4.74e-02	1.38e-09
 7.18591e+17	9.54e-01	4.56e-02	1.44e-09
 7.18649e+17	9.56e-01	4.38e-02	1.51e-09
 7.18707e+17	9.58e-01	4.21e-02	1.58e-09
 7.18764e+17	9.60e-01	4.04e-02	1.66e-09
 7.18821e+17	9.61e-01	3.88e-02	1.74e-09
 7.18878e+17	9.63e-01	3.73e-02	1.83e-09
 7.18935e+17	9.64e-01	3.59e-02	1.92e-09
 7.18992e+17	9.66e-01	3.45e-02	2.03e-09
 7.19049e+17	9.67e-01	3.31e-02	2.14e-09
 7.19106e+17	9.68e-01	3.18e-02	2.26e-09
 7.19163e+17	9.69e-01	3.06e-02	2.39e-09
 7.19219e+17	9.71e-01	2.94e-02	2.53e-09
 7.19276e+17	9.72e-01	2.82e-02	2.69e-09
 7.19332e+17	9.73e-01	2.71e-02	2.85e-09
 7.19388e+17	9.74e-01	2.61e-02	3.03e-09
 7.19445e+17	9.75e-01	2.50e-02	3.23e-09
 7.19501e+17	9.76e-01	2.40e-02	3.44e-09
 7.19557e+17	9.77e-01	2.31e-02	3.66e-09
 7.19613e+17	9.78e-01	2.22e-02	3.90e-09
 7.19669e+17	9.79e-01	2.13e-02	4.16e-09
 7.19724e+17	9.79e-01	2.05e-02	4.44e-09
 7.19780e+17	9.80e-01	1.97e-02	4.74e-09
 7.19836e+17	9.81e-01	1.89e-02	5.07e-09
 7.19892e+17	9.82e-01	1.82e-02	5.41e-09
 7.19948e+17	9.83e-01	1.75e-02	5.79e-09
 7.20003e+17	9.83e-01	1.68e-02	6.18e-09
 7.20059e+17	9.84e-01	1.61e-02	6.59e-09
 7.20116e+17	9.85e-01	1.55e-02	7.03e-09
 7.20171e+17	9.85e-01	1.48e-02	7.48e-09
 7.20227e+17	9.86e-01	1.43e-02	7.94e-09
 7.20282e+17	9.86e-01	1.37e-02	8.41e-09
 7.20338e+17	9.87e-01	1.31e-02	8.87e-09
 7.20393e+17	9.87e-01	1.26e-02	9.34e-09
 7.20448e+17	9.88e-01	1.21e-02	9.81e-09
 7.20504e+17	9.88e-01	1.16e-02	1.03e-08
 7.20558e+17	9.89e-01	1.12e-02	1.08e-08
 7.20612e+17	9.89e-01	1.07e-02	1.12e-08
 7.20666e+17	9.90e-01	1.03e-02	1.16e-08
 7.20721e+17	9.90e-01	9.87e-03	1.21e-08
 7.20775e+17	9.91e-01	9.47e-03	1.25e-08
 7.20828e+17	9.91e-01	9.08e-03	1.29e-08
 7.20881e+17	9.91e-01	8.71e-03	1.34e-08
 7.20933e+17	9.92e-01	8.37e-03	1.38e-08
 7.20984e+17	9.92e-01	8.04e-03	1.42e-08
 7.21032e+17	9.92e-01	7.74e-03	1.46e-08
 7.21077e+17	9.93e-01	7.46e-03	1.50e-08
 7.21119e+17	9.93e-01	7.21e-03	1.55e-08
 7.21159e+17	9.93e-01	6.98e-03	1.59e-08
 7.21198e+17	9.93e-01	6.75e-03	1.64e-08
 7.21235e+17	9.93e-01	6.55e-03	1.69e-08
 7.21270e+17	9.94e-01	6.36e-03	1.74e-08
 7.21302e+17	9.94e-01	6.19e-03	1.79e-08
 7.21331e+17	9.94e-01	6.04e-03	1.83e-08
 7.21357e+17	9.94e-01	5.91e-03	1.88e-08
 7.21381e+17	9.94e-01	5.79e-03	1.92e-08
 7.21407e+17	9.94e-01	5.66e-03	1.97e-08
 7.21435e+17	9.94e-01	5.52e-03	2.03e-08
 7.21461e+17	9.95e-01	5.41e-03	2.06e-08
 7.21489e+17	9.95e-01	5.26e-03	2.14e-08
 7.21520e+17	9.95e-01	5.13e-03	2.21e-08
 7.21548e+17	9.95e-01	5.02e-03	2.26e-08
 7.21573e+17	9.95e-01	4.90e-03	2.34e-08
 7.21596e+17	9.95e-01	4.81e-03	2.39e-08
 7.21621e+17	9.95e-01	4.70e-03	2.46e-08
 7.21648e+17	9.95e-01	4.60e-03	2.53e-08
 7.21673e+17	9.95e-01	4.52e-03	2.58e-08
 7.21700e+17	9.96e-01	4.40e-03	2.67e-08
 7.21729e+17	9.96e-01	4.31e-03	2.74e-08
 7.21756e+17	9.96e-01	4.22e-03	2.81e-08
 7.21780e+17	9.96e-01	4.14e-03	2.87e-08
 7.21807e+17	9.96e-01	4.05e-03	2.96e-08
 7.21836e+17	9.96e-01	3.97e-03	3.04e-08
 7.21862e+17	9.96e-01	3.89e-03	3.11e-08
 7.21885e+17	9.96e-01	3.82e-03	3.17e-08
 7.21911e+17	9.96e-01	3.74e-03	3.27e-08
 7.21940e+17	9.96e-01	3.66e-03	3.35e-08
 7.21965e+17	9.96e-01	3.59e-03	3.43e-08
 7.21988e+17	9.96e-01	3.53e-03	3.51e-08
 7.22010e+17	9.97e-01	3.47e-03	3.59e-08
 7.22029e+17	9.97e-01	3.43e-03	3.66e-08
 7.22050e+17	9.97e-01	3.37e-03	3.74e-08
 7.22077e+17	9.97e-01	3.30e-03	3.85e-08
 7.22107e+17	9.97e-01	3.22e-03	3.96e-08
 7.22134e+17	9.97e-01	3.17e-03	4.03e-08
 7.22164e+17	9.97e-01	3.09e-03	4.18e-08
 7.22195e+17	9.97e-01	3.02e-03	4.28e-08
 7.22224e+17	9.97e-01	2.96e-03	4.42e-08
 7.22251e+17	9.97e-01	2.90e-03	4.52e-08
 7.22275e+17	9.97e-01	2.86e-03	4.61e-08
 7.22301e+17	9.97e-01	2.81e-03	4.69e-08
 7.22336e+17	9.97e-01	2.73e-03	4.87e-08
 7.22372e+17	9.97e-01	2.67e-03	5.01e-08
 7.22406e+17	9.97e-01	2.61e-03	5.13e-08
 7.22437e+17	9.97e-01	2.56e-03	5.27e-08
 7.22465e+17	9.97e-01	2.50e-03	5.37e-08
 7.22495e+17	9.98e-01	2.49e-03	5.37e-08
 7.22535e+17	9.98e-01	2.45e-03	5.37e-08
 7.22586e+17	9.98e-01	2.41e-03	5.37e-08
 7.22653e+17	9.98e-01	2.36e-03	5.37e-08
 7.22741e+17	9.98e-01	2.29e-03	5.37e-08
 7.22854e+17	9.98e-01	2.21e-03	5.37e-08
 7.22993e+17	9.98e-01	2.12e-03	5.37e-08
 7.23142e+17	9.98e-01	2.03e-03	5.37e-08
 7.23288e+17	9.98e-01	1.95e-03	5.37e-08
 7.23435e+17	9.98e-01	1.88e-03	5.37e-08
 7.23594e+17	9.98e-01	1.81e-03	5.37e-08
 7.23769e+17	9.98e-01	1.74e-03	5.37e-08
 7.23955e+17	9.98e-01	1.68e-03	5.37e-08
 7.24150e+17	9.98e-01	1.62e-03	5.37e-08
 7.24354e+17	9.98e-01	1.56e-03	5.37e-08
 7.24573e+17	9.98e-01	1.51e-03	5.37e-08
 7.24809e+17	9.99e-01	1.45e-03	5.37e-08
 7.25062e+17	9.99e-01	1.40e-03	5.37e-08
 7.25328e+17	9.99e-01	1.36e-03	5.37e-08
 7.25610e+17	9.99e-01	1.31e-03	5.37e-08
 7.25911e+17	9.99e-01	1.27e-03	5.37e-08
 7.26232e+17	9.99e-01	1.23e-03	5.38e-08
 7.26574e+17	9.99e-01	1.19e-03	5.38e-08
 7.26938e+17	9.99e-01	1.15e-03	5.38e-08
 7.27325e+17	9.99e-01	1.11e-03	5.38e-08
 7.27737e+17	9.99e-01	1.08e-03	5.39e-08
 7.28176e+17	9.99e-01	1.04e-03	5.39e-08
 7.28647e+17	9.99e-01	1.01e-03	5.39e-08
 7.29152e+17	9.99e-01	9.78e-04	5.40e-08
 7.29694e+17	9.99e-01	9.46e-04	5.40e-08
 7.30276e+17	9.99e-01	9.15e-04	5.41e-08
 7.30901e+17	9.99e-01	8.84e-04	5.42e-08
