#depth	H	H+	H2
 9.60840e+11	5.41e-04	9.99e-01	3.09e-14
 5.76504e+12	5.41e-04	9.99e-01	3.10e-14
 2.49818e+13	5.41e-04	9.99e-01	3.10e-14
 1.01849e+14	5.41e-04	9.99e-01	3.11e-14
 2.43285e+14	5.40e-04	9.99e-01	3.12e-14
 4.27151e+14	5.40e-04	9.99e-01	3.13e-14
 6.66177e+14	5.39e-04	9.99e-01	3.14e-14
 9.76911e+14	5.39e-04	9.99e-01	3.16e-14
 1.38087e+15	5.39e-04	9.99e-01	3.18e-14
 1.90601e+15	5.38e-04	9.99e-01	3.20e-14
 2.58869e+15	5.38e-04	9.99e-01	3.23e-14
 3.47618e+15	5.37e-04	9.99e-01	3.27e-14
 4.62991e+15	5.37e-04	9.99e-01	3.32e-14
 6.12976e+15	5.37e-04	9.99e-01	3.38e-14
 8.07957e+15	5.37e-04	9.99e-01	3.46e-14
 1.06143e+16	5.38e-04	9.99e-01	3.56e-14
 1.39095e+16	5.40e-04	9.99e-01	3.68e-14
 1.81932e+16	5.42e-04	9.99e-01	3.85e-14
 2.37621e+16	5.46e-04	9.99e-01	4.05e-14
 3.10016e+16	5.53e-04	9.99e-01	4.32e-14
 3.68482e+16	5.53e-04	9.99e-01	4.63e-14
 4.05330e+16	5.57e-04	9.99e-01	4.78e-14
 4.45863e+16	5.62e-04	9.99e-01	4.97e-14
 4.90449e+16	5.67e-04	9.99e-01	5.16e-14
 5.39494e+16	5.72e-04	9.99e-01	5.31e-14
 5.93444e+16	5.80e-04	9.99e-01	5.56e-14
 6.52788e+16	5.88e-04	9.99e-01	5.80e-14
 7.18067e+16	5.98e-04	9.99e-01	6.08e-14
 7.89873e+16	6.09e-04	9.99e-01	6.39e-14
 8.68861e+16	6.23e-04	9.99e-01	6.74e-14
 9.55747e+16	6.39e-04	9.99e-01	7.11e-14
 1.05132e+17	6.57e-04	9.99e-01	7.53e-14
 1.15645e+17	6.80e-04	9.99e-01	7.99e-14
 1.27210e+17	7.07e-04	9.99e-01	8.51e-14
 1.39931e+17	7.39e-04	9.99e-01	9.07e-14
 1.53924e+17	7.78e-04	9.99e-01	9.73e-14
 1.69316e+17	8.26e-04	9.99e-01	1.04e-13
 1.86248e+17	8.86e-04	9.99e-01	1.12e-13
 2.04873e+17	9.61e-04	9.99e-01	1.20e-13
 2.25360e+17	1.06e-03	9.99e-01	1.29e-13
 2.46461e+17	1.18e-03	9.99e-01	1.39e-13
 2.65943e+17	1.31e-03	9.99e-01	1.48e-13
 2.83162e+17	1.44e-03	9.99e-01	1.56e-13
 2.98858e+17	1.59e-03	9.98e-01	1.64e-13
 3.13681e+17	1.76e-03	9.98e-01	1.73e-13
 3.27718e+17	1.95e-03	9.98e-01	1.83e-13
 3.40819e+17	2.16e-03	9.98e-01	1.95e-13
 3.52945e+17	2.40e-03	9.98e-01	2.07e-13
 3.64223e+17	2.66e-03	9.97e-01	2.21e-13
 3.74811e+17	2.95e-03	9.97e-01	2.37e-13
 3.84609e+17	3.28e-03	9.97e-01	2.56e-13
 3.93523e+17	3.63e-03	9.96e-01	2.77e-13
 4.01756e+17	4.03e-03	9.96e-01	3.00e-13
 4.09513e+17	4.47e-03	9.96e-01	3.28e-13
 4.16865e+17	4.98e-03	9.95e-01	3.60e-13
 4.22701e+17	5.46e-03	9.95e-01	3.91e-13
 4.26436e+17	5.82e-03	9.94e-01	4.14e-13
 4.29262e+17	6.12e-03	9.94e-01	4.35e-13
 4.32366e+17	6.48e-03	9.94e-01	4.59e-13
 4.35678e+17	6.90e-03	9.93e-01	4.87e-13
 4.38358e+17	7.28e-03	9.93e-01	5.14e-13
 4.40348e+17	7.58e-03	9.92e-01	5.34e-13
 4.42048e+17	7.86e-03	9.92e-01	5.54e-13
 4.43963e+17	8.19e-03	9.92e-01	5.79e-13
 4.45908e+17	8.54e-03	9.91e-01	6.03e-13
 4.47387e+17	8.83e-03	9.91e-01	6.26e-13
 4.48519e+17	9.05e-03	9.91e-01	6.44e-13
 4.49706e+17	9.30e-03	9.91e-01	6.63e-13
 4.51026e+17	9.59e-03	9.90e-01	6.88e-13
 4.52226e+17	9.85e-03	9.90e-01	7.12e-13
 4.53299e+17	1.01e-02	9.90e-01	7.34e-13
 4.54497e+17	1.04e-02	9.90e-01	7.62e-13
 4.56056e+17	1.08e-02	9.89e-01	8.00e-13
 4.58082e+17	1.14e-02	9.89e-01	8.52e-13
 4.60716e+17	1.23e-02	9.88e-01	9.27e-13
 4.64140e+17	1.37e-02	9.86e-01	1.03e-12
 4.68591e+17	1.59e-02	9.84e-01	1.21e-12
 4.73374e+17	1.93e-02	9.81e-01	1.47e-12
 4.77688e+17	2.37e-02	9.76e-01	1.81e-12
 4.81475e+17	2.93e-02	9.71e-01	2.26e-12
 4.84640e+17	3.61e-02	9.64e-01	2.84e-12
 4.87248e+17	4.44e-02	9.56e-01	3.58e-12
 4.89453e+17	5.44e-02	9.46e-01	4.53e-12
 4.91366e+17	6.69e-02	9.33e-01	5.80e-12
 4.93035e+17	8.26e-02	9.17e-01	7.57e-12
 4.94304e+17	1.00e-01	9.00e-01	9.73e-12
 4.95147e+17	1.16e-01	8.84e-01	1.19e-11
 4.95835e+17	1.32e-01	8.68e-01	1.43e-11
 4.96611e+17	1.53e-01	8.47e-01	1.80e-11
 4.97446e+17	1.84e-01	8.16e-01	2.42e-11
 4.98200e+17	2.22e-01	7.78e-01	3.35e-11
 4.98853e+17	2.65e-01	7.35e-01	4.69e-11
 4.99348e+17	3.07e-01	6.93e-01	6.33e-11
 4.99683e+17	3.40e-01	6.60e-01	7.99e-11
 4.99932e+17	3.67e-01	6.33e-01	9.54e-11
 5.00149e+17	3.92e-01	6.08e-01	1.12e-10
 5.00351e+17	4.17e-01	5.83e-01	1.33e-10
 5.00543e+17	4.42e-01	5.58e-01	1.57e-10
 5.00718e+17	4.66e-01	5.34e-01	1.84e-10
 5.00878e+17	4.88e-01	5.12e-01	2.13e-10
 5.01022e+17	5.09e-01	4.91e-01	2.46e-10
 5.01153e+17	5.28e-01	4.72e-01	2.77e-10
 5.01263e+17	5.45e-01	4.55e-01	3.13e-10
 5.01341e+17	5.57e-01	4.43e-01	3.37e-10
 5.01413e+17	5.68e-01	4.32e-01	3.63e-10
 5.01492e+17	5.80e-01	4.20e-01	3.98e-10
 5.01577e+17	5.93e-01	4.07e-01	4.36e-10
 5.01660e+17	6.06e-01	3.94e-01	4.78e-10
 5.01739e+17	6.18e-01	3.82e-01	5.22e-10
 5.01816e+17	6.30e-01	3.70e-01	5.70e-10
 5.01894e+17	6.42e-01	3.58e-01	6.23e-10
 5.01972e+17	6.54e-01	3.46e-01	6.81e-10
 5.02048e+17	6.66e-01	3.34e-01	7.45e-10
 5.02124e+17	6.78e-01	3.22e-01	8.22e-10
 5.02199e+17	6.88e-01	3.12e-01	8.85e-10
 5.02274e+17	6.99e-01	3.01e-01	9.76e-10
 5.02349e+17	7.10e-01	2.90e-01	1.08e-09
 5.02423e+17	7.21e-01	2.79e-01	1.18e-09
 5.02494e+17	7.31e-01	2.69e-01	1.28e-09
 5.02566e+17	7.41e-01	2.59e-01	1.41e-09
 5.02639e+17	7.51e-01	2.49e-01	1.55e-09
 5.02710e+17	7.60e-01	2.40e-01	1.70e-09
 5.02780e+17	7.69e-01	2.31e-01	1.85e-09
 5.02851e+17	7.78e-01	2.22e-01	2.04e-09
 5.02921e+17	7.87e-01	2.13e-01	2.24e-09
 5.02990e+17	7.96e-01	2.04e-01	2.43e-09
 5.03057e+17	8.04e-01	1.96e-01	2.68e-09
 5.03124e+17	8.11e-01	1.89e-01	2.91e-09
 5.03189e+17	8.19e-01	1.81e-01	3.20e-09
 5.03254e+17	8.26e-01	1.74e-01	3.46e-09
 5.03318e+17	8.32e-01	1.68e-01	3.79e-09
 5.03381e+17	8.39e-01	1.61e-01	4.12e-09
 5.03443e+17	8.45e-01	1.55e-01	4.47e-09
 5.03506e+17	8.51e-01	1.49e-01	4.84e-09
 5.03567e+17	8.57e-01	1.43e-01	5.24e-09
 5.03627e+17	8.63e-01	1.37e-01	5.68e-09
 5.03687e+17	8.68e-01	1.32e-01	6.13e-09
 5.03747e+17	8.73e-01	1.27e-01	6.61e-09
 5.03805e+17	8.78e-01	1.22e-01	7.09e-09
 5.03863e+17	8.83e-01	1.17e-01	7.60e-09
 5.03920e+17	8.87e-01	1.13e-01	8.13e-09
 5.03977e+17	8.92e-01	1.08e-01	8.68e-09
 5.04034e+17	8.96e-01	1.04e-01	9.25e-09
 5.04090e+17	9.00e-01	9.99e-02	9.82e-09
 5.04145e+17	9.04e-01	9.60e-02	1.04e-08
 5.04200e+17	9.08e-01	9.22e-02	1.10e-08
 5.04255e+17	9.11e-01	8.86e-02	1.15e-08
 5.04309e+17	9.15e-01	8.52e-02	1.21e-08
 5.04363e+17	9.18e-01	8.18e-02	1.26e-08
 5.04415e+17	9.21e-01	7.86e-02	1.30e-08
 5.04468e+17	9.24e-01	7.55e-02	1.35e-08
 5.04520e+17	9.27e-01	7.26e-02	1.39e-08
 5.04571e+17	9.30e-01	6.97e-02	1.42e-08
 5.04622e+17	9.33e-01	6.70e-02	1.45e-08
 5.04672e+17	9.36e-01	6.43e-02	1.47e-08
 5.04721e+17	9.38e-01	6.18e-02	1.49e-08
 5.04769e+17	9.41e-01	5.94e-02	1.51e-08
 5.04817e+17	9.43e-01	5.70e-02	1.52e-08
 5.04864e+17	9.45e-01	5.47e-02	1.53e-08
 5.04909e+17	9.47e-01	5.26e-02	1.54e-08
 5.04954e+17	9.50e-01	5.05e-02	1.55e-08
 5.04998e+17	9.52e-01	4.84e-02	1.56e-08
 5.05039e+17	9.53e-01	4.66e-02	1.57e-08
 5.05076e+17	9.55e-01	4.49e-02	1.58e-08
 5.05110e+17	9.57e-01	4.34e-02	1.59e-08
 5.05141e+17	9.58e-01	4.21e-02	1.61e-08
 5.05169e+17	9.59e-01	4.08e-02	1.63e-08
 5.05194e+17	9.60e-01	3.97e-02	1.65e-08
 5.05218e+17	9.61e-01	3.87e-02	1.67e-08
 5.05239e+17	9.62e-01	3.78e-02	1.69e-08
 5.05258e+17	9.63e-01	3.70e-02	1.71e-08
 5.05275e+17	9.64e-01	3.63e-02	1.74e-08
 5.05291e+17	9.64e-01	3.57e-02	1.76e-08
 5.05306e+17	9.65e-01	3.51e-02	1.78e-08
 5.05322e+17	9.66e-01	3.43e-02	1.81e-08
 5.05339e+17	9.66e-01	3.37e-02	1.84e-08
 5.05355e+17	9.67e-01	3.31e-02	1.86e-08
 5.05372e+17	9.68e-01	3.24e-02	1.89e-08
 5.05390e+17	9.68e-01	3.17e-02	1.93e-08
 5.05407e+17	9.69e-01	3.11e-02	1.96e-08
 5.05422e+17	9.69e-01	3.06e-02	1.99e-08
 5.05436e+17	9.70e-01	3.01e-02	2.02e-08
 5.05452e+17	9.70e-01	2.95e-02	2.06e-08
 5.05468e+17	9.71e-01	2.89e-02	2.10e-08
 5.05483e+17	9.72e-01	2.84e-02	2.13e-08
 5.05499e+17	9.72e-01	2.78e-02	2.18e-08
 5.05517e+17	9.73e-01	2.73e-02	2.23e-08
 5.05533e+17	9.73e-01	2.67e-02	2.27e-08
 5.05548e+17	9.74e-01	2.62e-02	2.32e-08
 5.05561e+17	9.74e-01	2.58e-02	2.36e-08
 5.05576e+17	9.75e-01	2.53e-02	2.41e-08
 5.05592e+17	9.75e-01	2.48e-02	2.47e-08
 5.05606e+17	9.76e-01	2.44e-02	2.53e-08
 5.05619e+17	9.76e-01	2.40e-02	2.58e-08
 5.05631e+17	9.76e-01	2.37e-02	2.62e-08
 5.05644e+17	9.77e-01	2.33e-02	2.67e-08
 5.05658e+17	9.77e-01	2.28e-02	2.73e-08
 5.05671e+17	9.78e-01	2.25e-02	2.78e-08
 5.05685e+17	9.78e-01	2.21e-02	2.84e-08
 5.05700e+17	9.78e-01	2.16e-02	2.91e-08
 5.05714e+17	9.79e-01	2.13e-02	2.97e-08
 5.05727e+17	9.79e-01	2.10e-02	3.02e-08
 5.05741e+17	9.79e-01	2.06e-02	3.08e-08
 5.05755e+17	9.80e-01	2.02e-02	3.16e-08
 5.05769e+17	9.80e-01	1.99e-02	3.23e-08
 5.05781e+17	9.80e-01	1.96e-02	3.28e-08
 5.05795e+17	9.81e-01	1.92e-02	3.34e-08
 5.05809e+17	9.81e-01	1.89e-02	3.39e-08
 5.05825e+17	9.81e-01	1.87e-02	3.39e-08
 5.05846e+17	9.82e-01	1.85e-02	3.39e-08
 5.05873e+17	9.82e-01	1.81e-02	3.39e-08
 5.05908e+17	9.82e-01	1.77e-02	3.38e-08
 5.05954e+17	9.83e-01	1.71e-02	3.38e-08
 5.06012e+17	9.84e-01	1.64e-02	3.38e-08
 5.06077e+17	9.84e-01	1.57e-02	3.38e-08
 5.06139e+17	9.85e-01	1.51e-02	3.37e-08
 5.06198e+17	9.86e-01	1.45e-02	3.37e-08
 5.06257e+17	9.86e-01	1.39e-02	3.37e-08
 5.06317e+17	9.87e-01	1.33e-02	3.37e-08
 5.06378e+17	9.87e-01	1.28e-02	3.36e-08
 5.06439e+17	9.88e-01	1.23e-02	3.36e-08
 5.06500e+17	9.88e-01	1.18e-02	3.36e-08
 5.06562e+17	9.89e-01	1.13e-02	3.36e-08
 5.06623e+17	9.89e-01	1.09e-02	3.36e-08
 5.06685e+17	9.90e-01	1.04e-02	3.35e-08
 5.06748e+17	9.90e-01	1.00e-02	3.35e-08
 5.06810e+17	9.90e-01	9.60e-03	3.35e-08
 5.06873e+17	9.91e-01	9.21e-03	3.35e-08
 5.06937e+17	9.91e-01	8.83e-03	3.35e-08
 5.07001e+17	9.92e-01	8.47e-03	3.35e-08
 5.07065e+17	9.92e-01	8.12e-03	3.34e-08
 5.07130e+17	9.92e-01	7.79e-03	3.34e-08
 5.07196e+17	9.93e-01	7.47e-03	3.34e-08
 5.07262e+17	9.93e-01	7.16e-03	3.34e-08
 5.07329e+17	9.93e-01	6.87e-03	3.34e-08
 5.07396e+17	9.93e-01	6.58e-03	3.34e-08
 5.07465e+17	9.94e-01	6.31e-03	3.34e-08
 5.07534e+17	9.94e-01	6.04e-03	3.34e-08
 5.07605e+17	9.94e-01	5.79e-03	3.34e-08
 5.07676e+17	9.94e-01	5.55e-03	3.33e-08
 5.07749e+17	9.95e-01	5.32e-03	3.33e-08
 5.07823e+17	9.95e-01	5.10e-03	3.33e-08
 5.07898e+17	9.95e-01	4.88e-03	3.33e-08
 5.07975e+17	9.95e-01	4.68e-03	3.33e-08
 5.08054e+17	9.96e-01	4.48e-03	3.33e-08
 5.08135e+17	9.96e-01	4.29e-03	3.33e-08
 5.08218e+17	9.96e-01	4.10e-03	3.33e-08
 5.08304e+17	9.96e-01	3.93e-03	3.33e-08
 5.08392e+17	9.96e-01	3.76e-03	3.33e-08
 5.08485e+17	9.96e-01	3.60e-03	3.33e-08
 5.08581e+17	9.97e-01	3.44e-03	3.33e-08
 5.08681e+17	9.97e-01	3.30e-03	3.33e-08
 5.08786e+17	9.97e-01	3.15e-03	3.33e-08
 5.08898e+17	9.97e-01	3.02e-03	3.33e-08
 5.09018e+17	9.97e-01	2.89e-03	3.33e-08
 5.09149e+17	9.97e-01	2.76e-03	3.33e-08
 5.09290e+17	9.97e-01	2.64e-03	3.33e-08
 5.09444e+17	9.97e-01	2.53e-03	3.33e-08
 5.09615e+17	9.98e-01	2.42e-03	3.33e-08
 5.09808e+17	9.98e-01	2.32e-03	3.33e-08
 5.10034e+17	9.98e-01	2.23e-03	3.33e-08
 5.10304e+17	9.98e-01	2.14e-03	3.33e-08
 5.10636e+17	9.98e-01	2.06e-03	3.34e-08
 5.11061e+17	9.98e-01	1.99e-03	3.34e-08
 5.11614e+17	9.98e-01	1.93e-03	3.34e-08
 5.12332e+17	9.98e-01	1.87e-03	3.35e-08
 5.13267e+17	9.98e-01	1.82e-03	3.35e-08
 5.14481e+17	9.98e-01	1.75e-03	3.36e-08
 5.16060e+17	9.98e-01	1.70e-03	3.37e-08
 5.18112e+17	9.98e-01	1.63e-03	3.39e-08
 5.20780e+17	9.98e-01	1.57e-03	3.40e-08
 5.24222e+17	9.98e-01	1.51e-03	3.43e-08
 5.27915e+17	9.99e-01	1.42e-03	3.46e-08
 5.31961e+17	9.99e-01	1.36e-03	3.49e-08
 5.36223e+17	9.99e-01	1.29e-03	3.52e-08
 5.40767e+17	9.99e-01	1.23e-03	3.55e-08
 5.46470e+17	9.99e-01	1.17e-03	3.60e-08
 5.53365e+17	9.99e-01	1.11e-03	3.65e-08
 5.60133e+17	9.99e-01	1.05e-03	3.70e-08
 5.65853e+17	9.99e-01	9.77e-04	3.75e-08
 5.72090e+17	9.99e-01	9.37e-04	3.80e-08
 5.80198e+17	9.99e-01	8.83e-04	3.87e-08
 5.88524e+17	9.99e-01	8.34e-04	3.94e-08
 5.95928e+17	9.99e-01	7.79e-04	4.01e-08
 6.04347e+17	9.99e-01	7.46e-04	4.08e-08
 6.15291e+17	9.99e-01	6.95e-04	4.17e-08
 6.26203e+17	9.99e-01	6.50e-04	4.28e-08
 6.35732e+17	9.99e-01	6.02e-04	4.37e-08
 6.46779e+17	9.99e-01	5.77e-04	4.47e-08
 6.61140e+17	9.99e-01	5.27e-04	4.61e-08
 6.74892e+17	1.00e+00	4.82e-04	4.77e-08
 6.87852e+17	1.00e+00	4.42e-04	4.90e-08
 7.00658e+17	1.00e+00	4.24e-04	5.05e-08
 7.13266e+17	1.00e+00	3.93e-04	5.18e-08
 7.29656e+17	1.00e+00	3.54e-04	5.37e-08
