#depth	H	H+	H2
 9.43429e+11	6.58e-04	9.99e-01	2.15e-13
 5.66058e+12	6.58e-04	9.99e-01	2.16e-13
 2.45292e+13	6.58e-04	9.99e-01	2.16e-13
 1.00003e+14	6.58e-04	9.99e-01	2.17e-13
 2.38876e+14	6.57e-04	9.99e-01	2.18e-13
 4.19411e+14	6.57e-04	9.99e-01	2.19e-13
 6.54106e+14	6.57e-04	9.99e-01	2.21e-13
 9.59209e+14	6.56e-04	9.99e-01	2.23e-13
 1.35584e+15	6.56e-04	9.99e-01	2.26e-13
 1.87147e+15	6.56e-04	9.99e-01	2.29e-13
 2.54178e+15	6.56e-04	9.99e-01	2.33e-13
 3.41319e+15	6.56e-04	9.99e-01	2.37e-13
 4.54602e+15	6.56e-04	9.99e-01	2.43e-13
 6.01869e+15	6.56e-04	9.99e-01	2.50e-13
 7.93317e+15	6.57e-04	9.99e-01	2.58e-13
 1.04220e+16	6.59e-04	9.99e-01	2.69e-13
 1.36575e+16	6.62e-04	9.99e-01	2.82e-13
 1.78636e+16	6.66e-04	9.99e-01	2.99e-13
 2.33315e+16	6.73e-04	9.99e-01	3.21e-13
 3.04398e+16	6.84e-04	9.99e-01	3.49e-13
 3.61805e+16	6.87e-04	9.99e-01	3.85e-13
 3.97985e+16	6.92e-04	9.99e-01	3.97e-13
 4.37784e+16	6.99e-04	9.99e-01	4.16e-13
 4.81562e+16	7.07e-04	9.99e-01	4.33e-13
 5.29718e+16	7.16e-04	9.99e-01	4.51e-13
 5.82690e+16	7.26e-04	9.99e-01	4.68e-13
 6.40959e+16	7.38e-04	9.99e-01	4.90e-13
 7.05055e+16	7.52e-04	9.99e-01	5.13e-13
 7.75561e+16	7.68e-04	9.99e-01	5.38e-13
 8.53117e+16	7.87e-04	9.99e-01	5.64e-13
 9.38428e+16	8.10e-04	9.99e-01	5.92e-13
 1.03227e+17	8.37e-04	9.99e-01	6.24e-13
 1.13550e+17	8.68e-04	9.99e-01	6.54e-13
 1.24905e+17	9.06e-04	9.99e-01	6.85e-13
 1.37395e+17	9.51e-04	9.99e-01	7.14e-13
 1.51135e+17	1.01e-03	9.99e-01	7.40e-13
 1.66248e+17	1.07e-03	9.99e-01	7.60e-13
 1.82873e+17	1.16e-03	9.99e-01	7.69e-13
 2.01160e+17	1.27e-03	9.99e-01	7.64e-13
 2.19566e+17	1.40e-03	9.99e-01	7.43e-13
 2.36072e+17	1.53e-03	9.98e-01	7.12e-13
 2.50777e+17	1.68e-03	9.98e-01	6.79e-13
 2.64559e+17	1.84e-03	9.98e-01	6.47e-13
 2.77802e+17	2.02e-03	9.98e-01	6.17e-13
 2.90356e+17	2.22e-03	9.98e-01	5.93e-13
 3.02034e+17	2.44e-03	9.98e-01	5.76e-13
 3.12875e+17	2.69e-03	9.97e-01	5.66e-13
 3.22842e+17	2.97e-03	9.97e-01	5.63e-13
 3.31923e+17	3.27e-03	9.97e-01	5.68e-13
 3.40345e+17	3.60e-03	9.96e-01	5.86e-13
 3.47154e+17	3.91e-03	9.96e-01	5.95e-13
 3.51801e+17	4.15e-03	9.96e-01	6.09e-13
 3.55394e+17	4.36e-03	9.96e-01	6.22e-13
 3.59254e+17	4.61e-03	9.95e-01	6.40e-13
 3.63294e+17	4.89e-03	9.95e-01	6.62e-13
 3.66444e+17	5.14e-03	9.95e-01	6.85e-13
 3.68736e+17	5.32e-03	9.95e-01	6.97e-13
 3.70695e+17	5.49e-03	9.95e-01	7.13e-13
 3.72900e+17	5.70e-03	9.94e-01	7.34e-13
 3.75118e+17	5.91e-03	9.94e-01	7.52e-13
 3.76761e+17	6.08e-03	9.94e-01	7.72e-13
 3.77981e+17	6.20e-03	9.94e-01	7.86e-13
 3.79242e+17	6.34e-03	9.94e-01	8.04e-13
 3.80617e+17	6.49e-03	9.94e-01	8.29e-13
 3.81811e+17	6.62e-03	9.93e-01	8.46e-13
 3.82811e+17	6.72e-03	9.93e-01	8.68e-13
 3.83890e+17	6.85e-03	9.93e-01	8.95e-13
 3.85292e+17	7.03e-03	9.93e-01	9.33e-13
 3.86788e+17	7.21e-03	9.93e-01	9.69e-13
 3.88409e+17	7.43e-03	9.93e-01	1.01e-12
 3.90515e+17	7.74e-03	9.92e-01	1.06e-12
 3.93253e+17	8.22e-03	9.92e-01	1.12e-12
 3.96813e+17	8.92e-03	9.91e-01	1.18e-12
 4.01441e+17	1.00e-02	9.90e-01	1.29e-12
 4.07457e+17	1.18e-02	9.88e-01	1.47e-12
 4.13696e+17	1.45e-02	9.86e-01	1.73e-12
 4.18918e+17	1.76e-02	9.82e-01	2.05e-12
 4.23343e+17	2.14e-02	9.79e-01	2.46e-12
 4.27173e+17	2.62e-02	9.74e-01	2.98e-12
 4.30522e+17	3.20e-02	9.68e-01	3.65e-12
 4.33422e+17	3.94e-02	9.61e-01	4.55e-12
 4.35891e+17	4.86e-02	9.51e-01	5.75e-12
 4.37975e+17	5.99e-02	9.40e-01	7.35e-12
 4.39746e+17	7.36e-02	9.26e-01	9.52e-12
 4.41268e+17	9.07e-02	9.09e-01	1.25e-11
 4.42431e+17	1.10e-01	8.90e-01	1.63e-11
 4.43324e+17	1.29e-01	8.71e-01	2.08e-11
 4.44132e+17	1.52e-01	8.48e-01	2.70e-11
 4.44819e+17	1.77e-01	8.23e-01	3.49e-11
 4.45421e+17	2.04e-01	7.96e-01	4.54e-11
 4.45981e+17	2.36e-01	7.64e-01	6.02e-11
 4.46514e+17	2.74e-01	7.26e-01	8.20e-11
 4.46971e+17	3.13e-01	6.87e-01	1.11e-10
 4.47310e+17	3.47e-01	6.53e-01	1.43e-10
 4.47555e+17	3.75e-01	6.25e-01	1.75e-10
 4.47761e+17	3.99e-01	6.01e-01	2.08e-10
 4.47957e+17	4.24e-01	5.76e-01	2.50e-10
 4.48143e+17	4.50e-01	5.50e-01	2.99e-10
 4.48315e+17	4.74e-01	5.26e-01	3.55e-10
 4.48470e+17	4.95e-01	5.05e-01	4.13e-10
 4.48605e+17	5.16e-01	4.84e-01	4.80e-10
 4.48731e+17	5.34e-01	4.66e-01	5.47e-10
 4.48838e+17	5.51e-01	4.49e-01	6.19e-10
 4.48916e+17	5.62e-01	4.38e-01	6.71e-10
 4.48988e+17	5.73e-01	4.27e-01	7.32e-10
 4.49067e+17	5.86e-01	4.14e-01	8.13e-10
 4.49149e+17	5.99e-01	4.01e-01	8.94e-10
 4.49228e+17	6.11e-01	3.89e-01	9.85e-10
 4.49306e+17	6.23e-01	3.77e-01	1.08e-09
 4.49384e+17	6.36e-01	3.64e-01	1.20e-09
 4.49462e+17	6.48e-01	3.52e-01	1.32e-09
 4.49537e+17	6.60e-01	3.40e-01	1.46e-09
 4.49611e+17	6.71e-01	3.29e-01	1.60e-09
 4.49686e+17	6.82e-01	3.18e-01	1.77e-09
 4.49761e+17	6.94e-01	3.06e-01	1.96e-09
 4.49833e+17	7.04e-01	2.96e-01	2.16e-09
 4.49905e+17	7.15e-01	2.85e-01	2.36e-09
 4.49978e+17	7.25e-01	2.75e-01	2.62e-09
 4.50050e+17	7.36e-01	2.64e-01	2.90e-09
 4.50121e+17	7.45e-01	2.55e-01	3.18e-09
 4.50191e+17	7.55e-01	2.45e-01	3.52e-09
 4.50261e+17	7.65e-01	2.35e-01	3.87e-09
 4.50330e+17	7.74e-01	2.26e-01	4.24e-09
 4.50399e+17	7.83e-01	2.17e-01	4.66e-09
 4.50467e+17	7.91e-01	2.09e-01	5.12e-09
 4.50534e+17	7.99e-01	2.01e-01	5.61e-09
 4.50599e+17	8.07e-01	1.93e-01	6.12e-09
 4.50665e+17	8.15e-01	1.85e-01	6.66e-09
 4.50728e+17	8.22e-01	1.78e-01	7.21e-09
 4.50790e+17	8.29e-01	1.71e-01	7.81e-09
 4.50852e+17	8.35e-01	1.65e-01	8.43e-09
 4.50914e+17	8.42e-01	1.58e-01	9.08e-09
 4.50974e+17	8.48e-01	1.52e-01	9.73e-09
 4.51034e+17	8.54e-01	1.46e-01	1.04e-08
 4.51092e+17	8.60e-01	1.40e-01	1.11e-08
 4.51151e+17	8.65e-01	1.35e-01	1.17e-08
 4.51208e+17	8.71e-01	1.29e-01	1.23e-08
 4.51265e+17	8.76e-01	1.24e-01	1.29e-08
 4.51321e+17	8.81e-01	1.19e-01	1.35e-08
 4.51376e+17	8.85e-01	1.15e-01	1.40e-08
 4.51431e+17	8.90e-01	1.10e-01	1.45e-08
 4.51485e+17	8.94e-01	1.06e-01	1.49e-08
 4.51538e+17	8.98e-01	1.02e-01	1.52e-08
 4.51591e+17	9.02e-01	9.78e-02	1.55e-08
 4.51643e+17	9.06e-01	9.39e-02	1.57e-08
 4.51694e+17	9.10e-01	9.02e-02	1.58e-08
 4.51744e+17	9.13e-01	8.66e-02	1.59e-08
 4.51793e+17	9.17e-01	8.32e-02	1.60e-08
 4.51842e+17	9.20e-01	7.99e-02	1.61e-08
 4.51889e+17	9.23e-01	7.67e-02	1.61e-08
 4.51936e+17	9.26e-01	7.37e-02	1.61e-08
 4.51979e+17	9.29e-01	7.08e-02	1.61e-08
 4.52019e+17	9.32e-01	6.83e-02	1.61e-08
 4.52056e+17	9.34e-01	6.60e-02	1.62e-08
 4.52089e+17	9.36e-01	6.40e-02	1.62e-08
 4.52119e+17	9.38e-01	6.21e-02	1.63e-08
 4.52146e+17	9.40e-01	6.04e-02	1.64e-08
 4.52171e+17	9.41e-01	5.89e-02	1.64e-08
 4.52194e+17	9.42e-01	5.76e-02	1.65e-08
 4.52214e+17	9.44e-01	5.64e-02	1.66e-08
 4.52233e+17	9.45e-01	5.53e-02	1.67e-08
 4.52254e+17	9.46e-01	5.41e-02	1.69e-08
 4.52276e+17	9.47e-01	5.28e-02	1.70e-08
 4.52296e+17	9.48e-01	5.17e-02	1.72e-08
 4.52314e+17	9.49e-01	5.07e-02	1.73e-08
 4.52331e+17	9.50e-01	4.98e-02	1.75e-08
 4.52346e+17	9.51e-01	4.89e-02	1.77e-08
 4.52363e+17	9.52e-01	4.79e-02	1.79e-08
 4.52381e+17	9.53e-01	4.70e-02	1.81e-08
 4.52398e+17	9.54e-01	4.62e-02	1.83e-08
 4.52415e+17	9.55e-01	4.53e-02	1.85e-08
 4.52435e+17	9.56e-01	4.43e-02	1.88e-08
 4.52453e+17	9.57e-01	4.34e-02	1.91e-08
 4.52469e+17	9.57e-01	4.27e-02	1.93e-08
 4.52483e+17	9.58e-01	4.19e-02	1.96e-08
 4.52499e+17	9.59e-01	4.11e-02	1.99e-08
 4.52516e+17	9.60e-01	4.03e-02	2.02e-08
 4.52532e+17	9.60e-01	3.96e-02	2.05e-08
 4.52549e+17	9.61e-01	3.88e-02	2.09e-08
 4.52568e+17	9.62e-01	3.79e-02	2.13e-08
 4.52585e+17	9.63e-01	3.72e-02	2.17e-08
 4.52600e+17	9.63e-01	3.65e-02	2.21e-08
 4.52614e+17	9.64e-01	3.60e-02	2.24e-08
 4.52630e+17	9.65e-01	3.53e-02	2.28e-08
 4.52646e+17	9.65e-01	3.46e-02	2.33e-08
 4.52662e+17	9.66e-01	3.40e-02	2.37e-08
 4.52675e+17	9.67e-01	3.34e-02	2.41e-08
 4.52688e+17	9.67e-01	3.29e-02	2.45e-08
 4.52701e+17	9.68e-01	3.24e-02	2.49e-08
 4.52716e+17	9.68e-01	3.18e-02	2.54e-08
 4.52730e+17	9.69e-01	3.13e-02	2.58e-08
 4.52744e+17	9.69e-01	3.07e-02	2.64e-08
 4.52760e+17	9.70e-01	3.01e-02	2.69e-08
 4.52775e+17	9.70e-01	2.96e-02	2.74e-08
 4.52788e+17	9.71e-01	2.91e-02	2.79e-08
 4.52800e+17	9.71e-01	2.87e-02	2.83e-08
 4.52813e+17	9.72e-01	2.82e-02	2.88e-08
 4.52827e+17	9.72e-01	2.77e-02	2.93e-08
 4.52843e+17	9.73e-01	2.72e-02	3.00e-08
 4.52860e+17	9.73e-01	2.66e-02	3.05e-08
 4.52878e+17	9.74e-01	2.62e-02	3.05e-08
 4.52902e+17	9.74e-01	2.59e-02	3.05e-08
 4.52933e+17	9.75e-01	2.53e-02	3.05e-08
 4.52974e+17	9.75e-01	2.46e-02	3.04e-08
 4.53026e+17	9.76e-01	2.37e-02	3.04e-08
 4.53088e+17	9.77e-01	2.27e-02	3.04e-08
 4.53151e+17	9.78e-01	2.17e-02	3.03e-08
 4.53210e+17	9.79e-01	2.09e-02	3.03e-08
 4.53268e+17	9.80e-01	2.00e-02	3.03e-08
 4.53326e+17	9.81e-01	1.92e-02	3.03e-08
 4.53386e+17	9.82e-01	1.85e-02	3.02e-08
 4.53446e+17	9.82e-01	1.77e-02	3.02e-08
 4.53506e+17	9.83e-01	1.70e-02	3.02e-08
 4.53565e+17	9.84e-01	1.63e-02	3.01e-08
 4.53625e+17	9.84e-01	1.57e-02	3.01e-08
 4.53686e+17	9.85e-01	1.50e-02	3.01e-08
 4.53747e+17	9.86e-01	1.44e-02	3.01e-08
 4.53807e+17	9.86e-01	1.38e-02	3.01e-08
 4.53869e+17	9.87e-01	1.33e-02	3.00e-08
 4.53930e+17	9.87e-01	1.27e-02	3.00e-08
 4.53992e+17	9.88e-01	1.22e-02	3.00e-08
 4.54054e+17	9.88e-01	1.17e-02	3.00e-08
 4.54117e+17	9.89e-01	1.12e-02	2.99e-08
 4.54180e+17	9.89e-01	1.07e-02	2.99e-08
 4.54243e+17	9.90e-01	1.03e-02	2.99e-08
 4.54307e+17	9.90e-01	9.87e-03	2.99e-08
 4.54371e+17	9.91e-01	9.46e-03	2.99e-08
 4.54436e+17	9.91e-01	9.07e-03	2.99e-08
 4.54502e+17	9.91e-01	8.69e-03	2.99e-08
 4.54568e+17	9.92e-01	8.32e-03	2.98e-08
 4.54635e+17	9.92e-01	7.97e-03	2.98e-08
 4.54703e+17	9.92e-01	7.63e-03	2.98e-08
 4.54772e+17	9.93e-01	7.31e-03	2.98e-08
 4.54842e+17	9.93e-01	6.99e-03	2.98e-08
 4.54913e+17	9.93e-01	6.69e-03	2.98e-08
 4.54985e+17	9.94e-01	6.41e-03	2.98e-08
 4.55059e+17	9.94e-01	6.13e-03	2.98e-08
 4.55134e+17	9.94e-01	5.87e-03	2.98e-08
 4.55210e+17	9.94e-01	5.61e-03	2.97e-08
 4.55289e+17	9.95e-01	5.37e-03	2.97e-08
 4.55369e+17	9.95e-01	5.13e-03	2.97e-08
 4.55452e+17	9.95e-01	4.90e-03	2.97e-08
 4.55538e+17	9.95e-01	4.69e-03	2.97e-08
 4.55627e+17	9.96e-01	4.48e-03	2.97e-08
 4.55719e+17	9.96e-01	4.28e-03	2.97e-08
 4.55815e+17	9.96e-01	4.09e-03	2.97e-08
 4.55916e+17	9.96e-01	3.91e-03	2.97e-08
 4.56022e+17	9.96e-01	3.73e-03	2.97e-08
 4.56135e+17	9.96e-01	3.57e-03	2.97e-08
 4.56255e+17	9.97e-01	3.41e-03	2.97e-08
 4.56385e+17	9.97e-01	3.25e-03	2.97e-08
 4.56526e+17	9.97e-01	3.11e-03	2.97e-08
 4.56682e+17	9.97e-01	2.97e-03	2.97e-08
 4.56857e+17	9.97e-01	2.84e-03	2.97e-08
 4.57059e+17	9.97e-01	2.73e-03	2.97e-08
 4.57298e+17	9.97e-01	2.61e-03	2.97e-08
 4.57590e+17	9.97e-01	2.51e-03	2.97e-08
 4.57959e+17	9.98e-01	2.41e-03	2.97e-08
 4.58437e+17	9.98e-01	2.33e-03	2.98e-08
 4.59059e+17	9.98e-01	2.26e-03	2.98e-08
 4.59867e+17	9.98e-01	2.19e-03	2.99e-08
 4.60917e+17	9.98e-01	2.14e-03	2.99e-08
 4.62283e+17	9.98e-01	2.07e-03	3.00e-08
 4.64058e+17	9.98e-01	2.01e-03	3.01e-08
 4.66366e+17	9.98e-01	1.93e-03	3.03e-08
 4.69366e+17	9.98e-01	1.86e-03	3.04e-08
 4.72787e+17	9.98e-01	1.76e-03	3.07e-08
 4.76753e+17	9.98e-01	1.67e-03	3.09e-08
 4.80938e+17	9.98e-01	1.58e-03	3.12e-08
 4.85408e+17	9.99e-01	1.49e-03	3.15e-08
 4.90022e+17	9.99e-01	1.41e-03	3.18e-08
 4.94825e+17	9.99e-01	1.33e-03	3.21e-08
 4.99516e+17	9.99e-01	1.27e-03	3.25e-08
 5.04062e+17	9.99e-01	1.19e-03	3.28e-08
 5.09205e+17	9.99e-01	1.16e-03	3.32e-08
 5.15124e+17	9.99e-01	1.08e-03	3.36e-08
 5.22274e+17	9.99e-01	1.03e-03	3.41e-08
 5.31024e+17	9.99e-01	9.55e-04	3.47e-08
 5.39782e+17	9.99e-01	9.04e-04	3.54e-08
 5.48548e+17	9.99e-01	8.22e-04	3.61e-08
 5.56919e+17	9.99e-01	7.84e-04	3.68e-08
 5.64774e+17	9.99e-01	7.21e-04	3.74e-08
 5.73592e+17	9.99e-01	6.97e-04	3.81e-08
 5.83660e+17	9.99e-01	6.35e-04	3.89e-08
 5.95881e+17	9.99e-01	6.04e-04	4.00e-08
 6.10899e+17	9.99e-01	5.37e-04	4.13e-08
 6.25844e+17	9.99e-01	5.01e-04	4.27e-08
 6.40695e+17	1.00e+00	4.39e-04	4.41e-08
 6.55112e+17	1.00e+00	4.09e-04	4.56e-08
 6.68962e+17	1.00e+00	3.66e-04	4.70e-08
 6.86968e+17	1.00e+00	3.42e-04	4.88e-08
 7.10376e+17	1.00e+00	3.01e-04	5.12e-08
 7.35713e+17	1.00e+00	2.63e-04	5.43e-08
 7.63558e+17	1.00e+00	2.22e-04	5.75e-08
 7.92734e+17	1.00e+00	1.93e-04	6.15e-08
 8.23642e+17	1.00e+00	1.59e-04	6.57e-08
 8.58369e+17	1.00e+00	1.38e-04	7.10e-08
 8.98061e+17	1.00e+00	1.12e-04	7.72e-08
 9.44555e+17	1.00e+00	8.99e-05	8.56e-08
