#depth	H	H+	H2
 9.52385e+11	5.98e-04	9.99e-01	7.96e-14
 5.71431e+12	5.98e-04	9.99e-01	7.98e-14
 2.47620e+13	5.98e-04	9.99e-01	7.98e-14
 1.00953e+14	5.98e-04	9.99e-01	8.01e-14
 2.41144e+14	5.97e-04	9.99e-01	8.05e-14
 4.23392e+14	5.96e-04	9.99e-01	8.10e-14
 6.60315e+14	5.96e-04	9.99e-01	8.15e-14
 9.68315e+14	5.96e-04	9.99e-01	8.22e-14
 1.36871e+15	5.96e-04	9.99e-01	8.30e-14
 1.88923e+15	5.95e-04	9.99e-01	8.39e-14
 2.56591e+15	5.95e-04	9.99e-01	8.52e-14
 3.44559e+15	5.95e-04	9.99e-01	8.66e-14
 4.58917e+15	5.95e-04	9.99e-01	8.84e-14
 6.07582e+15	5.95e-04	9.99e-01	9.07e-14
 8.00848e+15	5.95e-04	9.99e-01	9.35e-14
 1.05209e+16	5.97e-04	9.99e-01	9.71e-14
 1.37871e+16	5.99e-04	9.99e-01	1.02e-13
 1.80331e+16	6.02e-04	9.99e-01	1.07e-13
 2.35530e+16	6.07e-04	9.99e-01	1.15e-13
 3.07288e+16	6.16e-04	9.99e-01	1.24e-13
 3.65239e+16	6.17e-04	9.99e-01	1.37e-13
 4.01763e+16	6.22e-04	9.99e-01	1.41e-13
 4.41939e+16	6.28e-04	9.99e-01	1.48e-13
 4.86133e+16	6.34e-04	9.99e-01	1.55e-13
 5.34747e+16	6.41e-04	9.99e-01	1.60e-13
 5.88221e+16	6.49e-04	9.99e-01	1.67e-13
 6.47044e+16	6.60e-04	9.99e-01	1.76e-13
 7.11748e+16	6.71e-04	9.99e-01	1.84e-13
 7.82923e+16	6.85e-04	9.99e-01	1.94e-13
 8.61215e+16	7.01e-04	9.99e-01	2.04e-13
 9.47337e+16	7.20e-04	9.99e-01	2.15e-13
 1.04207e+17	7.43e-04	9.99e-01	2.26e-13
 1.14628e+17	7.69e-04	9.99e-01	2.38e-13
 1.26090e+17	8.01e-04	9.99e-01	2.52e-13
 1.38700e+17	8.40e-04	9.99e-01	2.65e-13
 1.52569e+17	8.87e-04	9.99e-01	2.78e-13
 1.67826e+17	9.44e-04	9.99e-01	2.89e-13
 1.84609e+17	1.02e-03	9.99e-01	3.00e-13
 2.03070e+17	1.11e-03	9.99e-01	3.08e-13
 2.23377e+17	1.23e-03	9.99e-01	3.13e-13
 2.43037e+17	1.36e-03	9.99e-01	3.14e-13
 2.59609e+17	1.50e-03	9.99e-01	3.13e-13
 2.74205e+17	1.64e-03	9.98e-01	3.12e-13
 2.88225e+17	1.80e-03	9.98e-01	3.12e-13
 3.01906e+17	1.99e-03	9.98e-01	3.14e-13
 3.14811e+17	2.20e-03	9.98e-01	3.18e-13
 3.26727e+17	2.43e-03	9.98e-01	3.24e-13
 3.37793e+17	2.68e-03	9.97e-01	3.34e-13
 3.47987e+17	2.97e-03	9.97e-01	3.47e-13
 3.57276e+17	3.28e-03	9.97e-01	3.63e-13
 3.65873e+17	3.62e-03	9.96e-01	3.85e-13
 3.73934e+17	4.00e-03	9.96e-01	4.07e-13
 3.80420e+17	4.37e-03	9.96e-01	4.31e-13
 3.84787e+17	4.65e-03	9.95e-01	4.51e-13
 3.88152e+17	4.89e-03	9.95e-01	4.69e-13
 3.91788e+17	5.18e-03	9.95e-01	4.90e-13
 3.95588e+17	5.50e-03	9.94e-01	5.15e-13
 3.98554e+17	5.79e-03	9.94e-01	5.38e-13
 4.00734e+17	6.01e-03	9.94e-01	5.55e-13
 4.02613e+17	6.21e-03	9.94e-01	5.72e-13
 4.04729e+17	6.46e-03	9.94e-01	5.93e-13
 4.06858e+17	6.72e-03	9.93e-01	6.14e-13
 4.08433e+17	6.91e-03	9.93e-01	6.32e-13
 4.09616e+17	7.06e-03	9.93e-01	6.47e-13
 4.10862e+17	7.23e-03	9.93e-01	6.64e-13
 4.12219e+17	7.42e-03	9.93e-01	6.86e-13
 4.13401e+17	7.58e-03	9.92e-01	7.02e-13
 4.14410e+17	7.73e-03	9.92e-01	7.22e-13
 4.15511e+17	7.89e-03	9.92e-01	7.44e-13
 4.16942e+17	8.12e-03	9.92e-01	7.76e-13
 4.18527e+17	8.38e-03	9.92e-01	8.08e-13
 4.20313e+17	8.70e-03	9.91e-01	8.51e-13
 4.22634e+17	9.18e-03	9.91e-01	8.99e-13
 4.25651e+17	9.89e-03	9.90e-01	9.60e-13
 4.29573e+17	1.10e-02	9.89e-01	1.06e-12
 4.34672e+17	1.28e-02	9.87e-01	1.21e-12
 4.40226e+17	1.54e-02	9.85e-01	1.44e-12
 4.45331e+17	1.89e-02	9.81e-01	1.75e-12
 4.49826e+17	2.33e-02	9.77e-01	2.17e-12
 4.53558e+17	2.87e-02	9.71e-01	2.67e-12
 4.56634e+17	3.51e-02	9.65e-01	3.31e-12
 4.59252e+17	4.29e-02	9.57e-01	4.13e-12
 4.61533e+17	5.27e-02	9.47e-01	5.23e-12
 4.63527e+17	6.50e-02	9.35e-01	6.74e-12
 4.65239e+17	8.05e-02	9.19e-01	8.83e-12
 4.66520e+17	9.74e-02	9.03e-01	1.14e-11
 4.67369e+17	1.12e-01	8.88e-01	1.39e-11
 4.68067e+17	1.28e-01	8.72e-01	1.68e-11
 4.68859e+17	1.49e-01	8.51e-01	2.13e-11
 4.69705e+17	1.79e-01	8.21e-01	2.88e-11
 4.70468e+17	2.16e-01	7.84e-01	4.02e-11
 4.71143e+17	2.59e-01	7.41e-01	5.73e-11
 4.71670e+17	3.02e-01	6.98e-01	7.93e-11
 4.72026e+17	3.36e-01	6.64e-01	1.02e-10
 4.72275e+17	3.62e-01	6.38e-01	1.22e-10
 4.72488e+17	3.87e-01	6.13e-01	1.47e-10
 4.72700e+17	4.14e-01	5.86e-01	1.76e-10
 4.72906e+17	4.40e-01	5.60e-01	2.12e-10
 4.73084e+17	4.64e-01	5.36e-01	2.47e-10
 4.73235e+17	4.86e-01	5.14e-01	2.89e-10
 4.73373e+17	5.06e-01	4.94e-01	3.30e-10
 4.73507e+17	5.26e-01	4.74e-01	3.81e-10
 4.73637e+17	5.46e-01	4.54e-01	4.41e-10
 4.73740e+17	5.61e-01	4.39e-01	4.88e-10
 4.73815e+17	5.73e-01	4.27e-01	5.31e-10
 4.73886e+17	5.84e-01	4.16e-01	5.79e-10
 4.73965e+17	5.96e-01	4.04e-01	6.34e-10
 4.74048e+17	6.09e-01	3.91e-01	6.97e-10
 4.74129e+17	6.22e-01	3.78e-01	7.70e-10
 4.74207e+17	6.34e-01	3.66e-01	8.45e-10
 4.74283e+17	6.45e-01	3.55e-01	9.27e-10
 4.74359e+17	6.57e-01	3.43e-01	1.02e-09
 4.74435e+17	6.69e-01	3.31e-01	1.12e-09
 4.74510e+17	6.80e-01	3.20e-01	1.23e-09
 4.74585e+17	6.91e-01	3.09e-01	1.35e-09
 4.74659e+17	7.02e-01	2.98e-01	1.49e-09
 4.74732e+17	7.13e-01	2.87e-01	1.63e-09
 4.74804e+17	7.23e-01	2.77e-01	1.81e-09
 4.74876e+17	7.33e-01	2.67e-01	1.96e-09
 4.74949e+17	7.43e-01	2.57e-01	2.17e-09
 4.75021e+17	7.54e-01	2.46e-01	2.41e-09
 4.75091e+17	7.63e-01	2.37e-01	2.63e-09
 4.75159e+17	7.72e-01	2.28e-01	2.91e-09
 4.75228e+17	7.80e-01	2.20e-01	3.18e-09
 4.75296e+17	7.89e-01	2.11e-01	3.49e-09
 4.75363e+17	7.97e-01	2.03e-01	3.83e-09
 4.75430e+17	8.05e-01	1.95e-01	4.19e-09
 4.75497e+17	8.13e-01	1.87e-01	4.58e-09
 4.75562e+17	8.20e-01	1.80e-01	5.00e-09
 4.75626e+17	8.27e-01	1.73e-01	5.44e-09
 4.75689e+17	8.34e-01	1.66e-01	5.92e-09
 4.75751e+17	8.41e-01	1.59e-01	6.42e-09
 4.75812e+17	8.47e-01	1.53e-01	6.94e-09
 4.75873e+17	8.53e-01	1.47e-01	7.47e-09
 4.75932e+17	8.58e-01	1.42e-01	8.04e-09
 4.75991e+17	8.64e-01	1.36e-01	8.63e-09
 4.76050e+17	8.69e-01	1.31e-01	9.24e-09
 4.76109e+17	8.74e-01	1.26e-01	9.86e-09
 4.76166e+17	8.79e-01	1.21e-01	1.05e-08
 4.76223e+17	8.84e-01	1.16e-01	1.11e-08
 4.76279e+17	8.89e-01	1.11e-01	1.17e-08
 4.76335e+17	8.93e-01	1.07e-01	1.23e-08
 4.76390e+17	8.97e-01	1.03e-01	1.29e-08
 4.76444e+17	9.01e-01	9.89e-02	1.34e-08
 4.76498e+17	9.05e-01	9.50e-02	1.39e-08
 4.76551e+17	9.09e-01	9.13e-02	1.43e-08
 4.76604e+17	9.12e-01	8.77e-02	1.46e-08
 4.76656e+17	9.16e-01	8.42e-02	1.50e-08
 4.76707e+17	9.19e-01	8.09e-02	1.52e-08
 4.76758e+17	9.22e-01	7.77e-02	1.54e-08
 4.76807e+17	9.25e-01	7.46e-02	1.55e-08
 4.76857e+17	9.28e-01	7.17e-02	1.56e-08
 4.76905e+17	9.31e-01	6.88e-02	1.57e-08
 4.76952e+17	9.34e-01	6.61e-02	1.58e-08
 4.76997e+17	9.36e-01	6.35e-02	1.58e-08
 4.77043e+17	9.39e-01	6.10e-02	1.59e-08
 4.77086e+17	9.41e-01	5.86e-02	1.59e-08
 4.77125e+17	9.44e-01	5.65e-02	1.60e-08
 4.77160e+17	9.45e-01	5.45e-02	1.61e-08
 4.77192e+17	9.47e-01	5.28e-02	1.62e-08
 4.77222e+17	9.49e-01	5.12e-02	1.63e-08
 4.77249e+17	9.50e-01	4.99e-02	1.64e-08
 4.77273e+17	9.51e-01	4.86e-02	1.66e-08
 4.77295e+17	9.53e-01	4.75e-02	1.67e-08
 4.77315e+17	9.54e-01	4.65e-02	1.69e-08
 4.77334e+17	9.54e-01	4.56e-02	1.70e-08
 4.77350e+17	9.55e-01	4.48e-02	1.72e-08
 4.77369e+17	9.56e-01	4.38e-02	1.74e-08
 4.77388e+17	9.57e-01	4.28e-02	1.76e-08
 4.77406e+17	9.58e-01	4.20e-02	1.78e-08
 4.77423e+17	9.59e-01	4.12e-02	1.80e-08
 4.77437e+17	9.59e-01	4.06e-02	1.82e-08
 4.77454e+17	9.60e-01	3.97e-02	1.85e-08
 4.77471e+17	9.61e-01	3.89e-02	1.88e-08
 4.77487e+17	9.62e-01	3.83e-02	1.90e-08
 4.77505e+17	9.63e-01	3.75e-02	1.93e-08
 4.77524e+17	9.63e-01	3.66e-02	1.97e-08
 4.77541e+17	9.64e-01	3.59e-02	2.00e-08
 4.77557e+17	9.65e-01	3.53e-02	2.03e-08
 4.77571e+17	9.65e-01	3.47e-02	2.06e-08
 4.77587e+17	9.66e-01	3.41e-02	2.10e-08
 4.77604e+17	9.67e-01	3.34e-02	2.14e-08
 4.77619e+17	9.67e-01	3.28e-02	2.18e-08
 4.77636e+17	9.68e-01	3.21e-02	2.23e-08
 4.77654e+17	9.69e-01	3.14e-02	2.28e-08
 4.77671e+17	9.69e-01	3.08e-02	2.33e-08
 4.77686e+17	9.70e-01	3.02e-02	2.37e-08
 4.77699e+17	9.70e-01	2.97e-02	2.41e-08
 4.77712e+17	9.71e-01	2.93e-02	2.45e-08
 4.77726e+17	9.71e-01	2.87e-02	2.50e-08
 4.77740e+17	9.72e-01	2.82e-02	2.55e-08
 4.77754e+17	9.72e-01	2.78e-02	2.60e-08
 4.77768e+17	9.73e-01	2.73e-02	2.65e-08
 4.77784e+17	9.73e-01	2.67e-02	2.72e-08
 4.77799e+17	9.74e-01	2.63e-02	2.77e-08
 4.77812e+17	9.74e-01	2.58e-02	2.82e-08
 4.77824e+17	9.75e-01	2.55e-02	2.87e-08
 4.77837e+17	9.75e-01	2.50e-02	2.92e-08
 4.77851e+17	9.75e-01	2.46e-02	2.98e-08
 4.77864e+17	9.76e-01	2.42e-02	3.03e-08
 4.77876e+17	9.76e-01	2.39e-02	3.08e-08
 4.77889e+17	9.77e-01	2.35e-02	3.13e-08
 4.77905e+17	9.77e-01	2.30e-02	3.21e-08
 4.77923e+17	9.77e-01	2.26e-02	3.21e-08
 4.77943e+17	9.78e-01	2.24e-02	3.20e-08
 4.77969e+17	9.78e-01	2.20e-02	3.20e-08
 4.78002e+17	9.79e-01	2.15e-02	3.20e-08
 4.78046e+17	9.79e-01	2.08e-02	3.20e-08
 4.78102e+17	9.80e-01	2.00e-02	3.20e-08
 4.78166e+17	9.81e-01	1.91e-02	3.19e-08
 4.78229e+17	9.82e-01	1.83e-02	3.19e-08
 4.78287e+17	9.82e-01	1.76e-02	3.19e-08
 4.78345e+17	9.83e-01	1.69e-02	3.18e-08
 4.78405e+17	9.84e-01	1.62e-02	3.18e-08
 4.78465e+17	9.84e-01	1.56e-02	3.18e-08
 4.78525e+17	9.85e-01	1.50e-02	3.18e-08
 4.78586e+17	9.86e-01	1.44e-02	3.17e-08
 4.78646e+17	9.86e-01	1.38e-02	3.17e-08
 4.78707e+17	9.87e-01	1.32e-02	3.17e-08
 4.78768e+17	9.87e-01	1.27e-02	3.17e-08
 4.78829e+17	9.88e-01	1.22e-02	3.17e-08
 4.78891e+17	9.88e-01	1.17e-02	3.16e-08
 4.78953e+17	9.89e-01	1.12e-02	3.16e-08
 4.79015e+17	9.89e-01	1.07e-02	3.16e-08
 4.79078e+17	9.90e-01	1.03e-02	3.16e-08
 4.79141e+17	9.90e-01	9.88e-03	3.16e-08
 4.79204e+17	9.91e-01	9.47e-03	3.15e-08
 4.79268e+17	9.91e-01	9.08e-03	3.15e-08
 4.79333e+17	9.91e-01	8.71e-03	3.15e-08
 4.79398e+17	9.92e-01	8.35e-03	3.15e-08
 4.79464e+17	9.92e-01	8.00e-03	3.15e-08
 4.79530e+17	9.92e-01	7.66e-03	3.15e-08
 4.79597e+17	9.93e-01	7.34e-03	3.15e-08
 4.79665e+17	9.93e-01	7.04e-03	3.14e-08
 4.79734e+17	9.93e-01	6.74e-03	3.14e-08
 4.79804e+17	9.94e-01	6.45e-03	3.14e-08
 4.79875e+17	9.94e-01	6.18e-03	3.14e-08
 4.79947e+17	9.94e-01	5.92e-03	3.14e-08
 4.80021e+17	9.94e-01	5.67e-03	3.14e-08
 4.80095e+17	9.95e-01	5.42e-03	3.14e-08
 4.80172e+17	9.95e-01	5.19e-03	3.14e-08
 4.80250e+17	9.95e-01	4.97e-03	3.14e-08
 4.80330e+17	9.95e-01	4.75e-03	3.14e-08
 4.80413e+17	9.95e-01	4.55e-03	3.14e-08
 4.80498e+17	9.96e-01	4.35e-03	3.14e-08
 4.80586e+17	9.96e-01	4.16e-03	3.14e-08
 4.80677e+17	9.96e-01	3.98e-03	3.14e-08
 4.80771e+17	9.96e-01	3.81e-03	3.13e-08
 4.80870e+17	9.96e-01	3.64e-03	3.13e-08
 4.80975e+17	9.97e-01	3.48e-03	3.13e-08
 4.81086e+17	9.97e-01	3.33e-03	3.13e-08
 4.81205e+17	9.97e-01	3.18e-03	3.13e-08
 4.81331e+17	9.97e-01	3.04e-03	3.13e-08
 4.81469e+17	9.97e-01	2.91e-03	3.13e-08
 4.81622e+17	9.97e-01	2.78e-03	3.13e-08
 4.81792e+17	9.97e-01	2.66e-03	3.14e-08
 4.81982e+17	9.97e-01	2.55e-03	3.14e-08
 4.82203e+17	9.98e-01	2.44e-03	3.14e-08
 4.82472e+17	9.98e-01	2.34e-03	3.14e-08
 4.82810e+17	9.98e-01	2.25e-03	3.14e-08
 4.83243e+17	9.98e-01	2.17e-03	3.14e-08
 4.83805e+17	9.98e-01	2.11e-03	3.15e-08
 4.84535e+17	9.98e-01	2.04e-03	3.15e-08
 4.85485e+17	9.98e-01	1.99e-03	3.16e-08
 4.86720e+17	9.98e-01	1.93e-03	3.16e-08
 4.88325e+17	9.98e-01	1.87e-03	3.17e-08
 4.90412e+17	9.98e-01	1.80e-03	3.19e-08
 4.93125e+17	9.98e-01	1.74e-03	3.21e-08
 4.96291e+17	9.98e-01	1.65e-03	3.23e-08
 5.00044e+17	9.98e-01	1.58e-03	3.25e-08
 5.04064e+17	9.99e-01	1.49e-03	3.28e-08
 5.08431e+17	9.99e-01	1.42e-03	3.31e-08
 5.12988e+17	9.99e-01	1.35e-03	3.35e-08
 5.17790e+17	9.99e-01	1.28e-03	3.38e-08
 5.22500e+17	9.99e-01	1.22e-03	3.42e-08
 5.27090e+17	9.99e-01	1.15e-03	3.45e-08
 5.32040e+17	9.99e-01	1.11e-03	3.49e-08
 5.37457e+17	9.99e-01	1.05e-03	3.53e-08
 5.43980e+17	9.99e-01	1.00e-03	3.57e-08
 5.51941e+17	9.99e-01	9.40e-04	3.63e-08
 5.60265e+17	9.99e-01	8.93e-04	3.70e-08
 5.69063e+17	9.99e-01	8.25e-04	3.77e-08
 5.77324e+17	9.99e-01	7.89e-04	3.85e-08
 5.84889e+17	9.99e-01	7.22e-04	3.91e-08
 5.92839e+17	9.99e-01	7.00e-04	3.98e-08
 6.01290e+17	9.99e-01	6.46e-04	4.05e-08
 6.12276e+17	9.99e-01	6.12e-04	4.15e-08
 6.26558e+17	9.99e-01	5.61e-04	4.27e-08
 6.41241e+17	9.99e-01	5.14e-04	4.42e-08
 6.54925e+17	1.00e+00	4.64e-04	4.55e-08
 6.69006e+17	1.00e+00	4.40e-04	4.70e-08
 6.85125e+17	1.00e+00	3.92e-04	4.86e-08
 7.02693e+17	1.00e+00	3.59e-04	5.06e-08
 7.22143e+17	1.00e+00	3.19e-04	5.27e-08
 7.41914e+17	1.00e+00	2.97e-04	5.52e-08
 7.62102e+17	1.00e+00	2.52e-04	5.76e-08
 7.83561e+17	1.00e+00	2.34e-04	6.05e-08
