#depth	H	H+	H2
 9.66160e+11	4.85e-04	1.00e+00	1.39e-14
 5.79696e+12	4.85e-04	1.00e+00	1.39e-14
 2.51202e+13	4.85e-04	1.00e+00	1.39e-14
 1.02413e+14	4.85e-04	1.00e+00	1.39e-14
 2.44632e+14	4.84e-04	1.00e+00	1.39e-14
 4.29516e+14	4.84e-04	1.00e+00	1.39e-14
 6.69866e+14	4.84e-04	1.00e+00	1.39e-14
 9.82321e+14	4.83e-04	1.00e+00	1.40e-14
 1.38851e+15	4.83e-04	1.00e+00	1.40e-14
 1.91656e+15	4.82e-04	1.00e+00	1.41e-14
 2.60302e+15	4.82e-04	1.00e+00	1.42e-14
 3.49543e+15	4.82e-04	1.00e+00	1.43e-14
 4.65555e+15	4.81e-04	1.00e+00	1.44e-14
 6.16371e+15	4.81e-04	1.00e+00	1.46e-14
 8.12431e+15	4.81e-04	1.00e+00	1.48e-14
 1.06731e+16	4.81e-04	1.00e+00	1.51e-14
 1.39865e+16	4.82e-04	1.00e+00	1.54e-14
 1.82940e+16	4.84e-04	1.00e+00	1.59e-14
 2.38937e+16	4.87e-04	1.00e+00	1.65e-14
 3.11733e+16	4.92e-04	1.00e+00	1.73e-14
 3.70522e+16	4.91e-04	1.00e+00	1.81e-14
 4.07574e+16	4.94e-04	1.00e+00	1.85e-14
 4.48332e+16	4.98e-04	1.00e+00	1.92e-14
 4.93165e+16	5.02e-04	9.99e-01	1.97e-14
 5.42481e+16	5.06e-04	9.99e-01	2.01e-14
 5.96730e+16	5.12e-04	9.99e-01	2.09e-14
 6.56403e+16	5.19e-04	9.99e-01	2.17e-14
 7.22043e+16	5.27e-04	9.99e-01	2.26e-14
 7.94247e+16	5.36e-04	9.99e-01	2.35e-14
 8.73672e+16	5.47e-04	9.99e-01	2.47e-14
 9.61039e+16	5.59e-04	9.99e-01	2.59e-14
 1.05714e+17	5.75e-04	9.99e-01	2.74e-14
 1.16286e+17	5.92e-04	9.99e-01	2.91e-14
 1.27914e+17	6.14e-04	9.99e-01	3.10e-14
 1.40706e+17	6.40e-04	9.99e-01	3.32e-14
 1.54776e+17	6.71e-04	9.99e-01	3.58e-14
 1.70254e+17	7.09e-04	9.99e-01	3.89e-14
 1.87279e+17	7.56e-04	9.99e-01	4.26e-14
 2.06007e+17	8.15e-04	9.99e-01	4.70e-14
 2.26608e+17	8.91e-04	9.99e-01	5.23e-14
 2.49269e+17	9.89e-04	9.99e-01	5.88e-14
 2.72173e+17	1.11e-03	9.99e-01	6.60e-14
 2.92803e+17	1.23e-03	9.99e-01	7.43e-14
 3.10930e+17	1.37e-03	9.99e-01	8.24e-14
 3.27544e+17	1.52e-03	9.98e-01	9.10e-14
 3.43390e+17	1.69e-03	9.98e-01	1.01e-13
 3.58246e+17	1.88e-03	9.98e-01	1.11e-13
 3.71826e+17	2.10e-03	9.98e-01	1.23e-13
 3.84391e+17	2.33e-03	9.98e-01	1.36e-13
 3.96255e+17	2.60e-03	9.97e-01	1.50e-13
 4.07506e+17	2.90e-03	9.97e-01	1.67e-13
 4.17787e+17	3.24e-03	9.97e-01	1.85e-13
 4.26920e+17	3.60e-03	9.96e-01	2.06e-13
 4.35278e+17	3.99e-03	9.96e-01	2.27e-13
 4.43229e+17	4.45e-03	9.96e-01	2.53e-13
 4.50853e+17	4.97e-03	9.95e-01	2.82e-13
 4.58035e+17	5.58e-03	9.94e-01	3.17e-13
 4.63674e+17	6.15e-03	9.94e-01	3.50e-13
 4.67330e+17	6.59e-03	9.93e-01	3.77e-13
 4.70234e+17	6.97e-03	9.93e-01	3.98e-13
 4.73497e+17	7.45e-03	9.93e-01	4.26e-13
 4.76875e+17	8.00e-03	9.92e-01	4.59e-13
 4.79471e+17	8.48e-03	9.92e-01	4.88e-13
 4.81369e+17	8.85e-03	9.91e-01	5.11e-13
 4.83039e+17	9.21e-03	9.91e-01	5.33e-13
 4.84959e+17	9.66e-03	9.90e-01	5.60e-13
 4.86907e+17	1.01e-02	9.90e-01	5.90e-13
 4.88382e+17	1.05e-02	9.89e-01	6.15e-13
 4.89517e+17	1.08e-02	9.89e-01	6.35e-13
 4.90719e+17	1.12e-02	9.89e-01	6.58e-13
 4.92062e+17	1.16e-02	9.88e-01	6.86e-13
 4.93297e+17	1.20e-02	9.88e-01	7.14e-13
 4.94417e+17	1.23e-02	9.88e-01	7.41e-13
 4.95680e+17	1.28e-02	9.87e-01	7.74e-13
 4.97322e+17	1.34e-02	9.87e-01	8.22e-13
 4.99457e+17	1.43e-02	9.86e-01	8.88e-13
 5.02232e+17	1.58e-02	9.84e-01	9.86e-13
 5.05839e+17	1.81e-02	9.82e-01	1.14e-12
 5.10529e+17	2.22e-02	9.78e-01	1.41e-12
 5.15439e+17	2.88e-02	9.71e-01	1.86e-12
 5.19180e+17	3.71e-02	9.63e-01	2.46e-12
 5.21667e+17	4.55e-02	9.55e-01	3.09e-12
 5.23548e+17	5.42e-02	9.46e-01	3.77e-12
 5.25109e+17	6.41e-02	9.36e-01	4.60e-12
 5.26354e+17	7.46e-02	9.25e-01	5.52e-12
 5.27427e+17	8.63e-02	9.14e-01	6.62e-12
 5.28431e+17	1.00e-01	9.00e-01	8.03e-12
 5.29377e+17	1.17e-01	8.83e-01	9.92e-12
 5.30230e+17	1.38e-01	8.62e-01	1.24e-11
 5.30973e+17	1.61e-01	8.39e-01	1.56e-11
 5.31627e+17	1.87e-01	8.13e-01	1.96e-11
 5.32224e+17	2.17e-01	7.83e-01	2.50e-11
 5.32783e+17	2.51e-01	7.49e-01	3.25e-11
 5.33290e+17	2.90e-01	7.10e-01	4.26e-11
 5.33698e+17	3.27e-01	6.73e-01	5.46e-11
 5.33997e+17	3.58e-01	6.42e-01	6.69e-11
 5.34232e+17	3.84e-01	6.16e-01	7.86e-11
 5.34438e+17	4.10e-01	5.90e-01	9.24e-11
 5.34629e+17	4.34e-01	5.66e-01	1.07e-10
 5.34809e+17	4.58e-01	5.42e-01	1.24e-10
 5.34970e+17	4.80e-01	5.20e-01	1.42e-10
 5.35118e+17	5.02e-01	4.98e-01	1.64e-10
 5.35258e+17	5.22e-01	4.78e-01	1.85e-10
 5.35389e+17	5.42e-01	4.58e-01	2.10e-10
 5.35492e+17	5.57e-01	4.43e-01	2.30e-10
 5.35567e+17	5.68e-01	4.32e-01	2.48e-10
 5.35639e+17	5.80e-01	4.20e-01	2.67e-10
 5.35720e+17	5.92e-01	4.08e-01	2.90e-10
 5.35805e+17	6.05e-01	3.95e-01	3.18e-10
 5.35886e+17	6.18e-01	3.82e-01	3.46e-10
 5.35964e+17	6.29e-01	3.71e-01	3.73e-10
 5.36043e+17	6.42e-01	3.58e-01	4.07e-10
 5.36121e+17	6.54e-01	3.46e-01	4.45e-10
 5.36198e+17	6.65e-01	3.35e-01	4.83e-10
 5.36273e+17	6.76e-01	3.24e-01	5.22e-10
 5.36349e+17	6.88e-01	3.12e-01	5.71e-10
 5.36425e+17	6.99e-01	3.01e-01	6.24e-10
 5.36499e+17	7.09e-01	2.91e-01	6.74e-10
 5.36573e+17	7.20e-01	2.80e-01	7.37e-10
 5.36647e+17	7.30e-01	2.70e-01	8.05e-10
 5.36719e+17	7.40e-01	2.60e-01	8.76e-10
 5.36791e+17	7.50e-01	2.50e-01	9.47e-10
 5.36864e+17	7.60e-01	2.40e-01	1.04e-09
 5.36937e+17	7.69e-01	2.31e-01	1.14e-09
 5.37007e+17	7.78e-01	2.22e-01	1.23e-09
 5.37077e+17	7.87e-01	2.13e-01	1.35e-09
 5.37145e+17	7.95e-01	2.05e-01	1.44e-09
 5.37213e+17	8.03e-01	1.97e-01	1.58e-09
 5.37280e+17	8.11e-01	1.89e-01	1.73e-09
 5.37347e+17	8.18e-01	1.82e-01	1.87e-09
 5.37412e+17	8.25e-01	1.75e-01	2.04e-09
 5.37477e+17	8.32e-01	1.68e-01	2.20e-09
 5.37541e+17	8.38e-01	1.62e-01	2.39e-09
 5.37604e+17	8.45e-01	1.55e-01	2.60e-09
 5.37666e+17	8.51e-01	1.49e-01	2.81e-09
 5.37729e+17	8.57e-01	1.43e-01	3.05e-09
 5.37790e+17	8.62e-01	1.38e-01	3.29e-09
 5.37851e+17	8.67e-01	1.33e-01	3.56e-09
 5.37911e+17	8.73e-01	1.27e-01	3.84e-09
 5.37971e+17	8.78e-01	1.22e-01	4.15e-09
 5.38030e+17	8.82e-01	1.18e-01	4.50e-09
 5.38089e+17	8.87e-01	1.13e-01	4.85e-09
 5.38147e+17	8.91e-01	1.09e-01	5.20e-09
 5.38205e+17	8.96e-01	1.04e-01	5.59e-09
 5.38262e+17	9.00e-01	1.00e-01	6.01e-09
 5.38319e+17	9.04e-01	9.64e-02	6.43e-09
 5.38375e+17	9.07e-01	9.27e-02	6.88e-09
 5.38431e+17	9.11e-01	8.92e-02	7.34e-09
 5.38486e+17	9.14e-01	8.57e-02	7.83e-09
 5.38542e+17	9.18e-01	8.23e-02	8.33e-09
 5.38597e+17	9.21e-01	7.91e-02	8.85e-09
 5.38651e+17	9.24e-01	7.60e-02	9.36e-09
 5.38705e+17	9.27e-01	7.31e-02	9.89e-09
 5.38759e+17	9.30e-01	7.02e-02	1.04e-08
 5.38812e+17	9.33e-01	6.75e-02	1.09e-08
 5.38865e+17	9.35e-01	6.48e-02	1.14e-08
 5.38917e+17	9.38e-01	6.23e-02	1.19e-08
 5.38969e+17	9.40e-01	5.99e-02	1.24e-08
 5.39020e+17	9.42e-01	5.75e-02	1.28e-08
 5.39071e+17	9.45e-01	5.52e-02	1.32e-08
 5.39121e+17	9.47e-01	5.31e-02	1.35e-08
 5.39171e+17	9.49e-01	5.10e-02	1.38e-08
 5.39220e+17	9.51e-01	4.90e-02	1.41e-08
 5.39268e+17	9.53e-01	4.70e-02	1.43e-08
 5.39315e+17	9.55e-01	4.52e-02	1.45e-08
 5.39361e+17	9.57e-01	4.34e-02	1.46e-08
 5.39407e+17	9.58e-01	4.17e-02	1.48e-08
 5.39452e+17	9.60e-01	4.00e-02	1.49e-08
 5.39496e+17	9.62e-01	3.84e-02	1.51e-08
 5.39537e+17	9.63e-01	3.69e-02	1.52e-08
 5.39574e+17	9.64e-01	3.56e-02	1.54e-08
 5.39607e+17	9.66e-01	3.44e-02	1.56e-08
 5.39637e+17	9.67e-01	3.34e-02	1.58e-08
 5.39665e+17	9.68e-01	3.25e-02	1.60e-08
 5.39690e+17	9.68e-01	3.16e-02	1.62e-08
 5.39713e+17	9.69e-01	3.08e-02	1.65e-08
 5.39733e+17	9.70e-01	3.01e-02	1.67e-08
 5.39752e+17	9.71e-01	2.95e-02	1.69e-08
 5.39769e+17	9.71e-01	2.89e-02	1.72e-08
 5.39785e+17	9.72e-01	2.84e-02	1.74e-08
 5.39799e+17	9.72e-01	2.79e-02	1.76e-08
 5.39815e+17	9.73e-01	2.74e-02	1.79e-08
 5.39832e+17	9.73e-01	2.68e-02	1.83e-08
 5.39847e+17	9.74e-01	2.63e-02	1.85e-08
 5.39861e+17	9.74e-01	2.59e-02	1.89e-08
 5.39874e+17	9.74e-01	2.55e-02	1.91e-08
 5.39887e+17	9.75e-01	2.51e-02	1.94e-08
 5.39906e+17	9.75e-01	2.45e-02	1.99e-08
 5.39925e+17	9.76e-01	2.39e-02	2.04e-08
 5.39943e+17	9.77e-01	2.35e-02	2.08e-08
 5.39959e+17	9.77e-01	2.30e-02	2.12e-08
 5.39974e+17	9.77e-01	2.26e-02	2.16e-08
 5.39987e+17	9.78e-01	2.22e-02	2.20e-08
 5.40002e+17	9.78e-01	2.18e-02	2.25e-08
 5.40017e+17	9.79e-01	2.14e-02	2.30e-08
 5.40032e+17	9.79e-01	2.10e-02	2.35e-08
 5.40045e+17	9.79e-01	2.07e-02	2.38e-08
 5.40059e+17	9.80e-01	2.03e-02	2.44e-08
 5.40075e+17	9.80e-01	1.99e-02	2.50e-08
 5.40089e+17	9.80e-01	1.96e-02	2.56e-08
 5.40102e+17	9.81e-01	1.93e-02	2.61e-08
 5.40113e+17	9.81e-01	1.90e-02	2.65e-08
 5.40126e+17	9.81e-01	1.87e-02	2.70e-08
 5.40143e+17	9.82e-01	1.83e-02	2.79e-08
 5.40161e+17	9.82e-01	1.79e-02	2.87e-08
 5.40177e+17	9.82e-01	1.75e-02	2.94e-08
 5.40192e+17	9.83e-01	1.72e-02	3.02e-08
 5.40206e+17	9.83e-01	1.69e-02	3.08e-08
 5.40218e+17	9.83e-01	1.66e-02	3.14e-08
 5.40229e+17	9.84e-01	1.64e-02	3.20e-08
 5.40239e+17	9.84e-01	1.62e-02	3.24e-08
 5.40251e+17	9.84e-01	1.59e-02	3.31e-08
 5.40263e+17	9.84e-01	1.57e-02	3.36e-08
 5.40276e+17	9.85e-01	1.54e-02	3.45e-08
 5.40290e+17	9.85e-01	1.52e-02	3.51e-08
 5.40306e+17	9.85e-01	1.48e-02	3.63e-08
 5.40323e+17	9.85e-01	1.46e-02	3.63e-08
 5.40341e+17	9.86e-01	1.44e-02	3.63e-08
 5.40365e+17	9.86e-01	1.42e-02	3.63e-08
 5.40396e+17	9.86e-01	1.39e-02	3.63e-08
 5.40437e+17	9.86e-01	1.35e-02	3.63e-08
 5.40490e+17	9.87e-01	1.30e-02	3.63e-08
 5.40553e+17	9.88e-01	1.25e-02	3.62e-08
 5.40618e+17	9.88e-01	1.20e-02	3.62e-08
 5.40679e+17	9.89e-01	1.15e-02	3.62e-08
 5.40739e+17	9.89e-01	1.10e-02	3.62e-08
 5.40799e+17	9.89e-01	1.06e-02	3.62e-08
 5.40861e+17	9.90e-01	1.02e-02	3.61e-08
 5.40923e+17	9.90e-01	9.77e-03	3.61e-08
 5.40985e+17	9.91e-01	9.38e-03	3.61e-08
 5.41048e+17	9.91e-01	9.00e-03	3.61e-08
 5.41111e+17	9.91e-01	8.64e-03	3.61e-08
 5.41174e+17	9.92e-01	8.29e-03	3.61e-08
 5.41238e+17	9.92e-01	7.96e-03	3.60e-08
 5.41302e+17	9.92e-01	7.63e-03	3.60e-08
 5.41366e+17	9.93e-01	7.33e-03	3.60e-08
 5.41431e+17	9.93e-01	7.03e-03	3.60e-08
 5.41497e+17	9.93e-01	6.74e-03	3.60e-08
 5.41563e+17	9.94e-01	6.47e-03	3.60e-08
 5.41630e+17	9.94e-01	6.21e-03	3.60e-08
 5.41698e+17	9.94e-01	5.95e-03	3.60e-08
 5.41768e+17	9.94e-01	5.71e-03	3.59e-08
 5.41837e+17	9.95e-01	5.47e-03	3.59e-08
 5.41908e+17	9.95e-01	5.25e-03	3.59e-08
 5.41979e+17	9.95e-01	5.03e-03	3.59e-08
 5.42052e+17	9.95e-01	4.82e-03	3.59e-08
 5.42126e+17	9.95e-01	4.63e-03	3.59e-08
 5.42201e+17	9.96e-01	4.43e-03	3.59e-08
 5.42278e+17	9.96e-01	4.25e-03	3.59e-08
 5.42356e+17	9.96e-01	4.08e-03	3.59e-08
 5.42437e+17	9.96e-01	3.91e-03	3.59e-08
 5.42519e+17	9.96e-01	3.74e-03	3.59e-08
 5.42605e+17	9.96e-01	3.59e-03	3.59e-08
 5.42694e+17	9.97e-01	3.43e-03	3.59e-08
 5.42786e+17	9.97e-01	3.29e-03	3.59e-08
 5.42881e+17	9.97e-01	3.15e-03	3.59e-08
 5.42981e+17	9.97e-01	3.02e-03	3.59e-08
 5.43085e+17	9.97e-01	2.89e-03	3.59e-08
 5.43195e+17	9.97e-01	2.77e-03	3.59e-08
 5.43312e+17	9.97e-01	2.65e-03	3.59e-08
 5.43438e+17	9.97e-01	2.54e-03	3.59e-08
 5.43573e+17	9.98e-01	2.44e-03	3.59e-08
 5.43719e+17	9.98e-01	2.33e-03	3.59e-08
 5.43881e+17	9.98e-01	2.24e-03	3.59e-08
 5.44063e+17	9.98e-01	2.15e-03	3.59e-08
 5.44271e+17	9.98e-01	2.06e-03	3.59e-08
 5.44512e+17	9.98e-01	1.98e-03	3.59e-08
 5.44800e+17	9.98e-01	1.90e-03	3.59e-08
 5.45158e+17	9.98e-01	1.83e-03	3.60e-08
 5.45618e+17	9.98e-01	1.77e-03	3.60e-08
 5.46215e+17	9.98e-01	1.72e-03	3.60e-08
 5.46993e+17	9.98e-01	1.66e-03	3.61e-08
 5.48003e+17	9.98e-01	1.61e-03	3.62e-08
 5.49316e+17	9.98e-01	1.56e-03	3.63e-08
 5.51024e+17	9.99e-01	1.50e-03	3.64e-08
 5.53243e+17	9.99e-01	1.43e-03	3.66e-08
 5.56003e+17	9.99e-01	1.37e-03	3.68e-08
 5.59134e+17	9.99e-01	1.30e-03	3.70e-08
 5.62514e+17	9.99e-01	1.25e-03	3.73e-08
 5.66300e+17	9.99e-01	1.19e-03	3.76e-08
 5.70855e+17	9.99e-01	1.14e-03	3.79e-08
 5.76628e+17	9.99e-01	1.09e-03	3.84e-08
 5.83755e+17	9.99e-01	1.03e-03	3.90e-08
 5.90841e+17	9.99e-01	9.74e-04	3.96e-08
 5.96787e+17	9.99e-01	9.10e-04	4.02e-08
 6.03087e+17	9.99e-01	8.70e-04	4.07e-08
 6.10919e+17	9.99e-01	8.29e-04	4.14e-08
 6.20744e+17	9.99e-01	7.83e-04	4.22e-08
 6.30573e+17	9.99e-01	7.30e-04	4.32e-08
 6.38635e+17	9.99e-01	6.80e-04	4.40e-08
 6.47341e+17	9.99e-01	6.48e-04	4.48e-08
 6.58234e+17	9.99e-01	6.11e-04	4.59e-08
 6.71895e+17	9.99e-01	5.73e-04	4.72e-08
 6.85430e+17	9.99e-01	5.29e-04	4.87e-08
