#depth	H	H+	H2
 9.74655e+11	3.92e-04	1.00e+00	4.80e-15
 5.84793e+12	3.91e-04	1.00e+00	4.80e-15
 2.53410e+13	3.91e-04	1.00e+00	4.80e-15
 1.03313e+14	3.91e-04	1.00e+00	4.80e-15
 2.46783e+14	3.91e-04	1.00e+00	4.80e-15
 4.33293e+14	3.91e-04	1.00e+00	4.80e-15
 6.75756e+14	3.90e-04	1.00e+00	4.80e-15
 9.90958e+14	3.90e-04	1.00e+00	4.81e-15
 1.40072e+15	3.90e-04	1.00e+00	4.81e-15
 1.93341e+15	3.89e-04	1.00e+00	4.82e-15
 2.62591e+15	3.89e-04	1.00e+00	4.84e-15
 3.52616e+15	3.89e-04	1.00e+00	4.85e-15
 4.69648e+15	3.88e-04	1.00e+00	4.88e-15
 6.21790e+15	3.88e-04	1.00e+00	4.91e-15
 8.19575e+15	3.88e-04	1.00e+00	4.95e-15
 1.07669e+16	3.88e-04	1.00e+00	5.00e-15
 1.41095e+16	3.88e-04	1.00e+00	5.07e-15
 1.84548e+16	3.89e-04	1.00e+00	5.17e-15
 2.41038e+16	3.91e-04	1.00e+00	5.31e-15
 3.14474e+16	3.94e-04	1.00e+00	5.50e-15
 3.73780e+16	3.92e-04	1.00e+00	5.62e-15
 4.11158e+16	3.94e-04	1.00e+00	5.71e-15
 4.52274e+16	3.96e-04	1.00e+00	5.85e-15
 4.97501e+16	3.99e-04	1.00e+00	5.98e-15
 5.47251e+16	4.02e-04	1.00e+00	6.10e-15
 6.01976e+16	4.05e-04	1.00e+00	6.26e-15
 6.62174e+16	4.10e-04	1.00e+00	6.45e-15
 7.28391e+16	4.15e-04	1.00e+00	6.67e-15
 8.01231e+16	4.21e-04	1.00e+00	6.91e-15
 8.81354e+16	4.28e-04	1.00e+00	7.19e-15
 9.69489e+16	4.36e-04	1.00e+00	7.52e-15
 1.06644e+17	4.46e-04	1.00e+00	7.90e-15
 1.17308e+17	4.58e-04	1.00e+00	8.35e-15
 1.29039e+17	4.72e-04	1.00e+00	8.88e-15
 1.41943e+17	4.89e-04	1.00e+00	9.51e-15
 1.56137e+17	5.09e-04	9.99e-01	1.03e-14
 1.71751e+17	5.33e-04	9.99e-01	1.12e-14
 1.88926e+17	5.63e-04	9.99e-01	1.23e-14
 2.07819e+17	6.00e-04	9.99e-01	1.37e-14
 2.28600e+17	6.46e-04	9.99e-01	1.54e-14
 2.51460e+17	7.05e-04	9.99e-01	1.77e-14
 2.76607e+17	7.81e-04	9.99e-01	2.06e-14
 3.04267e+17	8.82e-04	9.99e-01	2.46e-14
 3.31396e+17	1.00e-03	9.99e-01	2.95e-14
 3.54682e+17	1.13e-03	9.99e-01	3.47e-14
 3.75082e+17	1.27e-03	9.99e-01	4.04e-14
 3.94324e+17	1.43e-03	9.99e-01	4.70e-14
 4.12893e+17	1.62e-03	9.98e-01	5.48e-14
 4.30357e+17	1.83e-03	9.98e-01	6.39e-14
 4.45425e+17	2.06e-03	9.98e-01	7.35e-14
 4.57927e+17	2.29e-03	9.98e-01	8.33e-14
 4.69439e+17	2.54e-03	9.97e-01	9.38e-14
 4.82542e+17	2.90e-03	9.97e-01	1.09e-13
 4.95596e+17	3.33e-03	9.97e-01	1.28e-13
 5.05311e+17	3.74e-03	9.96e-01	1.45e-13
 5.13073e+17	4.14e-03	9.96e-01	1.63e-13
 5.21573e+17	4.67e-03	9.95e-01	1.86e-13
 5.30655e+17	5.36e-03	9.95e-01	2.17e-13
 5.38314e+17	6.11e-03	9.94e-01	2.50e-13
 5.44678e+17	6.88e-03	9.93e-01	2.85e-13
 5.49761e+17	7.63e-03	9.92e-01	3.19e-13
 5.53434e+17	8.27e-03	9.92e-01	3.49e-13
 5.56463e+17	8.87e-03	9.91e-01	3.76e-13
 5.59808e+17	9.63e-03	9.90e-01	4.12e-13
 5.63201e+17	1.05e-02	9.89e-01	4.52e-13
 5.65739e+17	1.13e-02	9.89e-01	4.89e-13
 5.67617e+17	1.19e-02	9.88e-01	5.19e-13
 5.69549e+17	1.26e-02	9.87e-01	5.52e-13
 5.71602e+17	1.34e-02	9.87e-01	5.92e-13
 5.73286e+17	1.42e-02	9.86e-01	6.28e-13
 5.74612e+17	1.48e-02	9.85e-01	6.60e-13
 5.75999e+17	1.55e-02	9.84e-01	6.96e-13
 5.77497e+17	1.64e-02	9.84e-01	7.39e-13
 5.78793e+17	1.72e-02	9.83e-01	7.80e-13
 5.79929e+17	1.79e-02	9.82e-01	8.18e-13
 5.81201e+17	1.88e-02	9.81e-01	8.68e-13
 5.82854e+17	2.01e-02	9.80e-01	9.39e-13
 5.85004e+17	2.22e-02	9.78e-01	1.05e-12
 5.87798e+17	2.54e-02	9.75e-01	1.22e-12
 5.91431e+17	3.11e-02	9.69e-01	1.53e-12
 5.95259e+17	4.05e-02	9.60e-01	2.05e-12
 5.98191e+17	5.26e-02	9.47e-01	2.76e-12
 6.00116e+17	6.48e-02	9.35e-01	3.52e-12
 6.01545e+17	7.73e-02	9.23e-01	4.34e-12
 6.02721e+17	9.13e-02	9.09e-01	5.33e-12
 6.03661e+17	1.06e-01	8.94e-01	6.44e-12
 6.04477e+17	1.22e-01	8.78e-01	7.75e-12
 6.05251e+17	1.42e-01	8.58e-01	9.47e-12
 6.05992e+17	1.66e-01	8.34e-01	1.18e-11
 6.06667e+17	1.94e-01	8.06e-01	1.48e-11
 6.07264e+17	2.26e-01	7.74e-01	1.88e-11
 6.07800e+17	2.62e-01	7.38e-01	2.39e-11
 6.08270e+17	2.99e-01	7.01e-01	3.03e-11
 6.08643e+17	3.34e-01	6.66e-01	3.72e-11
 6.08924e+17	3.64e-01	6.36e-01	4.39e-11
 6.09151e+17	3.89e-01	6.11e-01	5.07e-11
 6.09356e+17	4.15e-01	5.85e-01	5.83e-11
 6.09552e+17	4.39e-01	5.61e-01	6.65e-11
 6.09732e+17	4.64e-01	5.36e-01	7.59e-11
 6.09894e+17	4.86e-01	5.14e-01	8.49e-11
 6.10041e+17	5.07e-01	4.93e-01	9.55e-11
 6.10177e+17	5.27e-01	4.73e-01	1.06e-10
 6.10289e+17	5.43e-01	4.57e-01	1.15e-10
 6.10370e+17	5.55e-01	4.45e-01	1.23e-10
 6.10444e+17	5.66e-01	4.34e-01	1.30e-10
 6.10526e+17	5.78e-01	4.22e-01	1.40e-10
 6.10612e+17	5.91e-01	4.09e-01	1.50e-10
 6.10696e+17	6.04e-01	3.96e-01	1.61e-10
 6.10777e+17	6.16e-01	3.84e-01	1.72e-10
 6.10857e+17	6.28e-01	3.72e-01	1.84e-10
 6.10937e+17	6.40e-01	3.60e-01	1.97e-10
 6.11017e+17	6.52e-01	3.48e-01	2.11e-10
 6.11096e+17	6.64e-01	3.36e-01	2.27e-10
 6.11173e+17	6.75e-01	3.25e-01	2.43e-10
 6.11250e+17	6.87e-01	3.13e-01	2.61e-10
 6.11327e+17	6.97e-01	3.03e-01	2.78e-10
 6.11403e+17	7.08e-01	2.92e-01	2.98e-10
 6.11480e+17	7.19e-01	2.81e-01	3.22e-10
 6.11554e+17	7.29e-01	2.71e-01	3.42e-10
 6.11627e+17	7.39e-01	2.61e-01	3.68e-10
 6.11702e+17	7.49e-01	2.51e-01	3.96e-10
 6.11775e+17	7.59e-01	2.41e-01	4.24e-10
 6.11848e+17	7.68e-01	2.32e-01	4.53e-10
 6.11920e+17	7.77e-01	2.23e-01	4.89e-10
 6.11992e+17	7.86e-01	2.14e-01	5.19e-10
 6.12062e+17	7.94e-01	2.06e-01	5.58e-10
 6.12130e+17	8.02e-01	1.98e-01	5.98e-10
 6.12199e+17	8.10e-01	1.90e-01	6.40e-10
 6.12268e+17	8.17e-01	1.83e-01	6.83e-10
 6.12335e+17	8.24e-01	1.76e-01	7.35e-10
 6.12401e+17	8.31e-01	1.69e-01	7.78e-10
 6.12466e+17	8.38e-01	1.62e-01	8.36e-10
 6.12530e+17	8.44e-01	1.56e-01	8.89e-10
 6.12594e+17	8.50e-01	1.50e-01	9.54e-10
 6.12657e+17	8.56e-01	1.44e-01	1.02e-09
 6.12720e+17	8.61e-01	1.39e-01	1.09e-09
 6.12782e+17	8.67e-01	1.33e-01	1.16e-09
 6.12843e+17	8.72e-01	1.28e-01	1.24e-09
 6.12905e+17	8.77e-01	1.23e-01	1.33e-09
 6.12965e+17	8.82e-01	1.18e-01	1.41e-09
 6.13025e+17	8.86e-01	1.14e-01	1.51e-09
 6.13086e+17	8.91e-01	1.09e-01	1.61e-09
 6.13145e+17	8.95e-01	1.05e-01	1.72e-09
 6.13203e+17	8.99e-01	1.01e-01	1.84e-09
 6.13262e+17	9.03e-01	9.70e-02	1.97e-09
 6.13320e+17	9.07e-01	9.33e-02	2.09e-09
 6.13378e+17	9.10e-01	8.96e-02	2.25e-09
 6.13436e+17	9.14e-01	8.62e-02	2.39e-09
 6.13493e+17	9.17e-01	8.28e-02	2.57e-09
 6.13550e+17	9.20e-01	7.97e-02	2.73e-09
 6.13607e+17	9.23e-01	7.65e-02	2.92e-09
 6.13663e+17	9.26e-01	7.36e-02	3.13e-09
 6.13719e+17	9.29e-01	7.07e-02	3.34e-09
 6.13775e+17	9.32e-01	6.80e-02	3.57e-09
 6.13831e+17	9.35e-01	6.53e-02	3.82e-09
 6.13886e+17	9.37e-01	6.27e-02	4.10e-09
 6.13941e+17	9.40e-01	6.03e-02	4.37e-09
 6.13996e+17	9.42e-01	5.80e-02	4.67e-09
 6.14051e+17	9.44e-01	5.57e-02	5.00e-09
 6.14105e+17	9.46e-01	5.36e-02	5.34e-09
 6.14159e+17	9.48e-01	5.15e-02	5.69e-09
 6.14212e+17	9.50e-01	4.95e-02	6.07e-09
 6.14265e+17	9.52e-01	4.76e-02	6.47e-09
 6.14319e+17	9.54e-01	4.57e-02	6.88e-09
 6.14372e+17	9.56e-01	4.40e-02	7.30e-09
 6.14424e+17	9.58e-01	4.23e-02	7.74e-09
 6.14476e+17	9.59e-01	4.06e-02	8.19e-09
 6.14528e+17	9.61e-01	3.91e-02	8.64e-09
 6.14579e+17	9.62e-01	3.75e-02	9.11e-09
 6.14631e+17	9.64e-01	3.61e-02	9.58e-09
 6.14683e+17	9.65e-01	3.46e-02	1.00e-08
 6.14733e+17	9.67e-01	3.33e-02	1.05e-08
 6.14783e+17	9.68e-01	3.20e-02	1.09e-08
 6.14833e+17	9.69e-01	3.07e-02	1.14e-08
 6.14882e+17	9.70e-01	2.95e-02	1.18e-08
 6.14930e+17	9.72e-01	2.84e-02	1.22e-08
 6.14978e+17	9.73e-01	2.72e-02	1.25e-08
 6.15025e+17	9.74e-01	2.62e-02	1.29e-08
 6.15072e+17	9.75e-01	2.51e-02	1.32e-08
 6.15118e+17	9.76e-01	2.41e-02	1.35e-08
 6.15163e+17	9.77e-01	2.32e-02	1.37e-08
 6.15207e+17	9.78e-01	2.23e-02	1.40e-08
 6.15249e+17	9.79e-01	2.14e-02	1.43e-08
 6.15289e+17	9.79e-01	2.06e-02	1.45e-08
 6.15325e+17	9.80e-01	1.99e-02	1.48e-08
 6.15358e+17	9.81e-01	1.92e-02	1.51e-08
 6.15388e+17	9.81e-01	1.86e-02	1.54e-08
 6.15416e+17	9.82e-01	1.81e-02	1.58e-08
 6.15441e+17	9.82e-01	1.76e-02	1.61e-08
 6.15464e+17	9.83e-01	1.72e-02	1.64e-08
 6.15485e+17	9.83e-01	1.68e-02	1.68e-08
 6.15504e+17	9.84e-01	1.64e-02	1.71e-08
 6.15521e+17	9.84e-01	1.61e-02	1.75e-08
 6.15537e+17	9.84e-01	1.58e-02	1.77e-08
 6.15554e+17	9.85e-01	1.54e-02	1.82e-08
 6.15573e+17	9.85e-01	1.51e-02	1.86e-08
 6.15590e+17	9.85e-01	1.48e-02	1.89e-08
 6.15605e+17	9.85e-01	1.46e-02	1.94e-08
 6.15619e+17	9.86e-01	1.43e-02	1.98e-08
 6.15635e+17	9.86e-01	1.40e-02	2.03e-08
 6.15651e+17	9.86e-01	1.38e-02	2.07e-08
 6.15667e+17	9.87e-01	1.35e-02	2.12e-08
 6.15680e+17	9.87e-01	1.33e-02	2.16e-08
 6.15695e+17	9.87e-01	1.30e-02	2.21e-08
 6.15712e+17	9.87e-01	1.28e-02	2.26e-08
 6.15727e+17	9.87e-01	1.26e-02	2.30e-08
 6.15743e+17	9.88e-01	1.23e-02	2.37e-08
 6.15760e+17	9.88e-01	1.21e-02	2.42e-08
 6.15776e+17	9.88e-01	1.18e-02	2.49e-08
 6.15791e+17	9.88e-01	1.17e-02	2.54e-08
 6.15804e+17	9.89e-01	1.15e-02	2.59e-08
 6.15818e+17	9.89e-01	1.13e-02	2.66e-08
 6.15834e+17	9.89e-01	1.11e-02	2.73e-08
 6.15848e+17	9.89e-01	1.09e-02	2.79e-08
 6.15861e+17	9.89e-01	1.07e-02	2.84e-08
 6.15875e+17	9.89e-01	1.05e-02	2.92e-08
 6.15891e+17	9.90e-01	1.03e-02	3.00e-08
 6.15905e+17	9.90e-01	1.01e-02	3.07e-08
 6.15917e+17	9.90e-01	9.98e-03	3.14e-08
 6.15929e+17	9.90e-01	9.84e-03	3.19e-08
 6.15942e+17	9.90e-01	9.68e-03	3.27e-08
 6.15955e+17	9.90e-01	9.51e-03	3.34e-08
 6.15968e+17	9.91e-01	9.38e-03	3.41e-08
 6.15979e+17	9.91e-01	9.24e-03	3.48e-08
 6.15991e+17	9.91e-01	9.09e-03	3.56e-08
 6.16005e+17	9.91e-01	8.95e-03	3.63e-08
 6.16017e+17	9.91e-01	8.82e-03	3.70e-08
 6.16028e+17	9.91e-01	8.70e-03	3.77e-08
 6.16040e+17	9.91e-01	8.56e-03	3.85e-08
 6.16056e+17	9.92e-01	8.39e-03	3.96e-08
 6.16073e+17	9.92e-01	8.22e-03	4.06e-08
 6.16088e+17	9.92e-01	8.08e-03	4.14e-08
 6.16102e+17	9.92e-01	7.93e-03	4.25e-08
 6.16115e+17	9.92e-01	7.88e-03	4.25e-08
 6.16129e+17	9.92e-01	7.78e-03	4.25e-08
 6.16148e+17	9.92e-01	7.70e-03	4.25e-08
 6.16171e+17	9.92e-01	7.58e-03	4.25e-08
 6.16202e+17	9.93e-01	7.42e-03	4.25e-08
 6.16242e+17	9.93e-01	7.23e-03	4.25e-08
 6.16295e+17	9.93e-01	6.98e-03	4.25e-08
 6.16359e+17	9.93e-01	6.70e-03	4.25e-08
 6.16428e+17	9.94e-01	6.41e-03	4.25e-08
 6.16495e+17	9.94e-01	6.16e-03	4.24e-08
 6.16559e+17	9.94e-01	5.92e-03	4.24e-08
 6.16623e+17	9.94e-01	5.69e-03	4.24e-08
 6.16690e+17	9.95e-01	5.46e-03	4.24e-08
 6.16757e+17	9.95e-01	5.24e-03	4.24e-08
 6.16826e+17	9.95e-01	5.03e-03	4.24e-08
 6.16894e+17	9.95e-01	4.83e-03	4.24e-08
 6.16964e+17	9.95e-01	4.64e-03	4.24e-08
 6.17034e+17	9.96e-01	4.45e-03	4.24e-08
 6.17106e+17	9.96e-01	4.27e-03	4.24e-08
 6.17179e+17	9.96e-01	4.10e-03	4.23e-08
 6.17253e+17	9.96e-01	3.94e-03	4.23e-08
 6.17328e+17	9.96e-01	3.78e-03	4.23e-08
 6.17405e+17	9.96e-01	3.63e-03	4.23e-08
 6.17484e+17	9.97e-01	3.48e-03	4.23e-08
 6.17564e+17	9.97e-01	3.34e-03	4.23e-08
 6.17647e+17	9.97e-01	3.21e-03	4.23e-08
 6.17732e+17	9.97e-01	3.08e-03	4.23e-08
 6.17819e+17	9.97e-01	2.96e-03	4.23e-08
 6.17910e+17	9.97e-01	2.84e-03	4.23e-08
 6.18004e+17	9.97e-01	2.72e-03	4.23e-08
 6.18101e+17	9.97e-01	2.62e-03	4.23e-08
 6.18204e+17	9.97e-01	2.51e-03	4.23e-08
 6.18311e+17	9.98e-01	2.41e-03	4.23e-08
 6.18424e+17	9.98e-01	2.31e-03	4.23e-08
 6.18545e+17	9.98e-01	2.22e-03	4.23e-08
 6.18673e+17	9.98e-01	2.13e-03	4.23e-08
 6.18811e+17	9.98e-01	2.05e-03	4.23e-08
 6.18962e+17	9.98e-01	1.97e-03	4.23e-08
 6.19126e+17	9.98e-01	1.89e-03	4.24e-08
 6.19309e+17	9.98e-01	1.82e-03	4.24e-08
 6.19515e+17	9.98e-01	1.75e-03	4.24e-08
 6.19746e+17	9.98e-01	1.69e-03	4.24e-08
 6.20014e+17	9.98e-01	1.63e-03	4.24e-08
 6.20343e+17	9.98e-01	1.57e-03	4.24e-08
 6.20738e+17	9.98e-01	1.51e-03	4.25e-08
 6.21212e+17	9.99e-01	1.46e-03	4.25e-08
 6.21783e+17	9.99e-01	1.41e-03	4.25e-08
 6.22502e+17	9.99e-01	1.36e-03	4.26e-08
 6.23409e+17	9.99e-01	1.31e-03	4.27e-08
 6.24496e+17	9.99e-01	1.25e-03	4.28e-08
 6.25707e+17	9.99e-01	1.20e-03	4.29e-08
 6.26981e+17	9.99e-01	1.15e-03	4.30e-08
 6.28328e+17	9.99e-01	1.10e-03	4.31e-08
 6.29830e+17	9.99e-01	1.06e-03	4.33e-08
 6.31662e+17	9.99e-01	1.03e-03	4.34e-08
 6.34027e+17	9.99e-01	9.88e-04	4.36e-08
 6.37070e+17	9.99e-01	9.45e-04	4.39e-08
 6.40706e+17	9.99e-01	9.01e-04	4.43e-08
 6.44656e+17	9.99e-01	8.59e-04	4.46e-08
 6.48733e+17	9.99e-01	8.20e-04	4.50e-08
 6.53176e+17	9.99e-01	7.88e-04	4.55e-08
 6.58429e+17	9.99e-01	7.56e-04	4.60e-08
