#depth	H	H+	H2
 1.03643e+13	7.11e-05	1.00e+00	6.28e-15
 6.21855e+13	7.12e-05	1.00e+00	6.29e-15
 2.69471e+14	7.12e-05	1.00e+00	6.32e-15
 1.09861e+15	7.15e-05	1.00e+00	6.39e-15
 2.62423e+15	7.17e-05	1.00e+00	6.46e-15
 4.60753e+15	7.18e-05	1.00e+00	6.50e-15
 7.18583e+15	7.20e-05	1.00e+00	6.55e-15
 1.05376e+16	7.22e-05	1.00e+00	6.61e-15
 1.48949e+16	7.24e-05	1.00e+00	6.67e-15
 2.05594e+16	7.27e-05	1.00e+00	6.76e-15
 2.79233e+16	7.31e-05	1.00e+00	6.86e-15
 3.74963e+16	7.35e-05	1.00e+00	6.99e-15
 4.99413e+16	7.41e-05	1.00e+00	7.15e-15
 6.61197e+16	7.49e-05	1.00e+00	7.37e-15
 8.71516e+16	7.60e-05	1.00e+00	7.65e-15
 1.14493e+17	7.74e-05	1.00e+00	8.02e-15
 1.50037e+17	7.92e-05	1.00e+00	8.51e-15
 1.96244e+17	8.17e-05	1.00e+00	9.20e-15
 2.56314e+17	8.51e-05	1.00e+00	1.01e-14
 3.34404e+17	8.97e-05	1.00e+00	1.15e-14
 3.97469e+17	9.31e-05	1.00e+00	1.26e-14
 4.37216e+17	9.56e-05	1.00e+00	1.34e-14
 4.80937e+17	9.83e-05	1.00e+00	1.43e-14
 5.29031e+17	1.01e-04	1.00e+00	1.54e-14
 5.81934e+17	1.05e-04	1.00e+00	1.67e-14
 6.40127e+17	1.09e-04	1.00e+00	1.81e-14
 7.04140e+17	1.13e-04	1.00e+00	1.99e-14
 7.74554e+17	1.19e-04	1.00e+00	2.20e-14
 8.52010e+17	1.24e-04	1.00e+00	2.44e-14
 9.37211e+17	1.31e-04	1.00e+00	2.75e-14
 1.03093e+18	1.39e-04	1.00e+00	3.11e-14
 1.13402e+18	1.48e-04	1.00e+00	3.57e-14
 1.24743e+18	1.58e-04	1.00e+00	4.13e-14
 1.37217e+18	1.70e-04	1.00e+00	4.84e-14
 1.50939e+18	1.84e-04	1.00e+00	5.75e-14
 1.66033e+18	2.01e-04	1.00e+00	6.92e-14
 1.82636e+18	2.21e-04	1.00e+00	8.44e-14
 2.00899e+18	2.45e-04	1.00e+00	1.04e-13
 2.20675e+18	2.74e-04	1.00e+00	1.31e-13
 2.41502e+18	3.07e-04	1.00e+00	1.65e-13
 2.63162e+18	3.47e-04	1.00e+00	2.09e-13
 2.85689e+18	3.93e-04	1.00e+00	2.66e-13
 3.09116e+18	4.47e-04	1.00e+00	3.36e-13
 3.33481e+18	5.13e-04	9.99e-01	4.29e-13
 3.54110e+18	5.75e-04	9.99e-01	5.18e-13
 3.68983e+18	6.25e-04	9.99e-01	5.90e-13
 3.84313e+18	6.84e-04	9.99e-01	6.71e-13
 4.04241e+18	7.70e-04	9.99e-01	7.82e-13
 4.24329e+18	8.67e-04	9.99e-01	8.89e-13
 4.40018e+18	9.54e-04	9.99e-01	9.64e-13
 4.53678e+18	1.04e-03	9.99e-01	1.02e-12
 4.69306e+18	1.15e-03	9.99e-01	1.07e-12
 4.86091e+18	1.29e-03	9.99e-01	1.08e-12
 5.00534e+18	1.42e-03	9.99e-01	1.07e-12
 5.12989e+18	1.56e-03	9.98e-01	1.04e-12
 5.26296e+18	1.73e-03	9.98e-01	1.00e-12
 5.40124e+18	1.93e-03	9.98e-01	9.43e-13
 5.51908e+18	2.13e-03	9.98e-01	8.90e-13
 5.62061e+18	2.33e-03	9.98e-01	8.47e-13
 5.72638e+18	2.57e-03	9.97e-01	8.08e-13
 5.83515e+18	2.87e-03	9.97e-01	7.74e-13
 5.92986e+18	3.18e-03	9.97e-01	7.54e-13
 6.01267e+18	3.49e-03	9.97e-01	7.45e-13
 6.10282e+18	3.90e-03	9.96e-01	7.46e-13
 6.19621e+18	4.41e-03	9.96e-01	7.59e-13
 6.27245e+18	4.92e-03	9.95e-01	7.82e-13
 6.33578e+18	5.44e-03	9.95e-01	8.15e-13
 6.40473e+18	6.11e-03	9.94e-01	8.67e-13
 6.47751e+18	7.00e-03	9.93e-01	9.43e-13
 6.53767e+18	7.92e-03	9.92e-01	1.03e-12
 6.58758e+18	8.87e-03	9.91e-01	1.13e-12
 6.62893e+18	9.81e-03	9.90e-01	1.23e-12
 6.66081e+18	1.07e-02	9.89e-01	1.32e-12
 6.68784e+18	1.15e-02	9.88e-01	1.42e-12
 6.71338e+18	1.24e-02	9.88e-01	1.53e-12
 6.73766e+18	1.34e-02	9.87e-01	1.65e-12
 6.75947e+18	1.44e-02	9.86e-01	1.77e-12
 6.77838e+18	1.54e-02	9.85e-01	1.90e-12
 6.79503e+18	1.64e-02	9.84e-01	2.03e-12
 6.81022e+18	1.74e-02	9.83e-01	2.16e-12
 6.82432e+18	1.84e-02	9.82e-01	2.30e-12
 6.83728e+18	1.94e-02	9.81e-01	2.45e-12
 6.84930e+18	2.04e-02	9.80e-01	2.60e-12
 6.86066e+18	2.15e-02	9.79e-01	2.76e-12
 6.87152e+18	2.25e-02	9.77e-01	2.94e-12
 6.88217e+18	2.37e-02	9.76e-01	3.14e-12
 6.89441e+18	2.52e-02	9.75e-01	3.40e-12
 6.90798e+18	2.70e-02	9.73e-01	3.73e-12
 6.92328e+18	2.94e-02	9.71e-01	4.16e-12
 6.94316e+18	3.32e-02	9.67e-01	4.86e-12
 6.96901e+18	3.95e-02	9.60e-01	6.09e-12
 6.99678e+18	4.97e-02	9.50e-01	8.03e-12
 7.02000e+18	6.31e-02	9.37e-01	1.10e-11
 7.03749e+18	7.84e-02	9.22e-01	1.46e-11
 7.05090e+18	9.52e-02	9.05e-01	1.93e-11
 7.06231e+18	1.15e-01	8.85e-01	2.56e-11
 7.07265e+18	1.39e-01	8.61e-01	3.50e-11
 7.08182e+18	1.69e-01	8.31e-01	4.89e-11
 7.08953e+18	2.03e-01	7.97e-01	6.89e-11
 7.09592e+18	2.40e-01	7.60e-01	9.65e-11
 7.10121e+18	2.79e-01	7.21e-01	1.34e-10
 7.10538e+18	3.15e-01	6.85e-01	1.78e-10
 7.10849e+18	3.48e-01	6.52e-01	2.28e-10
 7.11099e+18	3.75e-01	6.25e-01	2.76e-10
 7.11316e+18	4.01e-01	5.99e-01	3.35e-10
 7.11510e+18	4.26e-01	5.74e-01	4.01e-10
 7.11693e+18	4.50e-01	5.50e-01	4.77e-10
 7.11864e+18	4.74e-01	5.26e-01	5.66e-10
 7.12017e+18	4.96e-01	5.04e-01	6.63e-10
 7.12154e+18	5.16e-01	4.84e-01	7.64e-10
 7.12280e+18	5.35e-01	4.65e-01	8.83e-10
 7.12381e+18	5.50e-01	4.50e-01	9.82e-10
 7.12457e+18	5.62e-01	4.38e-01	1.07e-09
 7.12529e+18	5.73e-01	4.27e-01	1.17e-09
 7.12609e+18	5.85e-01	4.15e-01	1.29e-09
 7.12693e+18	5.99e-01	4.01e-01	1.43e-09
 7.12774e+18	6.11e-01	3.89e-01	1.58e-09
 7.12851e+18	6.23e-01	3.77e-01	1.73e-09
 7.12928e+18	6.36e-01	3.64e-01	1.92e-09
 7.13005e+18	6.47e-01	3.53e-01	2.11e-09
 7.13080e+18	6.59e-01	3.41e-01	2.35e-09
 7.13155e+18	6.70e-01	3.30e-01	2.57e-09
 7.13230e+18	6.82e-01	3.18e-01	2.86e-09
 7.13304e+18	6.93e-01	3.07e-01	3.18e-09
 7.13377e+18	7.04e-01	2.96e-01	3.51e-09
 7.13448e+18	7.15e-01	2.85e-01	3.89e-09
 7.13520e+18	7.25e-01	2.75e-01	4.31e-09
 7.13591e+18	7.35e-01	2.65e-01	4.81e-09
 7.13662e+18	7.45e-01	2.55e-01	5.33e-09
 7.13731e+18	7.55e-01	2.45e-01	5.92e-09
 7.13800e+18	7.64e-01	2.36e-01	6.56e-09
 7.13869e+18	7.73e-01	2.27e-01	7.29e-09
 7.13937e+18	7.82e-01	2.18e-01	8.11e-09
 7.14005e+18	7.91e-01	2.09e-01	9.01e-09
 7.14071e+18	7.99e-01	2.01e-01	9.98e-09
 7.14135e+18	8.07e-01	1.93e-01	1.10e-08
 7.14199e+18	8.14e-01	1.86e-01	1.22e-08
 7.14262e+18	8.22e-01	1.78e-01	1.34e-08
 7.14323e+18	8.29e-01	1.71e-01	1.48e-08
 7.14384e+18	8.35e-01	1.65e-01	1.62e-08
 7.14443e+18	8.42e-01	1.58e-01	1.77e-08
 7.14502e+18	8.48e-01	1.52e-01	1.92e-08
 7.14560e+18	8.54e-01	1.46e-01	2.08e-08
 7.14617e+18	8.60e-01	1.40e-01	2.25e-08
 7.14673e+18	8.65e-01	1.35e-01	2.41e-08
 7.14728e+18	8.70e-01	1.30e-01	2.57e-08
 7.14782e+18	8.76e-01	1.24e-01	2.72e-08
 7.14835e+18	8.80e-01	1.20e-01	2.87e-08
 7.14888e+18	8.85e-01	1.15e-01	3.00e-08
 7.14939e+18	8.90e-01	1.10e-01	3.11e-08
 7.14990e+18	8.94e-01	1.06e-01	3.19e-08
 7.15039e+18	8.98e-01	1.02e-01	3.26e-08
 7.15087e+18	9.02e-01	9.77e-02	3.31e-08
 7.15134e+18	9.06e-01	9.38e-02	3.35e-08
 7.15179e+18	9.10e-01	9.01e-02	3.37e-08
 7.15221e+18	9.13e-01	8.67e-02	3.39e-08
 7.15258e+18	9.16e-01	8.37e-02	3.40e-08
 7.15292e+18	9.19e-01	8.10e-02	3.41e-08
 7.15322e+18	9.22e-01	7.85e-02	3.42e-08
 7.15349e+18	9.24e-01	7.62e-02	3.43e-08
 7.15374e+18	9.26e-01	7.42e-02	3.44e-08
 7.15397e+18	9.28e-01	7.23e-02	3.46e-08
 7.15418e+18	9.29e-01	7.06e-02	3.48e-08
 7.15437e+18	9.31e-01	6.91e-02	3.50e-08
 7.15454e+18	9.32e-01	6.77e-02	3.52e-08
 7.15470e+18	9.34e-01	6.65e-02	3.54e-08
 7.15484e+18	9.35e-01	6.54e-02	3.57e-08
 7.15497e+18	9.36e-01	6.43e-02	3.59e-08
 7.15508e+18	9.37e-01	6.34e-02	3.62e-08
 7.15521e+18	9.38e-01	6.23e-02	3.65e-08
 7.15535e+18	9.39e-01	6.13e-02	3.69e-08
 7.15548e+18	9.40e-01	6.03e-02	3.73e-08
 7.15559e+18	9.41e-01	5.94e-02	3.76e-08
 7.15570e+18	9.41e-01	5.86e-02	3.79e-08
 7.15581e+18	9.42e-01	5.77e-02	3.83e-08
 7.15594e+18	9.43e-01	5.68e-02	3.88e-08
 7.15605e+18	9.44e-01	5.60e-02	3.92e-08
 7.15617e+18	9.45e-01	5.51e-02	3.97e-08
 7.15631e+18	9.46e-01	5.41e-02	4.03e-08
 7.15643e+18	9.47e-01	5.33e-02	4.08e-08
 7.15654e+18	9.47e-01	5.25e-02	4.13e-08
 7.15664e+18	9.48e-01	5.19e-02	4.18e-08
 7.15675e+18	9.49e-01	5.11e-02	4.24e-08
 7.15687e+18	9.50e-01	5.03e-02	4.31e-08
 7.15698e+18	9.50e-01	4.96e-02	4.37e-08
 7.15708e+18	9.51e-01	4.89e-02	4.43e-08
 7.15719e+18	9.52e-01	4.82e-02	4.50e-08
 7.15730e+18	9.53e-01	4.74e-02	4.57e-08
 7.15741e+18	9.53e-01	4.68e-02	4.64e-08
 7.15751e+18	9.54e-01	4.61e-02	4.71e-08
 7.15761e+18	9.55e-01	4.54e-02	4.79e-08
 7.15773e+18	9.55e-01	4.47e-02	4.87e-08
 7.15783e+18	9.56e-01	4.41e-02	4.95e-08
 7.15792e+18	9.56e-01	4.35e-02	5.03e-08
 7.15803e+18	9.57e-01	4.29e-02	5.12e-08
 7.15814e+18	9.58e-01	4.23e-02	5.21e-08
 7.15824e+18	9.58e-01	4.17e-02	5.30e-08
 7.15833e+18	9.59e-01	4.11e-02	5.38e-08
 7.15844e+18	9.59e-01	4.06e-02	5.47e-08
 7.15855e+18	9.60e-01	4.00e-02	5.57e-08
 7.15865e+18	9.61e-01	3.94e-02	5.66e-08
 7.15874e+18	9.61e-01	3.89e-02	5.75e-08
 7.15884e+18	9.62e-01	3.83e-02	5.85e-08
 7.15894e+18	9.62e-01	3.78e-02	5.95e-08
 7.15904e+18	9.63e-01	3.73e-02	6.05e-08
 7.15915e+18	9.63e-01	3.67e-02	6.17e-08
 7.15926e+18	9.64e-01	3.62e-02	6.23e-08
 7.15939e+18	9.64e-01	3.58e-02	6.23e-08
 7.15956e+18	9.65e-01	3.55e-02	6.22e-08
 7.15977e+18	9.65e-01	3.50e-02	6.22e-08
 7.16005e+18	9.66e-01	3.43e-02	6.22e-08
 7.16041e+18	9.67e-01	3.34e-02	6.21e-08
 7.16088e+18	9.68e-01	3.23e-02	6.21e-08
 7.16146e+18	9.69e-01	3.10e-02	6.20e-08
 7.16209e+18	9.70e-01	2.97e-02	6.19e-08
 7.16269e+18	9.72e-01	2.85e-02	6.19e-08
 7.16325e+18	9.73e-01	2.74e-02	6.18e-08
 7.16382e+18	9.74e-01	2.63e-02	6.17e-08
 7.16440e+18	9.75e-01	2.53e-02	6.17e-08
 7.16499e+18	9.76e-01	2.43e-02	6.16e-08
 7.16557e+18	9.77e-01	2.33e-02	6.16e-08
 7.16615e+18	9.78e-01	2.24e-02	6.15e-08
 7.16673e+18	9.78e-01	2.15e-02	6.14e-08
 7.16731e+18	9.79e-01	2.07e-02	6.14e-08
 7.16789e+18	9.80e-01	1.99e-02	6.13e-08
 7.16847e+18	9.81e-01	1.91e-02	6.13e-08
 7.16905e+18	9.82e-01	1.83e-02	6.12e-08
 7.16964e+18	9.82e-01	1.76e-02	6.12e-08
 7.17022e+18	9.83e-01	1.69e-02	6.11e-08
 7.17080e+18	9.84e-01	1.62e-02	6.11e-08
 7.17139e+18	9.84e-01	1.56e-02	6.10e-08
 7.17197e+18	9.85e-01	1.49e-02	6.10e-08
 7.17256e+18	9.86e-01	1.43e-02	6.10e-08
 7.17314e+18	9.86e-01	1.38e-02	6.09e-08
 7.17373e+18	9.87e-01	1.32e-02	6.09e-08
 7.17431e+18	9.87e-01	1.27e-02	6.08e-08
 7.17490e+18	9.88e-01	1.22e-02	6.08e-08
 7.17549e+18	9.88e-01	1.17e-02	6.08e-08
 7.17608e+18	9.89e-01	1.12e-02	6.07e-08
 7.17667e+18	9.89e-01	1.08e-02	6.07e-08
 7.17726e+18	9.90e-01	1.03e-02	6.07e-08
 7.17785e+18	9.90e-01	9.89e-03	6.07e-08
 7.17845e+18	9.91e-01	9.49e-03	6.06e-08
 7.17904e+18	9.91e-01	9.10e-03	6.06e-08
 7.17964e+18	9.91e-01	8.73e-03	6.06e-08
 7.18024e+18	9.92e-01	8.37e-03	6.06e-08
 7.18084e+18	9.92e-01	8.02e-03	6.05e-08
 7.18144e+18	9.92e-01	7.69e-03	6.05e-08
 7.18204e+18	9.93e-01	7.37e-03	6.05e-08
 7.18264e+18	9.93e-01	7.06e-03	6.05e-08
 7.18325e+18	9.93e-01	6.77e-03	6.05e-08
 7.18386e+18	9.94e-01	6.48e-03	6.04e-08
 7.18447e+18	9.94e-01	6.21e-03	6.04e-08
 7.18507e+18	9.94e-01	5.95e-03	6.04e-08
 7.18568e+18	9.94e-01	5.70e-03	6.04e-08
 7.18630e+18	9.95e-01	5.45e-03	6.04e-08
 7.18692e+18	9.95e-01	5.22e-03	6.04e-08
 7.18754e+18	9.95e-01	5.00e-03	6.04e-08
 7.18816e+18	9.95e-01	4.78e-03	6.04e-08
 7.18879e+18	9.95e-01	4.57e-03	6.04e-08
 7.18942e+18	9.96e-01	4.38e-03	6.04e-08
 7.19004e+18	9.96e-01	4.19e-03	6.03e-08
 7.19068e+18	9.96e-01	4.00e-03	6.03e-08
 7.19133e+18	9.96e-01	3.82e-03	6.03e-08
 7.19198e+18	9.96e-01	3.65e-03	6.03e-08
 7.19263e+18	9.97e-01	3.48e-03	6.03e-08
 7.19329e+18	9.97e-01	3.32e-03	6.03e-08
 7.19395e+18	9.97e-01	3.17e-03	6.03e-08
 7.19461e+18	9.97e-01	3.03e-03	6.03e-08
 7.19528e+18	9.97e-01	2.89e-03	6.03e-08
 7.19596e+18	9.97e-01	2.75e-03	6.03e-08
 7.19665e+18	9.97e-01	2.62e-03	6.03e-08
 7.19734e+18	9.98e-01	2.49e-03	6.03e-08
 7.19804e+18	9.98e-01	2.37e-03	6.03e-08
 7.19874e+18	9.98e-01	2.26e-03	6.03e-08
 7.19945e+18	9.98e-01	2.14e-03	6.03e-08
 7.20018e+18	9.98e-01	2.04e-03	6.04e-08
 7.20091e+18	9.98e-01	1.96e-03	6.04e-08
 7.20159e+18	9.98e-01	1.86e-03	6.04e-08
 7.20230e+18	9.98e-01	1.77e-03	6.04e-08
 7.20305e+18	9.98e-01	1.68e-03	6.04e-08
 7.20385e+18	9.98e-01	1.59e-03	6.04e-08
 7.20475e+18	9.99e-01	1.50e-03	6.04e-08
 7.20553e+18	9.99e-01	1.43e-03	6.04e-08
 7.20628e+18	9.99e-01	1.35e-03	6.04e-08
 7.20720e+18	9.99e-01	1.27e-03	6.04e-08
 7.20816e+18	9.99e-01	1.20e-03	6.05e-08
 7.20908e+18	9.99e-01	1.13e-03	6.05e-08
 7.21000e+18	9.99e-01	1.07e-03	6.05e-08
 7.21100e+18	9.99e-01	1.00e-03	6.05e-08
 7.21197e+18	9.99e-01	9.57e-04	6.05e-08
 7.21295e+18	9.99e-01	8.99e-04	6.05e-08
 7.21396e+18	9.99e-01	8.57e-04	6.06e-08
 7.21501e+18	9.99e-01	8.06e-04	6.06e-08
 7.21615e+18	9.99e-01	7.58e-04	6.06e-08
 7.21743e+18	9.99e-01	7.13e-04	6.06e-08
 7.21870e+18	9.99e-01	6.73e-04	6.07e-08
 7.21999e+18	9.99e-01	6.32e-04	6.07e-08
 7.22161e+18	9.99e-01	5.91e-04	6.07e-08
 7.22355e+18	9.99e-01	5.53e-04	6.08e-08
 7.22546e+18	9.99e-01	5.26e-04	6.08e-08
 7.22751e+18	1.00e+00	4.86e-04	6.09e-08
 7.23016e+18	1.00e+00	4.56e-04	6.09e-08
 7.23361e+18	1.00e+00	4.26e-04	6.10e-08
 7.23747e+18	1.00e+00	4.06e-04	6.11e-08
 7.24185e+18	1.00e+00	3.81e-04	6.12e-08
