#depth	He	He+	He+2
 1.16438e+13	1.31e-04	8.27e-01	1.72e-01
 6.98631e+13	1.31e-04	8.27e-01	1.72e-01
 3.02740e+14	1.31e-04	8.27e-01	1.72e-01
 1.23425e+15	1.31e-04	8.28e-01	1.72e-01
 2.94822e+15	1.31e-04	8.27e-01	1.73e-01
 5.17639e+15	1.32e-04	8.27e-01	1.73e-01
 8.07301e+15	1.32e-04	8.28e-01	1.72e-01
 1.18386e+16	1.33e-04	8.29e-01	1.71e-01
 1.67339e+16	1.34e-04	8.32e-01	1.68e-01
 2.30978e+16	1.35e-04	8.37e-01	1.63e-01
 3.13708e+16	1.37e-04	8.44e-01	1.56e-01
 4.21257e+16	1.40e-04	8.54e-01	1.45e-01
 5.61071e+16	1.43e-04	8.69e-01	1.31e-01
 7.42830e+16	1.48e-04	8.88e-01	1.12e-01
 9.79116e+16	1.54e-04	9.11e-01	8.91e-02
 1.28629e+17	1.62e-04	9.36e-01	6.39e-02
 1.68561e+17	1.70e-04	9.60e-01	3.99e-02
 2.20473e+17	1.79e-04	9.79e-01	2.08e-02
 2.87959e+17	1.89e-04	9.91e-01	8.75e-03
 3.75690e+17	2.01e-04	9.97e-01	2.85e-03
 4.46541e+17	2.10e-04	9.99e-01	1.10e-03
 4.91195e+17	2.16e-04	9.99e-01	6.38e-04
 5.40315e+17	2.23e-04	9.99e-01	3.55e-04
 5.94346e+17	2.30e-04	1.00e+00	1.90e-04
 6.53781e+17	2.38e-04	1.00e+00	9.82e-05
 7.19159e+17	2.48e-04	1.00e+00	4.91e-05
 7.91075e+17	2.58e-04	1.00e+00	2.38e-05
 8.70182e+17	2.70e-04	1.00e+00	1.12e-05
 9.57201e+17	2.84e-04	1.00e+00	5.17e-06
 1.05292e+18	2.99e-04	1.00e+00	2.33e-06
 1.15821e+18	3.17e-04	1.00e+00	1.03e-06
 1.27403e+18	3.37e-04	1.00e+00	4.45e-07
 1.40144e+18	3.60e-04	1.00e+00	1.88e-07
 1.54158e+18	3.86e-04	1.00e+00	7.81e-08
 1.69574e+18	4.17e-04	1.00e+00	3.17e-08
 1.86531e+18	4.53e-04	1.00e+00	1.25e-08
 2.05184e+18	4.95e-04	1.00e+00	4.85e-09
 2.25254e+18	5.44e-04	9.99e-01	1.87e-09
 2.46264e+18	5.98e-04	9.99e-01	7.35e-10
 2.68115e+18	6.59e-04	9.99e-01	2.96e-10
 2.90840e+18	7.28e-04	9.99e-01	1.22e-10
 3.14473e+18	8.05e-04	9.99e-01	5.14e-11
 3.39052e+18	8.94e-04	9.99e-01	2.22e-11
 3.64614e+18	9.95e-04	9.99e-01	9.86e-12
 3.91199e+18	1.11e-03	9.99e-01	4.57e-12
 4.18847e+18	1.25e-03	9.99e-01	2.25e-12
 4.47601e+18	1.41e-03	9.99e-01	1.20e-12
 4.77505e+18	1.60e-03	9.98e-01	7.06e-13
 5.07315e+18	1.81e-03	9.98e-01	4.64e-13
 5.32828e+18	2.02e-03	9.98e-01	3.46e-13
 5.53576e+18	2.22e-03	9.98e-01	2.87e-13
 5.76113e+18	2.46e-03	9.98e-01	2.42e-13
 6.01212e+18	2.77e-03	9.97e-01	1.99e-13
 6.24201e+18	3.10e-03	9.97e-01	1.70e-13
 6.44663e+18	3.44e-03	9.97e-01	1.50e-13
 6.67279e+18	3.90e-03	9.96e-01	1.33e-13
 6.90973e+18	4.45e-03	9.96e-01	1.14e-13
 7.10528e+18	5.02e-03	9.95e-01	1.02e-13
 7.27165e+18	5.60e-03	9.94e-01	9.41e-14
 7.45548e+18	6.39e-03	9.94e-01	8.60e-14
 7.64829e+18	7.41e-03	9.93e-01	7.56e-14
 7.78740e+18	8.31e-03	9.92e-01	6.91e-14
 7.87576e+18	9.04e-03	9.91e-01	6.68e-14
 7.96352e+18	9.88e-03	9.90e-01	6.43e-14
 8.07761e+18	1.12e-02	9.89e-01	5.99e-14
 8.19218e+18	1.27e-02	9.87e-01	5.44e-14
 8.27733e+18	1.42e-02	9.86e-01	5.13e-14
 8.34325e+18	1.57e-02	9.84e-01	4.93e-14
 8.41419e+18	1.75e-02	9.82e-01	4.70e-14
 8.49117e+18	2.00e-02	9.80e-01	4.36e-14
 8.55805e+18	2.27e-02	9.77e-01	4.08e-14
 8.61392e+18	2.56e-02	9.74e-01	3.86e-14
 8.66518e+18	2.89e-02	9.71e-01	3.65e-14
 8.72357e+18	3.37e-02	9.66e-01	3.42e-14
 8.78358e+18	4.03e-02	9.60e-01	3.09e-14
 8.83074e+18	4.75e-02	9.53e-01	2.85e-14
 8.86852e+18	5.52e-02	9.45e-01	2.67e-14
 8.90240e+18	6.43e-02	9.36e-01	2.47e-14
 8.93351e+18	7.53e-02	9.25e-01	2.29e-14
 8.95931e+18	8.70e-02	9.13e-01	2.11e-14
 8.97923e+18	9.87e-02	9.01e-01	1.97e-14
 8.99670e+18	1.11e-01	8.89e-01	1.85e-14
 9.01373e+18	1.27e-01	8.73e-01	1.71e-14
 9.03007e+18	1.45e-01	8.55e-01	1.57e-14
 9.04468e+18	1.66e-01	8.34e-01	1.43e-14
 9.05744e+18	1.88e-01	8.12e-01	1.30e-14
 9.06888e+18	2.12e-01	7.88e-01	1.18e-14
 9.07947e+18	2.38e-01	7.62e-01	1.06e-14
 9.08940e+18	2.68e-01	7.32e-01	9.49e-15
 9.09858e+18	3.02e-01	6.98e-01	8.40e-15
 9.10678e+18	3.35e-01	6.65e-01	7.38e-15
 9.11422e+18	3.71e-01	6.29e-01	6.48e-15
 9.12123e+18	4.09e-01	5.91e-01	5.62e-15
 9.12780e+18	4.48e-01	5.52e-01	4.83e-15
 9.13395e+18	4.89e-01	5.11e-01	4.11e-15
 9.13960e+18	5.28e-01	4.72e-01	3.49e-15
 9.14483e+18	5.65e-01	4.35e-01	2.96e-15
 9.14987e+18	6.02e-01	3.98e-01	2.49e-15
 9.15473e+18	6.38e-01	3.62e-01	2.07e-15
 9.15906e+18	6.68e-01	3.32e-01	1.74e-15
 9.16253e+18	6.91e-01	3.09e-01	1.51e-15
 9.16520e+18	7.08e-01	2.92e-01	1.36e-15
 9.16745e+18	7.21e-01	2.79e-01	1.24e-15
 9.16952e+18	7.33e-01	2.67e-01	1.14e-15
 9.17146e+18	7.44e-01	2.56e-01	1.05e-15
 9.17327e+18	7.53e-01	2.47e-01	9.71e-16
 9.17493e+18	7.62e-01	2.38e-01	9.03e-16
 9.17645e+18	7.68e-01	2.32e-01	8.49e-16
 9.17786e+18	7.75e-01	2.25e-01	8.00e-16
 9.17898e+18	7.79e-01	2.21e-01	7.63e-16
 9.17977e+18	7.82e-01	2.18e-01	7.42e-16
 9.18052e+18	7.85e-01	2.15e-01	7.21e-16
 9.18138e+18	7.88e-01	2.12e-01	6.95e-16
 9.18230e+18	7.92e-01	2.08e-01	6.68e-16
 9.18319e+18	7.95e-01	2.05e-01	6.44e-16
 9.18404e+18	7.98e-01	2.02e-01	6.23e-16
 9.18488e+18	8.00e-01	2.00e-01	6.03e-16
 9.18573e+18	8.03e-01	1.97e-01	5.83e-16
 9.18657e+18	8.06e-01	1.94e-01	5.64e-16
 9.18740e+18	8.08e-01	1.92e-01	5.47e-16
 9.18824e+18	8.10e-01	1.90e-01	5.29e-16
 9.18906e+18	8.12e-01	1.88e-01	5.13e-16
 9.18988e+18	8.15e-01	1.85e-01	4.97e-16
 9.19070e+18	8.16e-01	1.84e-01	4.83e-16
 9.19153e+18	8.19e-01	1.81e-01	4.67e-16
 9.19235e+18	8.20e-01	1.80e-01	4.54e-16
 9.19316e+18	8.22e-01	1.78e-01	4.41e-16
 9.19398e+18	8.24e-01	1.76e-01	4.28e-16
 9.19480e+18	8.26e-01	1.74e-01	4.15e-16
 9.19562e+18	8.27e-01	1.73e-01	4.04e-16
 9.19643e+18	8.29e-01	1.71e-01	3.92e-16
 9.19725e+18	8.30e-01	1.70e-01	3.82e-16
 9.19808e+18	8.32e-01	1.68e-01	3.71e-16
 9.19890e+18	8.33e-01	1.67e-01	3.61e-16
 9.19972e+18	8.35e-01	1.65e-01	3.50e-16
 9.20054e+18	8.36e-01	1.64e-01	3.41e-16
 9.20137e+18	8.38e-01	1.62e-01	3.32e-16
 9.20220e+18	8.39e-01	1.61e-01	3.23e-16
 9.20303e+18	8.41e-01	1.59e-01	3.14e-16
 9.20386e+18	8.42e-01	1.58e-01	3.05e-16
 9.20469e+18	8.44e-01	1.56e-01	2.97e-16
 9.20553e+18	8.45e-01	1.55e-01	2.89e-16
 9.20636e+18	8.47e-01	1.53e-01	2.81e-16
 9.20720e+18	8.48e-01	1.52e-01	2.74e-16
 9.20805e+18	8.50e-01	1.50e-01	2.66e-16
 9.20890e+18	8.51e-01	1.49e-01	2.59e-16
 9.20976e+18	8.53e-01	1.47e-01	2.52e-16
 9.21062e+18	8.54e-01	1.46e-01	2.45e-16
 9.21148e+18	8.56e-01	1.44e-01	2.38e-16
 9.21236e+18	8.58e-01	1.42e-01	2.32e-16
 9.21325e+18	8.59e-01	1.41e-01	2.25e-16
 9.21415e+18	8.61e-01	1.39e-01	2.19e-16
 9.21505e+18	8.63e-01	1.37e-01	2.12e-16
 9.21596e+18	8.65e-01	1.35e-01	2.06e-16
 9.21689e+18	8.67e-01	1.33e-01	2.00e-16
 9.21783e+18	8.69e-01	1.31e-01	1.94e-16
 9.21878e+18	8.71e-01	1.29e-01	1.88e-16
 9.21975e+18	8.73e-01	1.27e-01	1.82e-16
 9.22073e+18	8.75e-01	1.25e-01	1.76e-16
 9.22173e+18	8.77e-01	1.23e-01	1.71e-16
 9.22274e+18	8.80e-01	1.20e-01	1.65e-16
 9.22377e+18	8.82e-01	1.18e-01	1.60e-16
 9.22482e+18	8.84e-01	1.16e-01	1.55e-16
 9.22589e+18	8.87e-01	1.13e-01	1.49e-16
 9.22698e+18	8.89e-01	1.11e-01	1.44e-16
 9.22808e+18	8.92e-01	1.08e-01	1.39e-16
 9.22921e+18	8.94e-01	1.06e-01	1.34e-16
 9.23035e+18	8.97e-01	1.03e-01	1.29e-16
 9.23152e+18	9.00e-01	1.00e-01	1.25e-16
 9.23270e+18	9.02e-01	9.76e-02	1.20e-16
 9.23391e+18	9.05e-01	9.49e-02	1.16e-16
 9.23514e+18	9.08e-01	9.22e-02	1.11e-16
 9.23639e+18	9.11e-01	8.94e-02	1.07e-16
 9.23765e+18	9.13e-01	8.67e-02	1.03e-16
 9.23894e+18	9.16e-01	8.40e-02	9.90e-17
 9.24025e+18	9.19e-01	8.12e-02	9.52e-17
 9.24157e+18	9.21e-01	7.85e-02	9.15e-17
 9.24292e+18	9.24e-01	7.58e-02	8.79e-17
 9.24428e+18	9.27e-01	7.32e-02	8.45e-17
 9.24565e+18	9.29e-01	7.06e-02	8.13e-17
 9.24705e+18	9.32e-01	6.80e-02	7.81e-17
 9.24845e+18	9.34e-01	6.55e-02	7.51e-17
 9.24987e+18	9.37e-01	6.30e-02	7.23e-17
 9.25130e+18	9.39e-01	6.06e-02	6.95e-17
 9.25274e+18	9.42e-01	5.83e-02	6.69e-17
 9.25418e+18	9.44e-01	5.60e-02	6.44e-17
 9.25564e+18	9.46e-01	5.38e-02	6.20e-17
 9.25710e+18	9.48e-01	5.17e-02	5.98e-17
 9.25855e+18	9.50e-01	4.97e-02	5.77e-17
 9.26001e+18	9.52e-01	4.77e-02	5.56e-17
 9.26149e+18	9.54e-01	4.58e-02	5.37e-17
 9.26296e+18	9.56e-01	4.40e-02	5.18e-17
 9.26443e+18	9.58e-01	4.22e-02	5.01e-17
 9.26590e+18	9.59e-01	4.05e-02	4.84e-17
 9.26737e+18	9.61e-01	3.89e-02	4.68e-17
 9.26883e+18	9.63e-01	3.74e-02	4.53e-17
 9.27030e+18	9.64e-01	3.59e-02	4.38e-17
 9.27176e+18	9.66e-01	3.44e-02	4.24e-17
 9.27322e+18	9.67e-01	3.30e-02	4.10e-17
 9.27466e+18	9.68e-01	3.17e-02	3.97e-17
 9.27611e+18	9.70e-01	3.04e-02	3.84e-17
 9.27754e+18	9.71e-01	2.92e-02	3.72e-17
 9.27897e+18	9.72e-01	2.81e-02	3.61e-17
 9.28038e+18	9.73e-01	2.70e-02	3.50e-17
 9.28179e+18	9.74e-01	2.59e-02	3.39e-17
 9.28318e+18	9.75e-01	2.50e-02	3.29e-17
 9.28456e+18	9.76e-01	2.40e-02	3.19e-17
 9.28592e+18	9.77e-01	2.31e-02	3.10e-17
 9.28725e+18	9.78e-01	2.23e-02	3.01e-17
 9.28852e+18	9.78e-01	2.16e-02	2.93e-17
 9.28969e+18	9.79e-01	2.09e-02	2.85e-17
 9.29078e+18	9.80e-01	2.03e-02	2.78e-17
 9.29182e+18	9.80e-01	1.97e-02	2.72e-17
 9.29282e+18	9.81e-01	1.92e-02	2.66e-17
 9.29378e+18	9.81e-01	1.87e-02	2.60e-17
 9.29469e+18	9.82e-01	1.83e-02	2.54e-17
 9.29553e+18	9.82e-01	1.79e-02	2.50e-17
 9.29632e+18	9.82e-01	1.75e-02	2.45e-17
 9.29709e+18	9.83e-01	1.72e-02	2.40e-17
 9.29783e+18	9.83e-01	1.69e-02	2.36e-17
 9.29854e+18	9.83e-01	1.66e-02	2.32e-17
 9.29922e+18	9.84e-01	1.63e-02	2.28e-17
 9.29986e+18	9.84e-01	1.60e-02	2.24e-17
 9.30044e+18	9.84e-01	1.58e-02	2.21e-17
 9.30097e+18	9.84e-01	1.55e-02	2.18e-17
 9.30145e+18	9.85e-01	1.54e-02	2.15e-17
 9.30188e+18	9.85e-01	1.52e-02	2.12e-17
 9.30236e+18	9.85e-01	1.50e-02	2.09e-17
 9.30288e+18	9.85e-01	1.48e-02	2.06e-17
 9.30335e+18	9.85e-01	1.46e-02	2.04e-17
 9.30378e+18	9.86e-01	1.44e-02	2.01e-17
 9.30417e+18	9.86e-01	1.43e-02	1.99e-17
 9.30459e+18	9.86e-01	1.41e-02	1.97e-17
 9.30515e+18	9.86e-01	1.39e-02	1.93e-17
 9.30575e+18	9.86e-01	1.37e-02	1.90e-17
 9.30629e+18	9.87e-01	1.34e-02	1.87e-17
 9.30679e+18	9.87e-01	1.33e-02	1.85e-17
 9.30724e+18	9.87e-01	1.31e-02	1.82e-17
 9.30765e+18	9.87e-01	1.30e-02	1.80e-17
 9.30810e+18	9.87e-01	1.28e-02	1.78e-17
 9.30868e+18	9.87e-01	1.26e-02	1.75e-17
 9.30932e+18	9.88e-01	1.23e-02	1.72e-17
 9.30989e+18	9.88e-01	1.21e-02	1.69e-17
 9.31041e+18	9.88e-01	1.20e-02	1.67e-17
 9.31089e+18	9.88e-01	1.18e-02	1.65e-17
 9.31132e+18	9.88e-01	1.16e-02	1.63e-17
 9.31172e+18	9.88e-01	1.15e-02	1.61e-17
 9.31215e+18	9.89e-01	1.14e-02	1.59e-17
 9.31261e+18	9.89e-01	1.12e-02	1.57e-17
 9.31312e+18	9.89e-01	1.10e-02	1.54e-17
 9.31368e+18	9.89e-01	1.09e-02	1.52e-17
 9.31418e+18	9.89e-01	1.07e-02	1.49e-17
 9.31463e+18	9.89e-01	1.06e-02	1.48e-17
 9.31505e+18	9.90e-01	1.04e-02	1.46e-17
 9.31543e+18	9.90e-01	1.03e-02	1.44e-17
 9.31584e+18	9.90e-01	1.02e-02	1.42e-17
 9.31629e+18	9.90e-01	1.00e-02	1.40e-17
 9.31670e+18	9.90e-01	9.89e-03	1.38e-17
 9.31707e+18	9.90e-01	9.78e-03	1.37e-17
 9.31747e+18	9.90e-01	9.65e-03	1.35e-17
 9.31791e+18	9.90e-01	9.52e-03	1.33e-17
 9.31831e+18	9.91e-01	9.40e-03	1.32e-17
 9.31867e+18	9.91e-01	9.29e-03	1.30e-17
 9.31907e+18	9.91e-01	9.17e-03	1.29e-17
 9.31959e+18	9.91e-01	9.01e-03	1.26e-17
 9.32015e+18	9.91e-01	8.86e-03	1.24e-17
 9.32065e+18	9.91e-01	8.72e-03	1.22e-17
 9.32112e+18	9.91e-01	8.62e-03	1.22e-17
 9.32162e+18	9.92e-01	8.49e-03	1.20e-17
 9.32228e+18	9.92e-01	8.35e-03	1.20e-17
 9.32314e+18	9.92e-01	8.16e-03	1.18e-17
 9.32425e+18	9.92e-01	7.93e-03	1.17e-17
 9.32570e+18	9.92e-01	7.64e-03	1.15e-17
 9.32754e+18	9.93e-01	7.30e-03	1.13e-17
 9.32955e+18	9.93e-01	6.98e-03	1.11e-17
 9.33135e+18	9.93e-01	6.69e-03	1.09e-17
 9.33300e+18	9.94e-01	6.42e-03	1.07e-17
 9.33479e+18	9.94e-01	6.13e-03	1.04e-17
 9.33684e+18	9.94e-01	5.81e-03	1.01e-17
 9.33891e+18	9.94e-01	5.52e-03	9.88e-18
 9.34083e+18	9.95e-01	5.26e-03	9.63e-18
 9.34269e+18	9.95e-01	5.01e-03	9.36e-18
 9.34468e+18	9.95e-01	4.75e-03	9.07e-18
 9.34678e+18	9.96e-01	4.50e-03	8.78e-18
 9.34886e+18	9.96e-01	4.26e-03	8.51e-18
 9.35086e+18	9.96e-01	4.04e-03	8.24e-18
 9.35286e+18	9.96e-01	3.83e-03	7.97e-18
 9.35494e+18	9.96e-01	3.62e-03	7.69e-18
 9.35707e+18	9.97e-01	3.42e-03	7.41e-18
 9.35916e+18	9.97e-01	3.23e-03	7.14e-18
 9.36123e+18	9.97e-01	3.05e-03	6.88e-18
 9.36331e+18	9.97e-01	2.88e-03	6.62e-18
 9.36545e+18	9.97e-01	2.72e-03	6.36e-18
 9.36760e+18	9.97e-01	2.56e-03	6.10e-18
 9.36973e+18	9.98e-01	2.41e-03	5.86e-18
 9.37186e+18	9.98e-01	2.28e-03	5.61e-18
 9.37401e+18	9.98e-01	2.14e-03	5.37e-18
 9.37619e+18	9.98e-01	2.01e-03	5.14e-18
 9.37838e+18	9.98e-01	1.89e-03	4.91e-18
 9.38056e+18	9.98e-01	1.78e-03	4.69e-18
 9.38275e+18	9.98e-01	1.67e-03	4.47e-18
 9.38495e+18	9.98e-01	1.57e-03	4.26e-18
 9.38718e+18	9.99e-01	1.47e-03	4.05e-18
 9.38941e+18	9.99e-01	1.38e-03	3.85e-18
