#depth	H	H+	H2
 1.09260e+13	4.42e-05	1.00e+00	2.55e-16
 6.55562e+13	4.42e-05	1.00e+00	2.56e-16
 2.84077e+14	4.42e-05	1.00e+00	2.56e-16
 1.15816e+15	4.43e-05	1.00e+00	2.58e-16
 2.76647e+15	4.43e-05	1.00e+00	2.60e-16
 4.85728e+15	4.44e-05	1.00e+00	2.62e-16
 7.57533e+15	4.45e-05	1.00e+00	2.64e-16
 1.11088e+16	4.46e-05	1.00e+00	2.67e-16
 1.57023e+16	4.48e-05	1.00e+00	2.70e-16
 2.16739e+16	4.49e-05	1.00e+00	2.74e-16
 2.94369e+16	4.52e-05	1.00e+00	2.79e-16
 3.95288e+16	4.55e-05	1.00e+00	2.85e-16
 5.26483e+16	4.59e-05	1.00e+00	2.92e-16
 6.97037e+16	4.64e-05	1.00e+00	3.01e-16
 9.18756e+16	4.70e-05	1.00e+00	3.13e-16
 1.20699e+17	4.79e-05	1.00e+00	3.28e-16
 1.58170e+17	4.91e-05	1.00e+00	3.48e-16
 2.06882e+17	5.07e-05	1.00e+00	3.73e-16
 2.70207e+17	5.28e-05	1.00e+00	4.07e-16
 3.52530e+17	5.58e-05	1.00e+00	4.54e-16
 4.19013e+17	5.79e-05	1.00e+00	4.95e-16
 4.60915e+17	5.94e-05	1.00e+00	5.20e-16
 5.07006e+17	6.12e-05	1.00e+00	5.50e-16
 5.57707e+17	6.32e-05	1.00e+00	5.84e-16
 6.13477e+17	6.55e-05	1.00e+00	6.27e-16
 6.74825e+17	6.80e-05	1.00e+00	6.71e-16
 7.42308e+17	7.09e-05	1.00e+00	7.27e-16
 8.16538e+17	7.42e-05	1.00e+00	7.91e-16
 8.98192e+17	7.80e-05	1.00e+00	8.68e-16
 9.88011e+17	8.24e-05	1.00e+00	9.57e-16
 1.08681e+18	8.74e-05	1.00e+00	1.07e-15
 1.19549e+18	9.31e-05	1.00e+00	1.20e-15
 1.31504e+18	9.98e-05	1.00e+00	1.36e-15
 1.44655e+18	1.08e-04	1.00e+00	1.56e-15
 1.59120e+18	1.17e-04	1.00e+00	1.81e-15
 1.75032e+18	1.28e-04	1.00e+00	2.12e-15
 1.92535e+18	1.40e-04	1.00e+00	2.51e-15
 2.11738e+18	1.56e-04	1.00e+00	3.03e-15
 2.32207e+18	1.74e-04	1.00e+00	3.68e-15
 2.53496e+18	1.94e-04	1.00e+00	4.48e-15
 2.75636e+18	2.18e-04	1.00e+00	5.50e-15
 2.98661e+18	2.46e-04	1.00e+00	6.78e-15
 3.22607e+18	2.78e-04	1.00e+00	8.39e-15
 3.47512e+18	3.17e-04	1.00e+00	1.05e-14
 3.73412e+18	3.63e-04	1.00e+00	1.31e-14
 4.00349e+18	4.19e-04	1.00e+00	1.66e-14
 4.27469e+18	4.85e-04	1.00e+00	2.10e-14
 4.49648e+18	5.46e-04	9.99e-01	2.53e-14
 4.65733e+18	5.97e-04	9.99e-01	2.88e-14
 4.82509e+18	6.59e-04	9.99e-01	3.34e-14
 5.04318e+18	7.52e-04	9.99e-01	4.02e-14
 5.26028e+18	8.57e-04	9.99e-01	4.81e-14
 5.42554e+18	9.51e-04	9.99e-01	5.51e-14
 5.56740e+18	1.04e-03	9.99e-01	6.20e-14
 5.72938e+18	1.17e-03	9.99e-01	7.16e-14
 5.90353e+18	1.33e-03	9.99e-01	8.32e-14
 6.05333e+18	1.48e-03	9.99e-01	9.49e-14
 6.18184e+18	1.64e-03	9.98e-01	1.07e-13
 6.32283e+18	1.86e-03	9.98e-01	1.22e-13
 6.47038e+18	2.12e-03	9.98e-01	1.42e-13
 6.58801e+18	2.37e-03	9.98e-01	1.60e-13
 6.68181e+18	2.61e-03	9.97e-01	1.77e-13
 6.78309e+18	2.91e-03	9.97e-01	1.99e-13
 6.89285e+18	3.31e-03	9.97e-01	2.28e-13
 6.98751e+18	3.72e-03	9.96e-01	2.58e-13
 7.06619e+18	4.14e-03	9.96e-01	2.89e-13
 7.13855e+18	4.59e-03	9.95e-01	3.22e-13
 7.22100e+18	5.22e-03	9.95e-01	3.70e-13
 7.30497e+18	6.02e-03	9.94e-01	4.30e-13
 7.37006e+18	6.81e-03	9.93e-01	4.91e-13
 7.42269e+18	7.57e-03	9.92e-01	5.48e-13
 7.47993e+18	8.60e-03	9.91e-01	6.31e-13
 7.54162e+18	9.99e-03	9.90e-01	7.42e-13
 7.59434e+18	1.16e-02	9.88e-01	8.72e-13
 7.63812e+18	1.32e-02	9.87e-01	1.01e-12
 7.67882e+18	1.51e-02	9.85e-01	1.18e-12
 7.71509e+18	1.73e-02	9.83e-01	1.37e-12
 7.74333e+18	1.95e-02	9.80e-01	1.56e-12
 7.76577e+18	2.16e-02	9.78e-01	1.75e-12
 7.78559e+18	2.38e-02	9.76e-01	1.96e-12
 7.80492e+18	2.63e-02	9.74e-01	2.21e-12
 7.82344e+18	2.93e-02	9.71e-01	2.50e-12
 7.84017e+18	3.25e-02	9.68e-01	2.83e-12
 7.85501e+18	3.59e-02	9.64e-01	3.19e-12
 7.86848e+18	3.96e-02	9.60e-01	3.59e-12
 7.88105e+18	4.37e-02	9.56e-01	4.06e-12
 7.89283e+18	4.83e-02	9.52e-01	4.60e-12
 7.90380e+18	5.34e-02	9.47e-01	5.24e-12
 7.91402e+18	5.91e-02	9.41e-01	5.99e-12
 7.92367e+18	6.54e-02	9.35e-01	6.87e-12
 7.93302e+18	7.31e-02	9.27e-01	8.00e-12
 7.94210e+18	8.19e-02	9.18e-01	9.39e-12
 7.95089e+18	9.26e-02	9.07e-01	1.12e-11
 7.95952e+18	1.06e-01	8.94e-01	1.37e-11
 7.96792e+18	1.22e-01	8.78e-01	1.70e-11
 7.97600e+18	1.43e-01	8.57e-01	2.18e-11
 7.98362e+18	1.67e-01	8.33e-01	2.83e-11
 7.99076e+18	1.97e-01	8.03e-01	3.78e-11
 7.99734e+18	2.34e-01	7.66e-01	5.21e-11
 8.00300e+18	2.74e-01	7.26e-01	7.11e-11
 8.00735e+18	3.12e-01	6.88e-01	9.39e-11
 8.01043e+18	3.44e-01	6.56e-01	1.18e-10
 8.01285e+18	3.70e-01	6.30e-01	1.39e-10
 8.01500e+18	3.96e-01	6.04e-01	1.67e-10
 8.01702e+18	4.20e-01	5.80e-01	1.95e-10
 8.01892e+18	4.46e-01	5.54e-01	2.30e-10
 8.02059e+18	4.69e-01	5.31e-01	2.67e-10
 8.02212e+18	4.90e-01	5.10e-01	3.05e-10
 8.02354e+18	5.12e-01	4.88e-01	3.50e-10
 8.02487e+18	5.31e-01	4.69e-01	3.95e-10
 8.02596e+18	5.47e-01	4.53e-01	4.36e-10
 8.02674e+18	5.59e-01	4.41e-01	4.72e-10
 8.02745e+18	5.70e-01	4.30e-01	5.08e-10
 8.02823e+18	5.83e-01	4.17e-01	5.52e-10
 8.02907e+18	5.96e-01	4.04e-01	6.00e-10
 8.02989e+18	6.08e-01	3.92e-01	6.53e-10
 8.03069e+18	6.21e-01	3.79e-01	7.09e-10
 8.03147e+18	6.33e-01	3.67e-01	7.70e-10
 8.03225e+18	6.44e-01	3.56e-01	8.35e-10
 8.03302e+18	6.56e-01	3.44e-01	9.08e-10
 8.03379e+18	6.68e-01	3.32e-01	9.87e-10
 8.03454e+18	6.79e-01	3.21e-01	1.07e-09
 8.03529e+18	6.90e-01	3.10e-01	1.17e-09
 8.03604e+18	7.01e-01	2.99e-01	1.27e-09
 8.03678e+18	7.12e-01	2.88e-01	1.38e-09
 8.03752e+18	7.22e-01	2.78e-01	1.50e-09
 8.03825e+18	7.33e-01	2.67e-01	1.63e-09
 8.03898e+18	7.43e-01	2.57e-01	1.78e-09
 8.03970e+18	7.52e-01	2.48e-01	1.93e-09
 8.04042e+18	7.62e-01	2.38e-01	2.11e-09
 8.04113e+18	7.71e-01	2.29e-01	2.29e-09
 8.04184e+18	7.80e-01	2.20e-01	2.50e-09
 8.04253e+18	7.89e-01	2.11e-01	2.72e-09
 8.04323e+18	7.97e-01	2.03e-01	2.96e-09
 8.04392e+18	8.05e-01	1.95e-01	3.23e-09
 8.04460e+18	8.13e-01	1.87e-01	3.50e-09
 8.04526e+18	8.20e-01	1.80e-01	3.83e-09
 8.04592e+18	8.27e-01	1.73e-01	4.14e-09
 8.04657e+18	8.34e-01	1.66e-01	4.52e-09
 8.04721e+18	8.40e-01	1.60e-01	4.91e-09
 8.04785e+18	8.47e-01	1.53e-01	5.33e-09
 8.04848e+18	8.53e-01	1.47e-01	5.80e-09
 8.04911e+18	8.59e-01	1.41e-01	6.29e-09
 8.04973e+18	8.64e-01	1.36e-01	6.83e-09
 8.05034e+18	8.69e-01	1.31e-01	7.42e-09
 8.05095e+18	8.75e-01	1.25e-01	8.07e-09
 8.05156e+18	8.80e-01	1.20e-01	8.76e-09
 8.05216e+18	8.84e-01	1.16e-01	9.51e-09
 8.05276e+18	8.89e-01	1.11e-01	1.03e-08
 8.05334e+18	8.93e-01	1.07e-01	1.11e-08
 8.05393e+18	8.97e-01	1.03e-01	1.21e-08
 8.05451e+18	9.01e-01	9.86e-02	1.31e-08
 8.05509e+18	9.05e-01	9.47e-02	1.41e-08
 8.05567e+18	9.09e-01	9.10e-02	1.53e-08
 8.05625e+18	9.13e-01	8.74e-02	1.65e-08
 8.05682e+18	9.16e-01	8.39e-02	1.78e-08
 8.05738e+18	9.19e-01	8.06e-02	1.91e-08
 8.05795e+18	9.23e-01	7.74e-02	2.05e-08
 8.05851e+18	9.26e-01	7.43e-02	2.19e-08
 8.05907e+18	9.29e-01	7.13e-02	2.34e-08
 8.05962e+18	9.31e-01	6.85e-02	2.49e-08
 8.06017e+18	9.34e-01	6.58e-02	2.64e-08
 8.06072e+18	9.37e-01	6.31e-02	2.78e-08
 8.06126e+18	9.39e-01	6.06e-02	2.93e-08
 8.06180e+18	9.42e-01	5.82e-02	3.07e-08
 8.06234e+18	9.44e-01	5.58e-02	3.20e-08
 8.06287e+18	9.46e-01	5.36e-02	3.33e-08
 8.06339e+18	9.49e-01	5.14e-02	3.44e-08
 8.06391e+18	9.51e-01	4.93e-02	3.54e-08
 8.06443e+18	9.53e-01	4.73e-02	3.63e-08
 8.06493e+18	9.55e-01	4.54e-02	3.70e-08
 8.06543e+18	9.56e-01	4.36e-02	3.76e-08
 8.06592e+18	9.58e-01	4.18e-02	3.80e-08
 8.06640e+18	9.60e-01	4.01e-02	3.84e-08
 8.06686e+18	9.62e-01	3.85e-02	3.88e-08
 8.06728e+18	9.63e-01	3.70e-02	3.91e-08
 8.06765e+18	9.64e-01	3.57e-02	3.95e-08
 8.06800e+18	9.65e-01	3.46e-02	3.98e-08
 8.06832e+18	9.67e-01	3.35e-02	4.02e-08
 8.06861e+18	9.68e-01	3.25e-02	4.07e-08
 8.06887e+18	9.68e-01	3.16e-02	4.12e-08
 8.06912e+18	9.69e-01	3.08e-02	4.17e-08
 8.06934e+18	9.70e-01	3.01e-02	4.22e-08
 8.06954e+18	9.71e-01	2.94e-02	4.27e-08
 8.06972e+18	9.71e-01	2.88e-02	4.32e-08
 8.06988e+18	9.72e-01	2.83e-02	4.37e-08
 8.07004e+18	9.72e-01	2.79e-02	4.42e-08
 8.07017e+18	9.73e-01	2.74e-02	4.47e-08
 8.07032e+18	9.73e-01	2.69e-02	4.53e-08
 8.07049e+18	9.74e-01	2.64e-02	4.60e-08
 8.07063e+18	9.74e-01	2.60e-02	4.66e-08
 8.07077e+18	9.74e-01	2.56e-02	4.73e-08
 8.07089e+18	9.75e-01	2.52e-02	4.79e-08
 8.07103e+18	9.75e-01	2.48e-02	4.86e-08
 8.07117e+18	9.76e-01	2.44e-02	4.94e-08
 8.07130e+18	9.76e-01	2.41e-02	5.00e-08
 8.07145e+18	9.76e-01	2.36e-02	5.08e-08
 8.07160e+18	9.77e-01	2.32e-02	5.17e-08
 8.07174e+18	9.77e-01	2.29e-02	5.24e-08
 8.07190e+18	9.78e-01	2.24e-02	5.34e-08
 8.07207e+18	9.78e-01	2.20e-02	5.44e-08
 8.07222e+18	9.78e-01	2.17e-02	5.54e-08
 8.07236e+18	9.79e-01	2.13e-02	5.63e-08
 8.07251e+18	9.79e-01	2.09e-02	5.73e-08
 8.07268e+18	9.79e-01	2.05e-02	5.85e-08
 8.07283e+18	9.80e-01	2.02e-02	5.96e-08
 8.07296e+18	9.80e-01	1.99e-02	6.06e-08
 8.07311e+18	9.80e-01	1.96e-02	6.17e-08
 8.07327e+18	9.81e-01	1.92e-02	6.31e-08
 8.07342e+18	9.81e-01	1.89e-02	6.43e-08
 8.07355e+18	9.81e-01	1.86e-02	6.55e-08
 8.07367e+18	9.82e-01	1.83e-02	6.65e-08
 8.07381e+18	9.82e-01	1.81e-02	6.77e-08
 8.07398e+18	9.82e-01	1.77e-02	6.95e-08
 8.07417e+18	9.83e-01	1.73e-02	7.13e-08
 8.07434e+18	9.83e-01	1.70e-02	7.30e-08
 8.07449e+18	9.83e-01	1.67e-02	7.45e-08
 8.07463e+18	9.84e-01	1.64e-02	7.59e-08
 8.07476e+18	9.84e-01	1.62e-02	7.72e-08
 8.07490e+18	9.84e-01	1.59e-02	7.87e-08
 8.07505e+18	9.84e-01	1.56e-02	8.03e-08
 8.07519e+18	9.85e-01	1.54e-02	8.18e-08
 8.07532e+18	9.85e-01	1.52e-02	8.30e-08
 8.07545e+18	9.85e-01	1.50e-02	8.47e-08
 8.07560e+18	9.85e-01	1.47e-02	8.63e-08
 8.07574e+18	9.86e-01	1.45e-02	8.78e-08
 8.07589e+18	9.86e-01	1.42e-02	8.95e-08
 8.07604e+18	9.86e-01	1.41e-02	8.99e-08
 8.07622e+18	9.86e-01	1.39e-02	8.99e-08
 8.07645e+18	9.86e-01	1.38e-02	8.99e-08
 8.07674e+18	9.86e-01	1.35e-02	8.99e-08
 8.07713e+18	9.87e-01	1.32e-02	8.99e-08
 8.07763e+18	9.87e-01	1.28e-02	8.98e-08
 8.07828e+18	9.88e-01	1.23e-02	8.98e-08
 8.07906e+18	9.88e-01	1.17e-02	8.98e-08
 8.07988e+18	9.89e-01	1.12e-02	8.97e-08
 8.08065e+18	9.89e-01	1.07e-02	8.97e-08
 8.08141e+18	9.90e-01	1.03e-02	8.97e-08
 8.08219e+18	9.90e-01	9.81e-03	8.96e-08
 8.08300e+18	9.91e-01	9.38e-03	8.96e-08
 8.08383e+18	9.91e-01	8.96e-03	8.96e-08
 8.08467e+18	9.91e-01	8.57e-03	8.95e-08
 8.08551e+18	9.92e-01	8.19e-03	8.95e-08
 8.08638e+18	9.92e-01	7.83e-03	8.95e-08
 8.08726e+18	9.93e-01	7.48e-03	8.94e-08
 8.08817e+18	9.93e-01	7.15e-03	8.94e-08
 8.08909e+18	9.93e-01	6.83e-03	8.94e-08
 8.09003e+18	9.93e-01	6.53e-03	8.94e-08
 8.09100e+18	9.94e-01	6.24e-03	8.93e-08
 8.09198e+18	9.94e-01	5.96e-03	8.93e-08
 8.09300e+18	9.94e-01	5.69e-03	8.93e-08
 8.09403e+18	9.95e-01	5.44e-03	8.93e-08
 8.09510e+18	9.95e-01	5.20e-03	8.92e-08
 8.09619e+18	9.95e-01	4.97e-03	8.92e-08
 8.09731e+18	9.95e-01	4.75e-03	8.92e-08
 8.09846e+18	9.95e-01	4.54e-03	8.92e-08
 8.09964e+18	9.96e-01	4.34e-03	8.91e-08
 8.10086e+18	9.96e-01	4.15e-03	8.91e-08
 8.10210e+18	9.96e-01	3.97e-03	8.91e-08
 8.10339e+18	9.96e-01	3.79e-03	8.90e-08
 8.10471e+18	9.96e-01	3.63e-03	8.90e-08
 8.10606e+18	9.97e-01	3.47e-03	8.90e-08
 8.10745e+18	9.97e-01	3.33e-03	8.90e-08
 8.10888e+18	9.97e-01	3.18e-03	8.89e-08
 8.11034e+18	9.97e-01	3.05e-03	8.89e-08
 8.11185e+18	9.97e-01	2.92e-03	8.89e-08
 8.11338e+18	9.97e-01	2.80e-03	8.89e-08
 8.11496e+18	9.97e-01	2.68e-03	8.89e-08
 8.11657e+18	9.97e-01	2.57e-03	8.88e-08
 8.11822e+18	9.98e-01	2.46e-03	8.88e-08
 8.11990e+18	9.98e-01	2.36e-03	8.88e-08
 8.12162e+18	9.98e-01	2.27e-03	8.88e-08
 8.12337e+18	9.98e-01	2.17e-03	8.88e-08
 8.12515e+18	9.98e-01	2.09e-03	8.88e-08
 8.12696e+18	9.98e-01	2.00e-03	8.88e-08
 8.12880e+18	9.98e-01	1.92e-03	8.88e-08
 8.13068e+18	9.98e-01	1.84e-03	8.88e-08
 8.13259e+18	9.98e-01	1.77e-03	8.88e-08
 8.13450e+18	9.98e-01	1.70e-03	8.88e-08
 8.13646e+18	9.98e-01	1.63e-03	8.88e-08
 8.13844e+18	9.98e-01	1.56e-03	8.88e-08
 8.14044e+18	9.99e-01	1.50e-03	8.88e-08
 8.14246e+18	9.99e-01	1.44e-03	8.88e-08
 8.14452e+18	9.99e-01	1.38e-03	8.89e-08
 8.14660e+18	9.99e-01	1.32e-03	8.89e-08
 8.14872e+18	9.99e-01	1.27e-03	8.89e-08
 8.15085e+18	9.99e-01	1.21e-03	8.89e-08
 8.15299e+18	9.99e-01	1.16e-03	8.90e-08
 8.15518e+18	9.99e-01	1.11e-03	8.90e-08
 8.15740e+18	9.99e-01	1.07e-03	8.90e-08
 8.15967e+18	9.99e-01	1.02e-03	8.91e-08
 8.16199e+18	9.99e-01	9.72e-04	8.91e-08
 8.16430e+18	9.99e-01	9.32e-04	8.92e-08
 8.16660e+18	9.99e-01	8.92e-04	8.92e-08
 8.16895e+18	9.99e-01	8.52e-04	8.93e-08
 8.17139e+18	9.99e-01	8.13e-04	8.93e-08
 8.17387e+18	9.99e-01	7.75e-04	8.94e-08
 8.17637e+18	9.99e-01	7.40e-04	8.94e-08
 8.17887e+18	9.99e-01	7.04e-04	8.95e-08
 8.18143e+18	9.99e-01	6.73e-04	8.96e-08
 8.18409e+18	9.99e-01	6.45e-04	8.96e-08
 8.18655e+18	9.99e-01	6.14e-04	8.97e-08
 8.18912e+18	9.99e-01	5.84e-04	8.98e-08
