#depth	H	H+	H2
 1.01255e+13	8.95e-05	1.00e+00	1.33e-14
 6.07527e+13	8.95e-05	1.00e+00	1.34e-14
 2.63262e+14	8.97e-05	1.00e+00	1.34e-14
 1.07330e+15	9.00e-05	1.00e+00	1.36e-14
 2.56377e+15	9.02e-05	1.00e+00	1.37e-14
 4.50137e+15	9.04e-05	1.00e+00	1.38e-14
 7.02026e+15	9.06e-05	1.00e+00	1.39e-14
 1.02948e+16	9.08e-05	1.00e+00	1.39e-14
 1.45517e+16	9.11e-05	1.00e+00	1.41e-14
 2.00857e+16	9.14e-05	1.00e+00	1.42e-14
 2.72799e+16	9.19e-05	1.00e+00	1.44e-14
 3.66324e+16	9.25e-05	1.00e+00	1.47e-14
 4.87906e+16	9.32e-05	1.00e+00	1.50e-14
 6.45963e+16	9.42e-05	1.00e+00	1.54e-14
 8.51436e+16	9.55e-05	1.00e+00	1.60e-14
 1.11855e+17	9.72e-05	1.00e+00	1.67e-14
 1.46580e+17	9.96e-05	1.00e+00	1.78e-14
 1.91723e+17	1.03e-04	1.00e+00	1.91e-14
 2.50408e+17	1.07e-04	1.00e+00	2.10e-14
 3.26699e+17	1.12e-04	1.00e+00	2.37e-14
 3.88311e+17	1.17e-04	1.00e+00	2.60e-14
 4.27142e+17	1.20e-04	1.00e+00	2.76e-14
 4.69856e+17	1.23e-04	1.00e+00	2.94e-14
 5.16842e+17	1.27e-04	1.00e+00	3.15e-14
 5.68526e+17	1.31e-04	1.00e+00	3.40e-14
 6.25378e+17	1.36e-04	1.00e+00	3.70e-14
 6.87916e+17	1.42e-04	1.00e+00	4.05e-14
 7.56708e+17	1.48e-04	1.00e+00	4.47e-14
 8.32379e+17	1.55e-04	1.00e+00	4.97e-14
 9.15617e+17	1.64e-04	1.00e+00	5.58e-14
 1.00718e+18	1.73e-04	1.00e+00	6.31e-14
 1.10790e+18	1.84e-04	1.00e+00	7.23e-14
 1.21869e+18	1.97e-04	1.00e+00	8.37e-14
 1.34055e+18	2.12e-04	1.00e+00	9.82e-14
 1.47461e+18	2.29e-04	1.00e+00	1.16e-13
 1.62207e+18	2.50e-04	1.00e+00	1.40e-13
 1.78428e+18	2.75e-04	1.00e+00	1.71e-13
 1.96271e+18	3.05e-04	1.00e+00	2.12e-13
 2.15729e+18	3.42e-04	1.00e+00	2.68e-13
 2.36358e+18	3.84e-04	1.00e+00	3.39e-13
 2.57813e+18	4.34e-04	1.00e+00	4.32e-13
 2.80125e+18	4.94e-04	1.00e+00	5.52e-13
 3.03330e+18	5.64e-04	9.99e-01	7.10e-13
 3.23124e+18	6.31e-04	9.99e-01	8.69e-13
 3.37598e+18	6.86e-04	9.99e-01	1.01e-12
 3.52573e+18	7.50e-04	9.99e-01	1.17e-12
 3.72041e+18	8.44e-04	9.99e-01	1.42e-12
 3.91656e+18	9.48e-04	9.99e-01	1.71e-12
 4.06980e+18	1.04e-03	9.99e-01	1.96e-12
 4.20366e+18	1.13e-03	9.99e-01	2.19e-12
 4.34685e+18	1.24e-03	9.99e-01	2.46e-12
 4.49754e+18	1.37e-03	9.99e-01	2.73e-12
 4.63452e+18	1.51e-03	9.98e-01	2.94e-12
 4.75044e+18	1.63e-03	9.98e-01	3.06e-12
 4.85301e+18	1.76e-03	9.98e-01	3.11e-12
 4.95132e+18	1.89e-03	9.98e-01	3.08e-12
 5.04857e+18	2.04e-03	9.98e-01	2.99e-12
 5.14334e+18	2.21e-03	9.98e-01	2.83e-12
 5.23403e+18	2.38e-03	9.98e-01	2.62e-12
 5.32104e+18	2.58e-03	9.97e-01	2.40e-12
 5.40580e+18	2.79e-03	9.97e-01	2.18e-12
 5.48938e+18	3.03e-03	9.97e-01	1.98e-12
 5.57218e+18	3.31e-03	9.97e-01	1.80e-12
 5.65418e+18	3.63e-03	9.96e-01	1.64e-12
 5.73445e+18	3.99e-03	9.96e-01	1.52e-12
 5.81097e+18	4.41e-03	9.96e-01	1.44e-12
 5.88265e+18	4.88e-03	9.95e-01	1.39e-12
 5.94992e+18	5.40e-03	9.95e-01	1.37e-12
 6.01355e+18	6.00e-03	9.94e-01	1.38e-12
 6.07400e+18	6.69e-03	9.93e-01	1.42e-12
 6.13148e+18	7.49e-03	9.93e-01	1.48e-12
 6.17809e+18	8.27e-03	9.92e-01	1.55e-12
 6.20952e+18	8.89e-03	9.91e-01	1.62e-12
 6.23376e+18	9.43e-03	9.91e-01	1.68e-12
 6.25997e+18	1.01e-02	9.90e-01	1.77e-12
 6.28774e+18	1.08e-02	9.89e-01	1.87e-12
 6.31002e+18	1.15e-02	9.88e-01	1.97e-12
 6.32675e+18	1.21e-02	9.88e-01	2.05e-12
 6.34141e+18	1.26e-02	9.87e-01	2.13e-12
 6.35809e+18	1.33e-02	9.87e-01	2.25e-12
 6.37495e+18	1.41e-02	9.86e-01	2.36e-12
 6.38776e+18	1.47e-02	9.85e-01	2.49e-12
 6.39795e+18	1.51e-02	9.85e-01	2.58e-12
 6.40904e+18	1.57e-02	9.84e-01	2.69e-12
 6.42131e+18	1.64e-02	9.84e-01	2.85e-12
 6.43257e+18	1.71e-02	9.83e-01	3.02e-12
 6.44466e+18	1.78e-02	9.82e-01	3.20e-12
 6.46038e+18	1.90e-02	9.81e-01	3.46e-12
 6.48082e+18	2.07e-02	9.79e-01	3.85e-12
 6.50738e+18	2.34e-02	9.77e-01	4.41e-12
 6.54192e+18	2.80e-02	9.72e-01	5.34e-12
 6.58030e+18	3.56e-02	9.64e-01	6.91e-12
 6.61258e+18	4.60e-02	9.54e-01	9.33e-12
 6.63501e+18	5.73e-02	9.43e-01	1.21e-11
 6.65123e+18	6.89e-02	9.31e-01	1.53e-11
 6.66550e+18	8.27e-02	9.17e-01	1.97e-11
 6.67943e+18	1.01e-01	8.99e-01	2.65e-11
 6.69203e+18	1.26e-01	8.74e-01	3.72e-11
 6.70210e+18	1.54e-01	8.46e-01	5.22e-11
 6.70992e+18	1.84e-01	8.16e-01	7.21e-11
 6.71644e+18	2.16e-01	7.84e-01	9.90e-11
 6.72237e+18	2.54e-01	7.46e-01	1.38e-10
 6.72754e+18	2.94e-01	7.06e-01	1.94e-10
 6.73145e+18	3.31e-01	6.69e-01	2.59e-10
 6.73423e+18	3.61e-01	6.39e-01	3.26e-10
 6.73647e+18	3.86e-01	6.14e-01	3.92e-10
 6.73851e+18	4.11e-01	5.89e-01	4.75e-10
 6.74040e+18	4.36e-01	5.64e-01	5.73e-10
 6.74220e+18	4.61e-01	5.39e-01	6.85e-10
 6.74384e+18	4.84e-01	5.16e-01	8.14e-10
 6.74529e+18	5.05e-01	4.95e-01	9.47e-10
 6.74658e+18	5.24e-01	4.76e-01	1.10e-09
 6.74782e+18	5.43e-01	4.57e-01	1.27e-09
 6.74888e+18	5.59e-01	4.41e-01	1.43e-09
 6.74965e+18	5.71e-01	4.29e-01	1.57e-09
 6.75036e+18	5.82e-01	4.18e-01	1.72e-09
 6.75113e+18	5.95e-01	4.05e-01	1.91e-09
 6.75194e+18	6.07e-01	3.93e-01	2.11e-09
 6.75274e+18	6.20e-01	3.80e-01	2.34e-09
 6.75351e+18	6.32e-01	3.68e-01	2.60e-09
 6.75427e+18	6.44e-01	3.56e-01	2.88e-09
 6.75502e+18	6.56e-01	3.44e-01	3.19e-09
 6.75577e+18	6.67e-01	3.33e-01	3.55e-09
 6.75651e+18	6.79e-01	3.21e-01	3.95e-09
 6.75724e+18	6.90e-01	3.10e-01	4.39e-09
 6.75796e+18	7.01e-01	2.99e-01	4.88e-09
 6.75868e+18	7.12e-01	2.88e-01	5.43e-09
 6.75939e+18	7.22e-01	2.78e-01	6.05e-09
 6.76009e+18	7.32e-01	2.68e-01	6.71e-09
 6.76079e+18	7.42e-01	2.58e-01	7.44e-09
 6.76149e+18	7.52e-01	2.48e-01	8.28e-09
 6.76218e+18	7.62e-01	2.38e-01	9.22e-09
 6.76286e+18	7.71e-01	2.29e-01	1.02e-08
 6.76354e+18	7.80e-01	2.20e-01	1.13e-08
 6.76420e+18	7.89e-01	2.11e-01	1.26e-08
 6.76485e+18	7.97e-01	2.03e-01	1.38e-08
 6.76549e+18	8.05e-01	1.95e-01	1.52e-08
 6.76611e+18	8.12e-01	1.88e-01	1.66e-08
 6.76672e+18	8.20e-01	1.80e-01	1.81e-08
 6.76733e+18	8.27e-01	1.73e-01	1.96e-08
 6.76792e+18	8.34e-01	1.66e-01	2.11e-08
 6.76850e+18	8.40e-01	1.60e-01	2.26e-08
 6.76906e+18	8.47e-01	1.53e-01	2.40e-08
 6.76962e+18	8.53e-01	1.47e-01	2.54e-08
 6.77017e+18	8.58e-01	1.42e-01	2.66e-08
 6.77070e+18	8.64e-01	1.36e-01	2.75e-08
 6.77123e+18	8.69e-01	1.31e-01	2.83e-08
 6.77173e+18	8.75e-01	1.25e-01	2.90e-08
 6.77223e+18	8.80e-01	1.20e-01	2.95e-08
 6.77271e+18	8.84e-01	1.16e-01	2.98e-08
 6.77318e+18	8.89e-01	1.11e-01	3.00e-08
 6.77362e+18	8.93e-01	1.07e-01	3.02e-08
 6.77400e+18	8.97e-01	1.03e-01	3.03e-08
 6.77435e+18	9.00e-01	9.97e-02	3.03e-08
 6.77466e+18	9.03e-01	9.66e-02	3.04e-08
 6.77494e+18	9.06e-01	9.38e-02	3.05e-08
 6.77520e+18	9.09e-01	9.13e-02	3.06e-08
 6.77544e+18	9.11e-01	8.90e-02	3.07e-08
 6.77565e+18	9.13e-01	8.69e-02	3.09e-08
 6.77585e+18	9.15e-01	8.50e-02	3.10e-08
 6.77603e+18	9.17e-01	8.33e-02	3.12e-08
 6.77619e+18	9.18e-01	8.18e-02	3.14e-08
 6.77634e+18	9.20e-01	8.04e-02	3.16e-08
 6.77647e+18	9.21e-01	7.91e-02	3.18e-08
 6.77659e+18	9.22e-01	7.80e-02	3.20e-08
 6.77672e+18	9.23e-01	7.67e-02	3.23e-08
 6.77687e+18	9.25e-01	7.53e-02	3.26e-08
 6.77700e+18	9.26e-01	7.41e-02	3.29e-08
 6.77712e+18	9.27e-01	7.30e-02	3.32e-08
 6.77725e+18	9.28e-01	7.18e-02	3.35e-08
 6.77739e+18	9.29e-01	7.06e-02	3.39e-08
 6.77752e+18	9.31e-01	6.94e-02	3.43e-08
 6.77764e+18	9.32e-01	6.84e-02	3.46e-08
 6.77777e+18	9.33e-01	6.73e-02	3.51e-08
 6.77790e+18	9.34e-01	6.61e-02	3.55e-08
 6.77803e+18	9.35e-01	6.51e-02	3.60e-08
 6.77814e+18	9.36e-01	6.41e-02	3.65e-08
 6.77825e+18	9.37e-01	6.33e-02	3.69e-08
 6.77836e+18	9.38e-01	6.23e-02	3.74e-08
 6.77849e+18	9.39e-01	6.13e-02	3.80e-08
 6.77860e+18	9.40e-01	6.04e-02	3.85e-08
 6.77870e+18	9.40e-01	5.96e-02	3.90e-08
 6.77881e+18	9.41e-01	5.87e-02	3.96e-08
 6.77893e+18	9.42e-01	5.78e-02	4.02e-08
 6.77904e+18	9.43e-01	5.69e-02	4.09e-08
 6.77914e+18	9.44e-01	5.62e-02	4.14e-08
 6.77925e+18	9.45e-01	5.53e-02	4.21e-08
 6.77937e+18	9.46e-01	5.45e-02	4.29e-08
 6.77948e+18	9.46e-01	5.37e-02	4.36e-08
 6.77958e+18	9.47e-01	5.30e-02	4.42e-08
 6.77969e+18	9.48e-01	5.22e-02	4.50e-08
 6.77980e+18	9.49e-01	5.14e-02	4.58e-08
 6.77991e+18	9.49e-01	5.06e-02	4.66e-08
 6.78000e+18	9.50e-01	5.00e-02	4.72e-08
 6.78011e+18	9.51e-01	4.92e-02	4.81e-08
 6.78022e+18	9.52e-01	4.85e-02	4.89e-08
 6.78033e+18	9.52e-01	4.78e-02	4.97e-08
 6.78042e+18	9.53e-01	4.72e-02	5.05e-08
 6.78052e+18	9.54e-01	4.65e-02	5.13e-08
 6.78063e+18	9.54e-01	4.58e-02	5.23e-08
 6.78074e+18	9.55e-01	4.49e-02	5.33e-08
 6.78083e+18	9.55e-01	4.48e-02	5.33e-08
 6.78093e+18	9.56e-01	4.45e-02	5.33e-08
 6.78106e+18	9.56e-01	4.39e-02	5.33e-08
 6.78123e+18	9.56e-01	4.35e-02	5.32e-08
 6.78145e+18	9.57e-01	4.29e-02	5.32e-08
 6.78174e+18	9.58e-01	4.20e-02	5.32e-08
 6.78212e+18	9.59e-01	4.09e-02	5.31e-08
 6.78260e+18	9.61e-01	3.95e-02	5.31e-08
 6.78320e+18	9.62e-01	3.79e-02	5.30e-08
 6.78382e+18	9.64e-01	3.63e-02	5.30e-08
 6.78441e+18	9.65e-01	3.48e-02	5.29e-08
 6.78498e+18	9.66e-01	3.35e-02	5.29e-08
 6.78555e+18	9.68e-01	3.22e-02	5.28e-08
 6.78613e+18	9.69e-01	3.09e-02	5.28e-08
 6.78671e+18	9.70e-01	2.97e-02	5.27e-08
 6.78729e+18	9.71e-01	2.85e-02	5.27e-08
 6.78787e+18	9.73e-01	2.74e-02	5.26e-08
 6.78845e+18	9.74e-01	2.63e-02	5.26e-08
 6.78903e+18	9.75e-01	2.53e-02	5.25e-08
 6.78961e+18	9.76e-01	2.43e-02	5.25e-08
 6.79019e+18	9.77e-01	2.33e-02	5.24e-08
 6.79077e+18	9.78e-01	2.24e-02	5.24e-08
 6.79135e+18	9.78e-01	2.15e-02	5.23e-08
 6.79193e+18	9.79e-01	2.06e-02	5.23e-08
 6.79251e+18	9.80e-01	1.98e-02	5.22e-08
 6.79309e+18	9.81e-01	1.90e-02	5.22e-08
 6.79367e+18	9.82e-01	1.83e-02	5.22e-08
 6.79425e+18	9.82e-01	1.75e-02	5.21e-08
 6.79483e+18	9.83e-01	1.68e-02	5.21e-08
 6.79542e+18	9.84e-01	1.62e-02	5.20e-08
 6.79600e+18	9.84e-01	1.55e-02	5.20e-08
 6.79658e+18	9.85e-01	1.49e-02	5.20e-08
 6.79717e+18	9.86e-01	1.43e-02	5.19e-08
 6.79775e+18	9.86e-01	1.37e-02	5.19e-08
 6.79834e+18	9.87e-01	1.32e-02	5.19e-08
 6.79893e+18	9.87e-01	1.26e-02	5.19e-08
 6.79951e+18	9.88e-01	1.21e-02	5.18e-08
 6.80010e+18	9.88e-01	1.16e-02	5.18e-08
 6.80069e+18	9.89e-01	1.11e-02	5.18e-08
 6.80128e+18	9.89e-01	1.07e-02	5.18e-08
 6.80187e+18	9.90e-01	1.02e-02	5.17e-08
 6.80247e+18	9.90e-01	9.81e-03	5.17e-08
 6.80306e+18	9.91e-01	9.41e-03	5.17e-08
 6.80366e+18	9.91e-01	9.02e-03	5.17e-08
 6.80425e+18	9.91e-01	8.64e-03	5.17e-08
 6.80485e+18	9.92e-01	8.28e-03	5.16e-08
 6.80545e+18	9.92e-01	7.93e-03	5.16e-08
 6.80605e+18	9.92e-01	7.60e-03	5.16e-08
 6.80666e+18	9.93e-01	7.28e-03	5.16e-08
 6.80726e+18	9.93e-01	6.97e-03	5.16e-08
 6.80787e+18	9.93e-01	6.67e-03	5.16e-08
 6.80848e+18	9.94e-01	6.39e-03	5.16e-08
 6.80908e+18	9.94e-01	6.12e-03	5.16e-08
 6.80970e+18	9.94e-01	5.85e-03	5.15e-08
 6.81031e+18	9.94e-01	5.60e-03	5.15e-08
 6.81093e+18	9.95e-01	5.36e-03	5.15e-08
 6.81155e+18	9.95e-01	5.12e-03	5.15e-08
 6.81218e+18	9.95e-01	4.90e-03	5.15e-08
 6.81281e+18	9.95e-01	4.68e-03	5.15e-08
 6.81344e+18	9.96e-01	4.48e-03	5.15e-08
 6.81407e+18	9.96e-01	4.27e-03	5.15e-08
 6.81471e+18	9.96e-01	4.08e-03	5.15e-08
 6.81535e+18	9.96e-01	3.89e-03	5.15e-08
 6.81600e+18	9.96e-01	3.71e-03	5.15e-08
 6.81665e+18	9.96e-01	3.54e-03	5.15e-08
 6.81731e+18	9.97e-01	3.37e-03	5.15e-08
 6.81798e+18	9.97e-01	3.21e-03	5.15e-08
 6.81866e+18	9.97e-01	3.06e-03	5.15e-08
 6.81933e+18	9.97e-01	2.92e-03	5.15e-08
 6.82002e+18	9.97e-01	2.78e-03	5.15e-08
 6.82071e+18	9.97e-01	2.63e-03	5.15e-08
 6.82141e+18	9.97e-01	2.50e-03	5.15e-08
 6.82212e+18	9.98e-01	2.38e-03	5.15e-08
 6.82283e+18	9.98e-01	2.26e-03	5.15e-08
 6.82355e+18	9.98e-01	2.16e-03	5.15e-08
 6.82422e+18	9.98e-01	2.06e-03	5.15e-08
 6.82492e+18	9.98e-01	1.96e-03	5.15e-08
 6.82566e+18	9.98e-01	1.85e-03	5.15e-08
 6.82647e+18	9.98e-01	1.75e-03	5.15e-08
 6.82728e+18	9.98e-01	1.66e-03	5.15e-08
 6.82808e+18	9.98e-01	1.57e-03	5.16e-08
 6.82890e+18	9.99e-01	1.49e-03	5.16e-08
 6.82973e+18	9.99e-01	1.40e-03	5.16e-08
 6.83053e+18	9.99e-01	1.34e-03	5.16e-08
 6.83130e+18	9.99e-01	1.26e-03	5.16e-08
 6.83212e+18	9.99e-01	1.20e-03	5.16e-08
 6.83301e+18	9.99e-01	1.13e-03	5.16e-08
 6.83392e+18	9.99e-01	1.08e-03	5.16e-08
 6.83484e+18	9.99e-01	1.00e-03	5.17e-08
 6.83580e+18	9.99e-01	9.57e-04	5.17e-08
 6.83679e+18	9.99e-01	9.02e-04	5.17e-08
 6.83782e+18	9.99e-01	8.64e-04	5.17e-08
 6.83888e+18	9.99e-01	7.99e-04	5.17e-08
 6.84004e+18	9.99e-01	7.64e-04	5.17e-08
 6.84133e+18	9.99e-01	7.09e-04	5.18e-08
 6.84272e+18	9.99e-01	6.75e-04	5.18e-08
 6.84427e+18	9.99e-01	6.26e-04	5.18e-08
 6.84595e+18	9.99e-01	5.93e-04	5.19e-08
 6.84782e+18	9.99e-01	5.53e-04	5.19e-08
 6.85025e+18	9.99e-01	5.19e-04	5.20e-08
 6.85340e+18	1.00e+00	4.84e-04	5.20e-08
 6.85750e+18	1.00e+00	4.56e-04	5.21e-08
 6.86283e+18	1.00e+00	4.32e-04	5.22e-08
 6.86976e+18	1.00e+00	4.15e-04	5.24e-08
 6.87876e+18	1.00e+00	4.00e-04	5.26e-08
 6.89047e+18	1.00e+00	3.86e-04	5.29e-08
 6.90569e+18	1.00e+00	3.72e-04	5.32e-08
 6.92548e+18	1.00e+00	3.55e-04	5.37e-08
 6.95120e+18	1.00e+00	3.38e-04	5.43e-08
 6.98464e+18	1.00e+00	3.17e-04	5.51e-08
 7.02812e+18	1.00e+00	2.95e-04	5.61e-08
 7.08463e+18	1.00e+00	2.70e-04	5.75e-08
 7.15024e+18	1.00e+00	2.47e-04	5.91e-08
 7.22768e+18	1.00e+00	2.14e-04	6.11e-08
