#depth	He	He+	He+2
 1.10966e+13	1.86e-04	8.66e-01	1.33e-01
 6.65795e+13	1.86e-04	8.66e-01	1.34e-01
 2.88511e+14	1.86e-04	8.66e-01	1.33e-01
 1.17624e+15	1.86e-04	8.67e-01	1.33e-01
 2.80965e+15	1.86e-04	8.66e-01	1.33e-01
 4.93310e+15	1.87e-04	8.67e-01	1.33e-01
 7.69357e+15	1.87e-04	8.67e-01	1.32e-01
 1.12822e+16	1.88e-04	8.69e-01	1.31e-01
 1.59474e+16	1.89e-04	8.72e-01	1.28e-01
 2.20122e+16	1.91e-04	8.76e-01	1.24e-01
 2.98963e+16	1.94e-04	8.82e-01	1.18e-01
 4.01458e+16	1.97e-04	8.91e-01	1.09e-01
 5.34701e+16	2.01e-04	9.02e-01	9.73e-02
 7.07916e+16	2.07e-04	9.17e-01	8.25e-02
 9.33097e+16	2.14e-04	9.35e-01	6.50e-02
 1.22583e+17	2.23e-04	9.53e-01	4.63e-02
 1.60639e+17	2.33e-04	9.71e-01	2.89e-02
 2.10111e+17	2.44e-04	9.85e-01	1.53e-02
 2.74425e+17	2.57e-04	9.93e-01	6.55e-03
 3.58032e+17	2.72e-04	9.98e-01	2.20e-03
 4.25554e+17	2.84e-04	9.99e-01	8.90e-04
 4.68109e+17	2.92e-04	9.99e-01	5.23e-04
 5.14920e+17	3.01e-04	9.99e-01	2.96e-04
 5.66412e+17	3.11e-04	1.00e+00	1.61e-04
 6.23053e+17	3.22e-04	1.00e+00	8.45e-05
 6.85358e+17	3.34e-04	1.00e+00	4.28e-05
 7.53894e+17	3.48e-04	1.00e+00	2.10e-05
 8.29283e+17	3.64e-04	1.00e+00	1.00e-05
 9.12212e+17	3.82e-04	1.00e+00	4.66e-06
 1.00343e+18	4.02e-04	1.00e+00	2.12e-06
 1.10378e+18	4.26e-04	1.00e+00	9.41e-07
 1.21415e+18	4.52e-04	1.00e+00	4.10e-07
 1.33557e+18	4.83e-04	1.00e+00	1.74e-07
 1.46913e+18	5.19e-04	9.99e-01	7.26e-08
 1.61604e+18	5.60e-04	9.99e-01	2.96e-08
 1.77764e+18	6.08e-04	9.99e-01	1.18e-08
 1.95541e+18	6.65e-04	9.99e-01	4.57e-09
 2.14949e+18	7.31e-04	9.99e-01	1.74e-09
 2.35547e+18	8.07e-04	9.99e-01	6.71e-10
 2.56969e+18	8.92e-04	9.99e-01	2.65e-10
 2.79248e+18	9.89e-04	9.99e-01	1.07e-10
 3.02418e+18	1.10e-03	9.99e-01	4.43e-11
 3.26514e+18	1.23e-03	9.99e-01	1.87e-11
 3.51575e+18	1.37e-03	9.99e-01	8.11e-12
 3.77638e+18	1.55e-03	9.98e-01	3.64e-12
 4.04743e+18	1.75e-03	9.98e-01	1.71e-12
 4.32356e+18	1.99e-03	9.98e-01	8.70e-13
 4.55506e+18	2.21e-03	9.98e-01	5.35e-13
 4.72686e+18	2.39e-03	9.98e-01	3.92e-13
 4.90682e+18	2.61e-03	9.97e-01	2.93e-13
 5.14076e+18	2.94e-03	9.97e-01	2.11e-13
 5.37274e+18	3.31e-03	9.97e-01	1.57e-13
 5.54845e+18	3.63e-03	9.96e-01	1.32e-13
 5.70001e+18	3.95e-03	9.96e-01	1.15e-13
 5.87392e+18	4.38e-03	9.96e-01	9.95e-14
 6.06152e+18	4.90e-03	9.95e-01	8.42e-14
 6.22401e+18	5.43e-03	9.95e-01	7.40e-14
 6.36420e+18	5.97e-03	9.94e-01	6.70e-14
 6.51830e+18	6.69e-03	9.93e-01	6.06e-14
 6.67956e+18	7.58e-03	9.92e-01	5.30e-14
 6.80530e+18	8.41e-03	9.92e-01	4.82e-14
 6.90131e+18	9.16e-03	9.91e-01	4.53e-14
 7.00349e+18	1.01e-02	9.90e-01	4.26e-14
 7.11593e+18	1.14e-02	9.89e-01	3.87e-14
 7.21526e+18	1.27e-02	9.87e-01	3.56e-14
 7.29913e+18	1.41e-02	9.86e-01	3.34e-14
 7.37639e+18	1.56e-02	9.84e-01	3.15e-14
 7.45207e+18	1.75e-02	9.83e-01	2.95e-14
 7.52527e+18	1.97e-02	9.80e-01	2.75e-14
 7.59332e+18	2.22e-02	9.78e-01	2.57e-14
 7.65604e+18	2.51e-02	9.75e-01	2.40e-14
 7.71471e+18	2.85e-02	9.72e-01	2.25e-14
 7.77060e+18	3.27e-02	9.67e-01	2.10e-14
 7.82368e+18	3.77e-02	9.62e-01	1.95e-14
 7.87372e+18	4.39e-02	9.56e-01	1.81e-14
 7.92109e+18	5.18e-02	9.48e-01	1.67e-14
 7.96553e+18	6.18e-02	9.38e-01	1.52e-14
 8.00718e+18	7.48e-02	9.25e-01	1.38e-14
 8.04628e+18	9.20e-02	9.08e-01	1.23e-14
 8.07752e+18	1.12e-01	8.88e-01	1.09e-14
 8.09777e+18	1.29e-01	8.71e-01	1.01e-14
 8.11291e+18	1.44e-01	8.56e-01	9.44e-15
 8.12953e+18	1.66e-01	8.34e-01	8.65e-15
 8.14787e+18	1.96e-01	8.04e-01	7.60e-15
 8.16364e+18	2.29e-01	7.71e-01	6.63e-15
 8.17599e+18	2.62e-01	7.38e-01	5.88e-15
 8.18683e+18	2.97e-01	7.03e-01	5.21e-15
 8.19905e+18	3.45e-01	6.55e-01	4.45e-15
 8.21164e+18	4.03e-01	5.97e-01	3.52e-15
 8.22154e+18	4.57e-01	5.43e-01	2.86e-15
 8.22950e+18	5.07e-01	4.93e-01	2.38e-15
 8.23808e+18	5.66e-01	4.34e-01	1.90e-15
 8.24745e+18	6.31e-01	3.69e-01	1.38e-15
 8.25565e+18	6.90e-01	3.10e-01	1.01e-15
 8.26253e+18	7.37e-01	2.63e-01	7.66e-16
 8.26885e+18	7.78e-01	2.22e-01	5.83e-16
 8.27603e+18	8.21e-01	1.79e-01	4.19e-16
 8.28364e+18	8.58e-01	1.42e-01	2.80e-16
 8.28978e+18	8.83e-01	1.17e-01	2.03e-16
 8.29417e+18	8.98e-01	1.02e-01	1.63e-16
 8.29727e+18	9.08e-01	9.23e-02	1.41e-16
 8.29981e+18	9.15e-01	8.52e-02	1.25e-16
 8.30216e+18	9.21e-01	7.93e-02	1.11e-16
 8.30432e+18	9.26e-01	7.43e-02	9.94e-17
 8.30631e+18	9.30e-01	7.03e-02	9.05e-17
 8.30808e+18	9.33e-01	6.69e-02	8.31e-17
 8.30964e+18	9.36e-01	6.43e-02	7.77e-17
 8.31110e+18	9.38e-01	6.18e-02	7.27e-17
 8.31248e+18	9.40e-01	5.98e-02	6.87e-17
 8.31379e+18	9.42e-01	5.80e-02	6.50e-17
 8.31483e+18	9.43e-01	5.67e-02	6.22e-17
 8.31558e+18	9.44e-01	5.58e-02	6.07e-17
 8.31630e+18	9.45e-01	5.50e-02	5.92e-17
 8.31711e+18	9.46e-01	5.40e-02	5.73e-17
 8.31797e+18	9.47e-01	5.31e-02	5.55e-17
 8.31879e+18	9.48e-01	5.23e-02	5.39e-17
 8.31959e+18	9.49e-01	5.15e-02	5.25e-17
 8.32037e+18	9.49e-01	5.08e-02	5.12e-17
 8.32115e+18	9.50e-01	5.01e-02	5.00e-17
 8.32194e+18	9.51e-01	4.94e-02	4.88e-17
 8.32271e+18	9.51e-01	4.89e-02	4.78e-17
 8.32348e+18	9.52e-01	4.83e-02	4.68e-17
 8.32425e+18	9.52e-01	4.78e-02	4.59e-17
 8.32500e+18	9.53e-01	4.73e-02	4.50e-17
 8.32574e+18	9.53e-01	4.68e-02	4.43e-17
 8.32649e+18	9.54e-01	4.64e-02	4.36e-17
 8.32724e+18	9.54e-01	4.60e-02	4.30e-17
 8.32798e+18	9.54e-01	4.56e-02	4.24e-17
 8.32871e+18	9.55e-01	4.53e-02	4.19e-17
 8.32944e+18	9.55e-01	4.49e-02	4.15e-17
 8.33017e+18	9.55e-01	4.46e-02	4.10e-17
 8.33089e+18	9.56e-01	4.43e-02	4.07e-17
 8.33161e+18	9.56e-01	4.40e-02	4.04e-17
 8.33232e+18	9.56e-01	4.37e-02	4.01e-17
 8.33302e+18	9.56e-01	4.35e-02	4.00e-17
 8.33371e+18	9.57e-01	4.33e-02	3.98e-17
 8.33440e+18	9.57e-01	4.31e-02	3.97e-17
 8.33508e+18	9.57e-01	4.28e-02	3.96e-17
 8.33575e+18	9.57e-01	4.27e-02	3.97e-17
 8.33642e+18	9.57e-01	4.25e-02	3.97e-17
 8.33708e+18	9.58e-01	4.23e-02	3.97e-17
 8.33773e+18	9.58e-01	4.21e-02	3.98e-17
 8.33839e+18	9.58e-01	4.20e-02	4.00e-17
 8.33904e+18	9.58e-01	4.19e-02	4.01e-17
 8.33968e+18	9.58e-01	4.17e-02	4.03e-17
 8.34032e+18	9.58e-01	4.16e-02	4.05e-17
 8.34096e+18	9.59e-01	4.14e-02	4.08e-17
 8.34160e+18	9.59e-01	4.13e-02	4.11e-17
 8.34223e+18	9.59e-01	4.12e-02	4.15e-17
 8.34286e+18	9.59e-01	4.10e-02	4.18e-17
 8.34349e+18	9.59e-01	4.09e-02	4.22e-17
 8.34412e+18	9.59e-01	4.08e-02	4.26e-17
 8.34475e+18	9.59e-01	4.07e-02	4.31e-17
 8.34537e+18	9.59e-01	4.05e-02	4.35e-17
 8.34600e+18	9.60e-01	4.04e-02	4.40e-17
 8.34662e+18	9.60e-01	4.02e-02	4.45e-17
 8.34724e+18	9.60e-01	4.01e-02	4.51e-17
 8.34787e+18	9.60e-01	3.99e-02	4.56e-17
 8.34849e+18	9.60e-01	3.98e-02	4.62e-17
 8.34911e+18	9.60e-01	3.96e-02	4.68e-17
 8.34973e+18	9.60e-01	3.95e-02	4.75e-17
 8.35035e+18	9.61e-01	3.94e-02	4.81e-17
 8.35097e+18	9.61e-01	3.92e-02	4.88e-17
 8.35159e+18	9.61e-01	3.90e-02	4.94e-17
 8.35222e+18	9.61e-01	3.88e-02	5.01e-17
 8.35284e+18	9.61e-01	3.86e-02	5.08e-17
 8.35347e+18	9.62e-01	3.85e-02	5.15e-17
 8.35409e+18	9.62e-01	3.83e-02	5.22e-17
 8.35472e+18	9.62e-01	3.80e-02	5.29e-17
 8.35535e+18	9.62e-01	3.78e-02	5.36e-17
 8.35598e+18	9.62e-01	3.76e-02	5.43e-17
 8.35660e+18	9.63e-01	3.74e-02	5.50e-17
 8.35723e+18	9.63e-01	3.71e-02	5.56e-17
 8.35786e+18	9.63e-01	3.69e-02	5.63e-17
 8.35849e+18	9.63e-01	3.66e-02	5.69e-17
 8.35912e+18	9.64e-01	3.63e-02	5.75e-17
 8.35974e+18	9.64e-01	3.60e-02	5.80e-17
 8.36037e+18	9.64e-01	3.57e-02	5.86e-17
 8.36099e+18	9.65e-01	3.54e-02	5.90e-17
 8.36161e+18	9.65e-01	3.51e-02	5.94e-17
 8.36223e+18	9.65e-01	3.48e-02	5.98e-17
 8.36284e+18	9.66e-01	3.44e-02	6.00e-17
 8.36345e+18	9.66e-01	3.41e-02	6.02e-17
 8.36404e+18	9.66e-01	3.37e-02	6.03e-17
 8.36459e+18	9.67e-01	3.34e-02	6.03e-17
 8.36510e+18	9.67e-01	3.30e-02	6.03e-17
 8.36556e+18	9.67e-01	3.27e-02	6.01e-17
 8.36599e+18	9.68e-01	3.24e-02	5.99e-17
 8.36639e+18	9.68e-01	3.21e-02	5.97e-17
 8.36677e+18	9.68e-01	3.19e-02	5.95e-17
 8.36711e+18	9.68e-01	3.16e-02	5.92e-17
 8.36741e+18	9.69e-01	3.14e-02	5.89e-17
 8.36770e+18	9.69e-01	3.11e-02	5.85e-17
 8.36795e+18	9.69e-01	3.09e-02	5.82e-17
 8.36818e+18	9.69e-01	3.07e-02	5.79e-17
 8.36839e+18	9.69e-01	3.05e-02	5.77e-17
 8.36859e+18	9.70e-01	3.04e-02	5.74e-17
 8.36880e+18	9.70e-01	3.02e-02	5.72e-17
 8.36903e+18	9.70e-01	2.99e-02	5.67e-17
 8.36923e+18	9.70e-01	2.98e-02	5.64e-17
 8.36942e+18	9.70e-01	2.96e-02	5.62e-17
 8.36963e+18	9.71e-01	2.94e-02	5.58e-17
 8.36985e+18	9.71e-01	2.92e-02	5.55e-17
 8.37005e+18	9.71e-01	2.90e-02	5.51e-17
 8.37024e+18	9.71e-01	2.88e-02	5.48e-17
 8.37044e+18	9.71e-01	2.86e-02	5.44e-17
 8.37066e+18	9.72e-01	2.84e-02	5.41e-17
 8.37086e+18	9.72e-01	2.83e-02	5.38e-17
 8.37108e+18	9.72e-01	2.80e-02	5.35e-17
 8.37131e+18	9.72e-01	2.78e-02	5.32e-17
 8.37153e+18	9.72e-01	2.77e-02	5.28e-17
 8.37172e+18	9.73e-01	2.75e-02	5.26e-17
 8.37193e+18	9.73e-01	2.73e-02	5.23e-17
 8.37221e+18	9.73e-01	2.70e-02	5.18e-17
 8.37251e+18	9.73e-01	2.68e-02	5.15e-17
 8.37278e+18	9.73e-01	2.65e-02	5.10e-17
 8.37303e+18	9.74e-01	2.63e-02	5.07e-17
 8.37326e+18	9.74e-01	2.61e-02	5.03e-17
 8.37346e+18	9.74e-01	2.59e-02	5.00e-17
 8.37369e+18	9.74e-01	2.57e-02	4.96e-17
 8.37393e+18	9.75e-01	2.55e-02	4.92e-17
 8.37415e+18	9.75e-01	2.53e-02	4.89e-17
 8.37435e+18	9.75e-01	2.51e-02	4.86e-17
 8.37458e+18	9.75e-01	2.49e-02	4.82e-17
 8.37481e+18	9.75e-01	2.47e-02	4.79e-17
 8.37503e+18	9.75e-01	2.45e-02	4.75e-17
 8.37523e+18	9.76e-01	2.43e-02	4.72e-17
 8.37544e+18	9.76e-01	2.41e-02	4.68e-17
 8.37572e+18	9.76e-01	2.39e-02	4.63e-17
 8.37603e+18	9.76e-01	2.36e-02	4.58e-17
 8.37630e+18	9.77e-01	2.33e-02	4.54e-17
 8.37655e+18	9.77e-01	2.31e-02	4.50e-17
 8.37678e+18	9.77e-01	2.30e-02	4.47e-17
 8.37699e+18	9.77e-01	2.28e-02	4.44e-17
 8.37722e+18	9.77e-01	2.26e-02	4.40e-17
 8.37747e+18	9.78e-01	2.23e-02	4.36e-17
 8.37769e+18	9.78e-01	2.22e-02	4.33e-17
 8.37793e+18	9.78e-01	2.20e-02	4.31e-17
 8.37825e+18	9.78e-01	2.18e-02	4.31e-17
 8.37867e+18	9.78e-01	2.17e-02	4.36e-17
 8.37921e+18	9.78e-01	2.15e-02	4.38e-17
 8.37991e+18	9.79e-01	2.12e-02	4.40e-17
 8.38082e+18	9.79e-01	2.09e-02	4.44e-17
 8.38200e+18	9.80e-01	2.04e-02	4.48e-17
 8.38335e+18	9.80e-01	2.00e-02	4.54e-17
 8.38463e+18	9.80e-01	1.95e-02	4.60e-17
 8.38581e+18	9.81e-01	1.91e-02	4.63e-17
 8.38703e+18	9.81e-01	1.86e-02	4.64e-17
 8.38838e+18	9.82e-01	1.81e-02	4.66e-17
 8.38981e+18	9.82e-01	1.76e-02	4.67e-17
 8.39123e+18	9.83e-01	1.71e-02	4.68e-17
 8.39263e+18	9.83e-01	1.66e-02	4.67e-17
 8.39407e+18	9.84e-01	1.60e-02	4.65e-17
 8.39558e+18	9.85e-01	1.55e-02	4.63e-17
 8.39714e+18	9.85e-01	1.50e-02	4.61e-17
 8.39871e+18	9.86e-01	1.44e-02	4.57e-17
 8.40028e+18	9.86e-01	1.39e-02	4.53e-17
 8.40189e+18	9.87e-01	1.34e-02	4.49e-17
 8.40355e+18	9.87e-01	1.28e-02	4.43e-17
 8.40524e+18	9.88e-01	1.23e-02	4.38e-17
 8.40694e+18	9.88e-01	1.18e-02	4.32e-17
 8.40866e+18	9.89e-01	1.13e-02	4.25e-17
 8.41040e+18	9.89e-01	1.08e-02	4.18e-17
 8.41218e+18	9.90e-01	1.03e-02	4.11e-17
 8.41397e+18	9.90e-01	9.88e-03	4.03e-17
 8.41578e+18	9.91e-01	9.43e-03	3.95e-17
 8.41760e+18	9.91e-01	9.00e-03	3.87e-17
 8.41945e+18	9.91e-01	8.57e-03	3.79e-17
 8.42131e+18	9.92e-01	8.17e-03	3.70e-17
 8.42319e+18	9.92e-01	7.77e-03	3.61e-17
 8.42509e+18	9.93e-01	7.39e-03	3.52e-17
 8.42700e+18	9.93e-01	7.03e-03	3.44e-17
 8.42892e+18	9.93e-01	6.68e-03	3.34e-17
 8.43086e+18	9.94e-01	6.34e-03	3.25e-17
 8.43281e+18	9.94e-01	6.01e-03	3.16e-17
 8.43479e+18	9.94e-01	5.70e-03	3.07e-17
 8.43677e+18	9.95e-01	5.40e-03	2.97e-17
 8.43877e+18	9.95e-01	5.11e-03	2.88e-17
 8.44079e+18	9.95e-01	4.83e-03	2.79e-17
 8.44282e+18	9.95e-01	4.57e-03	2.69e-17
 8.44487e+18	9.96e-01	4.32e-03	2.60e-17
 8.44692e+18	9.96e-01	4.08e-03	2.51e-17
 8.44899e+18	9.96e-01	3.85e-03	2.42e-17
 8.45107e+18	9.96e-01	3.63e-03	2.33e-17
 8.45316e+18	9.97e-01	3.42e-03	2.24e-17
 8.45528e+18	9.97e-01	3.22e-03	2.15e-17
 8.45741e+18	9.97e-01	3.03e-03	2.07e-17
 8.45956e+18	9.97e-01	2.85e-03	1.98e-17
 8.46172e+18	9.97e-01	2.68e-03	1.89e-17
 8.46393e+18	9.97e-01	2.51e-03	1.81e-17
 8.46619e+18	9.98e-01	2.35e-03	1.72e-17
 8.46846e+18	9.98e-01	2.20e-03	1.64e-17
 8.47070e+18	9.98e-01	2.06e-03	1.56e-17
 8.47295e+18	9.98e-01	1.93e-03	1.49e-17
 8.47525e+18	9.98e-01	1.80e-03	1.41e-17
 8.47760e+18	9.98e-01	1.68e-03	1.34e-17
 8.47996e+18	9.98e-01	1.56e-03	1.26e-17
 8.48233e+18	9.99e-01	1.45e-03	1.19e-17
 8.48473e+18	9.99e-01	1.35e-03	1.13e-17
 8.48718e+18	9.99e-01	1.26e-03	1.06e-17
 8.48967e+18	9.99e-01	1.16e-03	9.95e-18
 8.49217e+18	9.99e-01	1.08e-03	9.35e-18
