#depth	H	H+	H2
 1.10966e+13	3.93e-05	1.00e+00	1.14e-16
 6.65795e+13	3.92e-05	1.00e+00	1.14e-16
 2.88511e+14	3.92e-05	1.00e+00	1.14e-16
 1.17624e+15	3.93e-05	1.00e+00	1.15e-16
 2.80965e+15	3.93e-05	1.00e+00	1.15e-16
 4.93310e+15	3.94e-05	1.00e+00	1.16e-16
 7.69357e+15	3.95e-05	1.00e+00	1.17e-16
 1.12822e+16	3.96e-05	1.00e+00	1.18e-16
 1.59474e+16	3.97e-05	1.00e+00	1.19e-16
 2.20122e+16	3.99e-05	1.00e+00	1.21e-16
 2.98963e+16	4.01e-05	1.00e+00	1.23e-16
 4.01458e+16	4.03e-05	1.00e+00	1.26e-16
 5.34701e+16	4.07e-05	1.00e+00	1.29e-16
 7.07916e+16	4.11e-05	1.00e+00	1.33e-16
 9.33097e+16	4.17e-05	1.00e+00	1.38e-16
 1.22583e+17	4.25e-05	1.00e+00	1.44e-16
 1.60639e+17	4.36e-05	1.00e+00	1.53e-16
 2.10111e+17	4.50e-05	1.00e+00	1.64e-16
 2.74425e+17	4.69e-05	1.00e+00	1.79e-16
 3.58032e+17	4.95e-05	1.00e+00	1.99e-16
 4.25554e+17	5.14e-05	1.00e+00	2.16e-16
 4.68109e+17	5.28e-05	1.00e+00	2.27e-16
 5.14920e+17	5.44e-05	1.00e+00	2.40e-16
 5.66412e+17	5.62e-05	1.00e+00	2.55e-16
 6.23053e+17	5.82e-05	1.00e+00	2.74e-16
 6.85358e+17	6.05e-05	1.00e+00	2.94e-16
 7.53894e+17	6.31e-05	1.00e+00	3.19e-16
 8.29283e+17	6.61e-05	1.00e+00	3.47e-16
 9.12212e+17	6.95e-05	1.00e+00	3.82e-16
 1.00343e+18	7.33e-05	1.00e+00	4.22e-16
 1.10378e+18	7.78e-05	1.00e+00	4.72e-16
 1.21415e+18	8.29e-05	1.00e+00	5.32e-16
 1.33557e+18	8.89e-05	1.00e+00	6.06e-16
 1.46913e+18	9.59e-05	1.00e+00	6.98e-16
 1.61604e+18	1.04e-04	1.00e+00	8.13e-16
 1.77764e+18	1.14e-04	1.00e+00	9.60e-16
 1.95541e+18	1.25e-04	1.00e+00	1.15e-15
 2.14949e+18	1.39e-04	1.00e+00	1.39e-15
 2.35547e+18	1.55e-04	1.00e+00	1.70e-15
 2.56969e+18	1.73e-04	1.00e+00	2.09e-15
 2.79248e+18	1.94e-04	1.00e+00	2.58e-15
 3.02418e+18	2.18e-04	1.00e+00	3.21e-15
 3.26514e+18	2.47e-04	1.00e+00	4.02e-15
 3.51575e+18	2.80e-04	1.00e+00	5.06e-15
 3.77638e+18	3.20e-04	1.00e+00	6.42e-15
 4.04743e+18	3.68e-04	1.00e+00	8.23e-15
 4.32356e+18	4.25e-04	1.00e+00	1.06e-14
 4.55506e+18	4.80e-04	1.00e+00	1.30e-14
 4.72686e+18	5.26e-04	9.99e-01	1.51e-14
 4.90682e+18	5.83e-04	9.99e-01	1.79e-14
 5.14076e+18	6.67e-04	9.99e-01	2.22e-14
 5.37274e+18	7.63e-04	9.99e-01	2.74e-14
 5.54845e+18	8.49e-04	9.99e-01	3.21e-14
 5.70001e+18	9.35e-04	9.99e-01	3.70e-14
 5.87392e+18	1.05e-03	9.99e-01	4.39e-14
 6.06152e+18	1.20e-03	9.99e-01	5.26e-14
 6.22401e+18	1.35e-03	9.99e-01	6.17e-14
 6.36420e+18	1.50e-03	9.99e-01	7.11e-14
 6.51830e+18	1.70e-03	9.98e-01	8.40e-14
 6.67956e+18	1.96e-03	9.98e-01	1.00e-13
 6.80530e+18	2.20e-03	9.98e-01	1.15e-13
 6.90131e+18	2.41e-03	9.98e-01	1.29e-13
 7.00349e+18	2.69e-03	9.97e-01	1.47e-13
 7.11593e+18	3.05e-03	9.97e-01	1.71e-13
 7.21526e+18	3.43e-03	9.97e-01	1.96e-13
 7.29913e+18	3.82e-03	9.96e-01	2.22e-13
 7.37639e+18	4.25e-03	9.96e-01	2.50e-13
 7.45207e+18	4.75e-03	9.95e-01	2.84e-13
 7.52527e+18	5.34e-03	9.95e-01	3.24e-13
 7.59332e+18	6.01e-03	9.94e-01	3.70e-13
 7.65604e+18	6.77e-03	9.93e-01	4.24e-13
 7.71471e+18	7.62e-03	9.92e-01	4.83e-13
 7.77060e+18	8.65e-03	9.91e-01	5.59e-13
 7.82368e+18	9.84e-03	9.90e-01	6.44e-13
 7.87372e+18	1.13e-02	9.89e-01	7.50e-13
 7.92109e+18	1.30e-02	9.87e-01	8.83e-13
 7.96553e+18	1.50e-02	9.85e-01	1.04e-12
 8.00718e+18	1.76e-02	9.82e-01	1.25e-12
 8.04628e+18	2.08e-02	9.79e-01	1.51e-12
 8.07752e+18	2.42e-02	9.76e-01	1.80e-12
 8.09777e+18	2.70e-02	9.73e-01	2.04e-12
 8.11291e+18	2.95e-02	9.71e-01	2.26e-12
 8.12953e+18	3.27e-02	9.67e-01	2.56e-12
 8.14787e+18	3.70e-02	9.63e-01	2.98e-12
 8.16364e+18	4.18e-02	9.58e-01	3.44e-12
 8.17599e+18	4.63e-02	9.54e-01	3.91e-12
 8.18683e+18	5.10e-02	9.49e-01	4.41e-12
 8.19905e+18	5.73e-02	9.43e-01	5.13e-12
 8.21164e+18	6.54e-02	9.35e-01	6.10e-12
 8.22154e+18	7.36e-02	9.26e-01	7.14e-12
 8.22950e+18	8.17e-02	9.18e-01	8.24e-12
 8.23808e+18	9.18e-02	9.08e-01	9.71e-12
 8.24745e+18	1.06e-01	8.94e-01	1.19e-11
 8.25565e+18	1.22e-01	8.78e-01	1.47e-11
 8.26253e+18	1.39e-01	8.61e-01	1.81e-11
 8.26885e+18	1.58e-01	8.42e-01	2.24e-11
 8.27603e+18	1.85e-01	8.15e-01	2.92e-11
 8.28364e+18	2.23e-01	7.77e-01	4.09e-11
 8.28978e+18	2.64e-01	7.36e-01	5.67e-11
 8.29417e+18	3.01e-01	6.99e-01	7.41e-11
 8.29727e+18	3.31e-01	6.69e-01	9.12e-11
 8.29981e+18	3.57e-01	6.43e-01	1.09e-10
 8.30216e+18	3.84e-01	6.16e-01	1.29e-10
 8.30432e+18	4.10e-01	5.90e-01	1.53e-10
 8.30631e+18	4.36e-01	5.64e-01	1.78e-10
 8.30808e+18	4.60e-01	5.40e-01	2.07e-10
 8.30964e+18	4.81e-01	5.19e-01	2.35e-10
 8.31110e+18	5.03e-01	4.97e-01	2.68e-10
 8.31248e+18	5.22e-01	4.78e-01	3.01e-10
 8.31379e+18	5.42e-01	4.58e-01	3.40e-10
 8.31483e+18	5.58e-01	4.42e-01	3.72e-10
 8.31558e+18	5.69e-01	4.31e-01	3.99e-10
 8.31630e+18	5.80e-01	4.20e-01	4.26e-10
 8.31711e+18	5.93e-01	4.07e-01	4.62e-10
 8.31797e+18	6.05e-01	3.95e-01	4.99e-10
 8.31879e+18	6.18e-01	3.82e-01	5.39e-10
 8.31959e+18	6.30e-01	3.70e-01	5.82e-10
 8.32037e+18	6.42e-01	3.58e-01	6.26e-10
 8.32115e+18	6.54e-01	3.46e-01	6.75e-10
 8.32194e+18	6.66e-01	3.34e-01	7.31e-10
 8.32271e+18	6.77e-01	3.23e-01	7.83e-10
 8.32348e+18	6.88e-01	3.12e-01	8.47e-10
 8.32425e+18	6.99e-01	3.01e-01	9.15e-10
 8.32500e+18	7.10e-01	2.90e-01	9.85e-10
 8.32574e+18	7.20e-01	2.80e-01	1.06e-09
 8.32649e+18	7.31e-01	2.69e-01	1.15e-09
 8.32724e+18	7.40e-01	2.60e-01	1.23e-09
 8.32798e+18	7.50e-01	2.50e-01	1.33e-09
 8.32871e+18	7.60e-01	2.40e-01	1.42e-09
 8.32944e+18	7.69e-01	2.31e-01	1.54e-09
 8.33017e+18	7.78e-01	2.22e-01	1.66e-09
 8.33089e+18	7.87e-01	2.13e-01	1.79e-09
 8.33161e+18	7.95e-01	2.05e-01	1.92e-09
 8.33232e+18	8.03e-01	1.97e-01	2.07e-09
 8.33302e+18	8.11e-01	1.89e-01	2.22e-09
 8.33371e+18	8.19e-01	1.81e-01	2.40e-09
 8.33440e+18	8.26e-01	1.74e-01	2.56e-09
 8.33508e+18	8.33e-01	1.67e-01	2.77e-09
 8.33575e+18	8.39e-01	1.61e-01	2.96e-09
 8.33642e+18	8.46e-01	1.54e-01	3.19e-09
 8.33708e+18	8.52e-01	1.48e-01	3.41e-09
 8.33773e+18	8.58e-01	1.42e-01	3.69e-09
 8.33839e+18	8.63e-01	1.37e-01	3.92e-09
 8.33904e+18	8.69e-01	1.31e-01	4.23e-09
 8.33968e+18	8.74e-01	1.26e-01	4.55e-09
 8.34032e+18	8.79e-01	1.21e-01	4.88e-09
 8.34096e+18	8.84e-01	1.16e-01	5.23e-09
 8.34160e+18	8.89e-01	1.11e-01	5.62e-09
 8.34223e+18	8.93e-01	1.07e-01	6.02e-09
 8.34286e+18	8.97e-01	1.03e-01	6.48e-09
 8.34349e+18	9.01e-01	9.87e-02	6.92e-09
 8.34412e+18	9.05e-01	9.47e-02	7.46e-09
 8.34475e+18	9.09e-01	9.09e-02	7.97e-09
 8.34537e+18	9.13e-01	8.72e-02	8.58e-09
 8.34600e+18	9.16e-01	8.37e-02	9.20e-09
 8.34662e+18	9.20e-01	8.04e-02	9.86e-09
 8.34724e+18	9.23e-01	7.71e-02	1.06e-08
 8.34787e+18	9.26e-01	7.40e-02	1.14e-08
 8.34849e+18	9.29e-01	7.10e-02	1.22e-08
 8.34911e+18	9.32e-01	6.81e-02	1.31e-08
 8.34973e+18	9.35e-01	6.54e-02	1.40e-08
 8.35035e+18	9.37e-01	6.27e-02	1.49e-08
 8.35097e+18	9.40e-01	6.02e-02	1.60e-08
 8.35159e+18	9.42e-01	5.78e-02	1.71e-08
 8.35222e+18	9.45e-01	5.54e-02	1.82e-08
 8.35284e+18	9.47e-01	5.31e-02	1.95e-08
 8.35347e+18	9.49e-01	5.09e-02	2.07e-08
 8.35409e+18	9.51e-01	4.89e-02	2.20e-08
 8.35472e+18	9.53e-01	4.68e-02	2.33e-08
 8.35535e+18	9.55e-01	4.49e-02	2.46e-08
 8.35598e+18	9.57e-01	4.31e-02	2.60e-08
 8.35660e+18	9.59e-01	4.13e-02	2.73e-08
 8.35723e+18	9.60e-01	3.96e-02	2.87e-08
 8.35786e+18	9.62e-01	3.79e-02	3.00e-08
 8.35849e+18	9.64e-01	3.63e-02	3.13e-08
 8.35912e+18	9.65e-01	3.48e-02	3.25e-08
 8.35974e+18	9.67e-01	3.33e-02	3.36e-08
 8.36037e+18	9.68e-01	3.19e-02	3.47e-08
 8.36099e+18	9.69e-01	3.06e-02	3.56e-08
 8.36161e+18	9.71e-01	2.93e-02	3.65e-08
 8.36223e+18	9.72e-01	2.80e-02	3.74e-08
 8.36284e+18	9.73e-01	2.68e-02	3.81e-08
 8.36345e+18	9.74e-01	2.57e-02	3.87e-08
 8.36404e+18	9.75e-01	2.46e-02	3.92e-08
 8.36459e+18	9.76e-01	2.36e-02	3.98e-08
 8.36510e+18	9.77e-01	2.27e-02	4.03e-08
 8.36556e+18	9.78e-01	2.19e-02	4.09e-08
 8.36599e+18	9.79e-01	2.12e-02	4.14e-08
 8.36639e+18	9.79e-01	2.05e-02	4.20e-08
 8.36677e+18	9.80e-01	1.99e-02	4.27e-08
 8.36711e+18	9.81e-01	1.94e-02	4.33e-08
 8.36741e+18	9.81e-01	1.89e-02	4.40e-08
 8.36770e+18	9.82e-01	1.84e-02	4.47e-08
 8.36795e+18	9.82e-01	1.80e-02	4.53e-08
 8.36818e+18	9.82e-01	1.77e-02	4.60e-08
 8.36839e+18	9.83e-01	1.74e-02	4.65e-08
 8.36859e+18	9.83e-01	1.71e-02	4.71e-08
 8.36880e+18	9.83e-01	1.68e-02	4.78e-08
 8.36903e+18	9.84e-01	1.64e-02	4.86e-08
 8.36923e+18	9.84e-01	1.62e-02	4.94e-08
 8.36942e+18	9.84e-01	1.59e-02	5.01e-08
 8.36963e+18	9.84e-01	1.56e-02	5.09e-08
 8.36985e+18	9.85e-01	1.53e-02	5.19e-08
 8.37005e+18	9.85e-01	1.50e-02	5.28e-08
 8.37024e+18	9.85e-01	1.48e-02	5.36e-08
 8.37044e+18	9.85e-01	1.45e-02	5.46e-08
 8.37066e+18	9.86e-01	1.43e-02	5.55e-08
 8.37086e+18	9.86e-01	1.41e-02	5.63e-08
 8.37108e+18	9.86e-01	1.38e-02	5.74e-08
 8.37131e+18	9.86e-01	1.35e-02	5.85e-08
 8.37153e+18	9.87e-01	1.33e-02	5.95e-08
 8.37172e+18	9.87e-01	1.31e-02	6.05e-08
 8.37193e+18	9.87e-01	1.29e-02	6.15e-08
 8.37221e+18	9.87e-01	1.26e-02	6.31e-08
 8.37251e+18	9.88e-01	1.23e-02	6.47e-08
 8.37278e+18	9.88e-01	1.20e-02	6.62e-08
 8.37303e+18	9.88e-01	1.18e-02	6.76e-08
 8.37326e+18	9.88e-01	1.16e-02	6.89e-08
 8.37346e+18	9.89e-01	1.14e-02	7.01e-08
 8.37369e+18	9.89e-01	1.12e-02	7.16e-08
 8.37393e+18	9.89e-01	1.10e-02	7.32e-08
 8.37415e+18	9.89e-01	1.08e-02	7.47e-08
 8.37435e+18	9.89e-01	1.06e-02	7.60e-08
 8.37458e+18	9.90e-01	1.05e-02	7.74e-08
 8.37481e+18	9.90e-01	1.03e-02	7.93e-08
 8.37503e+18	9.90e-01	1.01e-02	8.08e-08
 8.37523e+18	9.90e-01	9.95e-03	8.22e-08
 8.37544e+18	9.90e-01	9.79e-03	8.37e-08
 8.37572e+18	9.90e-01	9.57e-03	8.62e-08
 8.37603e+18	9.91e-01	9.35e-03	8.84e-08
 8.37630e+18	9.91e-01	9.16e-03	9.06e-08
 8.37655e+18	9.91e-01	9.00e-03	9.24e-08
 8.37678e+18	9.91e-01	8.85e-03	9.42e-08
 8.37699e+18	9.91e-01	8.72e-03	9.57e-08
 8.37722e+18	9.91e-01	8.58e-03	9.76e-08
 8.37747e+18	9.92e-01	8.42e-03	9.97e-08
 8.37769e+18	9.92e-01	8.30e-03	1.01e-07
 8.37793e+18	9.92e-01	8.18e-03	1.02e-07
 8.37825e+18	9.92e-01	8.07e-03	1.02e-07
 8.37867e+18	9.92e-01	7.98e-03	1.02e-07
 8.37921e+18	9.92e-01	7.81e-03	1.02e-07
 8.37991e+18	9.92e-01	7.61e-03	1.02e-07
 8.38082e+18	9.93e-01	7.35e-03	1.02e-07
 8.38200e+18	9.93e-01	7.03e-03	1.02e-07
 8.38335e+18	9.93e-01	6.67e-03	1.02e-07
 8.38463e+18	9.94e-01	6.36e-03	1.02e-07
 8.38581e+18	9.94e-01	6.11e-03	1.01e-07
 8.38703e+18	9.94e-01	5.87e-03	1.01e-07
 8.38838e+18	9.94e-01	5.62e-03	1.01e-07
 8.38981e+18	9.95e-01	5.37e-03	1.01e-07
 8.39123e+18	9.95e-01	5.14e-03	1.01e-07
 8.39263e+18	9.95e-01	4.93e-03	1.01e-07
 8.39407e+18	9.95e-01	4.73e-03	1.01e-07
 8.39558e+18	9.95e-01	4.54e-03	1.01e-07
 8.39714e+18	9.96e-01	4.35e-03	1.01e-07
 8.39871e+18	9.96e-01	4.17e-03	1.01e-07
 8.40028e+18	9.96e-01	4.01e-03	1.01e-07
 8.40189e+18	9.96e-01	3.85e-03	1.01e-07
 8.40355e+18	9.96e-01	3.69e-03	1.01e-07
 8.40524e+18	9.96e-01	3.55e-03	1.01e-07
 8.40694e+18	9.97e-01	3.41e-03	1.01e-07
 8.40866e+18	9.97e-01	3.27e-03	1.00e-07
 8.41040e+18	9.97e-01	3.15e-03	1.00e-07
 8.41218e+18	9.97e-01	3.02e-03	1.00e-07
 8.41397e+18	9.97e-01	2.91e-03	1.00e-07
 8.41578e+18	9.97e-01	2.80e-03	1.00e-07
 8.41760e+18	9.97e-01	2.69e-03	1.00e-07
 8.41945e+18	9.97e-01	2.58e-03	1.00e-07
 8.42131e+18	9.98e-01	2.48e-03	1.00e-07
 8.42319e+18	9.98e-01	2.39e-03	1.00e-07
 8.42509e+18	9.98e-01	2.30e-03	1.00e-07
 8.42700e+18	9.98e-01	2.21e-03	1.00e-07
 8.42892e+18	9.98e-01	2.12e-03	1.00e-07
 8.43086e+18	9.98e-01	2.04e-03	1.00e-07
 8.43281e+18	9.98e-01	1.96e-03	1.00e-07
 8.43479e+18	9.98e-01	1.89e-03	1.00e-07
 8.43677e+18	9.98e-01	1.82e-03	1.00e-07
 8.43877e+18	9.98e-01	1.75e-03	1.00e-07
 8.44079e+18	9.98e-01	1.68e-03	1.00e-07
 8.44282e+18	9.98e-01	1.61e-03	1.00e-07
 8.44487e+18	9.98e-01	1.55e-03	1.00e-07
 8.44692e+18	9.99e-01	1.49e-03	1.00e-07
 8.44899e+18	9.99e-01	1.43e-03	1.00e-07
 8.45107e+18	9.99e-01	1.37e-03	1.00e-07
 8.45316e+18	9.99e-01	1.32e-03	1.00e-07
 8.45528e+18	9.99e-01	1.27e-03	1.00e-07
 8.45741e+18	9.99e-01	1.22e-03	1.00e-07
 8.45956e+18	9.99e-01	1.17e-03	1.00e-07
 8.46172e+18	9.99e-01	1.12e-03	1.00e-07
 8.46393e+18	9.99e-01	1.08e-03	1.00e-07
 8.46619e+18	9.99e-01	1.03e-03	1.00e-07
 8.46846e+18	9.99e-01	9.88e-04	1.00e-07
 8.47070e+18	9.99e-01	9.48e-04	1.00e-07
 8.47295e+18	9.99e-01	9.10e-04	1.00e-07
 8.47525e+18	9.99e-01	8.71e-04	1.01e-07
 8.47760e+18	9.99e-01	8.34e-04	1.01e-07
 8.47996e+18	9.99e-01	7.98e-04	1.01e-07
 8.48233e+18	9.99e-01	7.63e-04	1.01e-07
 8.48473e+18	9.99e-01	7.33e-04	1.01e-07
 8.48718e+18	9.99e-01	6.99e-04	1.01e-07
 8.48967e+18	9.99e-01	6.67e-04	1.01e-07
 8.49217e+18	9.99e-01	6.39e-04	1.01e-07
