#depth	H	H+	H2
 9.94562e+12	1.07e-04	1.00e+00	2.30e-14
 5.96737e+13	1.07e-04	1.00e+00	2.30e-14
 2.58586e+14	1.08e-04	1.00e+00	2.31e-14
 1.05424e+15	1.08e-04	1.00e+00	2.34e-14
 2.51823e+15	1.08e-04	1.00e+00	2.35e-14
 4.42142e+15	1.08e-04	1.00e+00	2.36e-14
 6.89558e+15	1.09e-04	1.00e+00	2.37e-14
 1.01120e+16	1.09e-04	1.00e+00	2.39e-14
 1.42933e+16	1.09e-04	1.00e+00	2.41e-14
 1.97290e+16	1.10e-04	1.00e+00	2.44e-14
 2.67954e+16	1.10e-04	1.00e+00	2.47e-14
 3.59818e+16	1.11e-04	1.00e+00	2.51e-14
 4.79240e+16	1.12e-04	1.00e+00	2.56e-14
 6.34490e+16	1.13e-04	1.00e+00	2.63e-14
 8.36314e+16	1.14e-04	1.00e+00	2.73e-14
 1.09869e+17	1.16e-04	1.00e+00	2.85e-14
 1.43977e+17	1.19e-04	1.00e+00	3.02e-14
 1.88318e+17	1.23e-04	1.00e+00	3.24e-14
 2.45961e+17	1.28e-04	1.00e+00	3.56e-14
 3.20896e+17	1.34e-04	1.00e+00	4.01e-14
 3.81414e+17	1.39e-04	1.00e+00	4.38e-14
 4.19555e+17	1.43e-04	1.00e+00	4.64e-14
 4.61511e+17	1.47e-04	1.00e+00	4.94e-14
 5.07662e+17	1.51e-04	1.00e+00	5.29e-14
 5.58428e+17	1.57e-04	1.00e+00	5.71e-14
 6.14271e+17	1.62e-04	1.00e+00	6.19e-14
 6.75698e+17	1.69e-04	1.00e+00	6.77e-14
 7.43268e+17	1.76e-04	1.00e+00	7.46e-14
 8.17595e+17	1.85e-04	1.00e+00	8.29e-14
 8.99354e+17	1.95e-04	1.00e+00	9.30e-14
 9.89290e+17	2.06e-04	1.00e+00	1.05e-13
 1.08822e+18	2.19e-04	1.00e+00	1.20e-13
 1.19704e+18	2.35e-04	1.00e+00	1.39e-13
 1.31674e+18	2.53e-04	1.00e+00	1.63e-13
 1.44842e+18	2.74e-04	1.00e+00	1.93e-13
 1.59326e+18	2.99e-04	1.00e+00	2.32e-13
 1.75259e+18	3.28e-04	1.00e+00	2.83e-13
 1.92785e+18	3.65e-04	1.00e+00	3.50e-13
 2.12004e+18	4.09e-04	1.00e+00	4.41e-13
 2.32484e+18	4.62e-04	1.00e+00	5.60e-13
 2.53784e+18	5.24e-04	9.99e-01	7.14e-13
 2.72347e+18	5.84e-04	9.99e-01	8.74e-13
 2.86541e+18	6.34e-04	9.99e-01	1.02e-12
 3.01464e+18	6.95e-04	9.99e-01	1.20e-12
 3.20865e+18	7.82e-04	9.99e-01	1.47e-12
 3.40369e+18	8.78e-04	9.99e-01	1.78e-12
 3.55613e+18	9.63e-04	9.99e-01	2.06e-12
 3.70067e+18	1.05e-03	9.99e-01	2.37e-12
 3.85724e+18	1.16e-03	9.99e-01	2.73e-12
 4.00276e+18	1.27e-03	9.99e-01	3.10e-12
 4.12240e+18	1.38e-03	9.99e-01	3.43e-12
 4.22204e+18	1.47e-03	9.99e-01	3.73e-12
 4.31423e+18	1.56e-03	9.98e-01	4.02e-12
 4.40544e+18	1.66e-03	9.98e-01	4.31e-12
 4.49411e+18	1.77e-03	9.98e-01	4.59e-12
 4.57755e+18	1.88e-03	9.98e-01	4.85e-12
 4.65581e+18	1.99e-03	9.98e-01	5.07e-12
 4.73078e+18	2.10e-03	9.98e-01	5.24e-12
 4.80396e+18	2.23e-03	9.98e-01	5.35e-12
 4.87572e+18	2.36e-03	9.98e-01	5.39e-12
 4.94601e+18	2.50e-03	9.97e-01	5.36e-12
 5.01593e+18	2.66e-03	9.97e-01	5.19e-12
 5.08418e+18	2.83e-03	9.97e-01	4.97e-12
 5.15071e+18	3.01e-03	9.97e-01	4.64e-12
 5.21688e+18	3.21e-03	9.97e-01	4.28e-12
 5.28255e+18	3.44e-03	9.97e-01	3.92e-12
 5.34915e+18	3.70e-03	9.96e-01	3.56e-12
 5.41721e+18	4.01e-03	9.96e-01	3.23e-12
 5.48654e+18	4.38e-03	9.96e-01	2.94e-12
 5.55710e+18	4.82e-03	9.95e-01	2.70e-12
 5.62644e+18	5.34e-03	9.95e-01	2.53e-12
 5.69088e+18	5.92e-03	9.94e-01	2.43e-12
 5.74263e+18	6.48e-03	9.94e-01	2.39e-12
 5.77910e+18	6.94e-03	9.93e-01	2.40e-12
 5.80868e+18	7.35e-03	9.93e-01	2.41e-12
 5.84127e+18	7.86e-03	9.92e-01	2.42e-12
 5.87442e+18	8.45e-03	9.92e-01	2.47e-12
 5.89926e+18	8.93e-03	9.91e-01	2.53e-12
 5.91754e+18	9.33e-03	9.91e-01	2.58e-12
 5.93372e+18	9.70e-03	9.90e-01	2.64e-12
 5.95213e+18	1.02e-02	9.90e-01	2.73e-12
 5.97069e+18	1.07e-02	9.89e-01	2.80e-12
 5.98462e+18	1.10e-02	9.89e-01	2.89e-12
 5.99538e+18	1.14e-02	9.89e-01	2.97e-12
 6.00682e+18	1.17e-02	9.88e-01	3.07e-12
 6.01937e+18	1.21e-02	9.88e-01	3.20e-12
 6.03053e+18	1.25e-02	9.87e-01	3.34e-12
 6.04043e+18	1.29e-02	9.87e-01	3.48e-12
 6.05153e+18	1.33e-02	9.87e-01	3.63e-12
 6.06597e+18	1.38e-02	9.86e-01	3.87e-12
 6.08474e+18	1.47e-02	9.85e-01	4.19e-12
 6.10915e+18	1.60e-02	9.84e-01	4.52e-12
 6.14087e+18	1.81e-02	9.82e-01	5.00e-12
 6.18211e+18	2.16e-02	9.78e-01	5.78e-12
 6.22815e+18	2.72e-02	9.73e-01	7.09e-12
 6.26736e+18	3.49e-02	9.65e-01	8.99e-12
 6.29512e+18	4.32e-02	9.57e-01	1.13e-11
 6.31553e+18	5.21e-02	9.48e-01	1.38e-11
 6.33341e+18	6.27e-02	9.37e-01	1.73e-11
 6.35065e+18	7.67e-02	9.23e-01	2.25e-11
 6.36654e+18	9.57e-02	9.04e-01	3.07e-11
 6.37959e+18	1.19e-01	8.81e-01	4.26e-11
 6.38956e+18	1.44e-01	8.56e-01	5.83e-11
 6.39751e+18	1.71e-01	8.29e-01	7.94e-11
 6.40450e+18	2.02e-01	7.98e-01	1.08e-10
 6.41093e+18	2.39e-01	7.61e-01	1.52e-10
 6.41659e+18	2.80e-01	7.20e-01	2.17e-10
 6.42099e+18	3.19e-01	6.81e-01	2.98e-10
 6.42407e+18	3.50e-01	6.50e-01	3.83e-10
 6.42640e+18	3.76e-01	6.24e-01	4.65e-10
 6.42847e+18	4.02e-01	5.98e-01	5.67e-10
 6.43049e+18	4.27e-01	5.73e-01	6.88e-10
 6.43239e+18	4.53e-01	5.47e-01	8.33e-10
 6.43407e+18	4.76e-01	5.24e-01	9.95e-10
 6.43553e+18	4.97e-01	5.03e-01	1.16e-09
 6.43684e+18	5.17e-01	4.83e-01	1.36e-09
 6.43811e+18	5.36e-01	4.64e-01	1.58e-09
 6.43918e+18	5.52e-01	4.48e-01	1.77e-09
 6.43995e+18	5.64e-01	4.36e-01	1.96e-09
 6.44067e+18	5.75e-01	4.25e-01	2.14e-09
 6.44144e+18	5.88e-01	4.12e-01	2.38e-09
 6.44225e+18	6.01e-01	3.99e-01	2.64e-09
 6.44304e+18	6.13e-01	3.87e-01	2.93e-09
 6.44382e+18	6.25e-01	3.75e-01	3.26e-09
 6.44458e+18	6.37e-01	3.63e-01	3.62e-09
 6.44533e+18	6.49e-01	3.51e-01	4.02e-09
 6.44608e+18	6.61e-01	3.39e-01	4.47e-09
 6.44681e+18	6.73e-01	3.27e-01	4.97e-09
 6.44754e+18	6.84e-01	3.16e-01	5.52e-09
 6.44827e+18	6.95e-01	3.05e-01	6.13e-09
 6.44898e+18	7.06e-01	2.94e-01	6.80e-09
 6.44969e+18	7.16e-01	2.84e-01	7.54e-09
 6.45040e+18	7.27e-01	2.73e-01	8.38e-09
 6.45110e+18	7.37e-01	2.63e-01	9.30e-09
 6.45179e+18	7.47e-01	2.53e-01	1.03e-08
 6.45247e+18	7.57e-01	2.43e-01	1.14e-08
 6.45314e+18	7.66e-01	2.34e-01	1.25e-08
 6.45381e+18	7.75e-01	2.25e-01	1.38e-08
 6.45447e+18	7.84e-01	2.16e-01	1.51e-08
 6.45512e+18	7.93e-01	2.07e-01	1.64e-08
 6.45575e+18	8.01e-01	1.99e-01	1.78e-08
 6.45636e+18	8.09e-01	1.91e-01	1.92e-08
 6.45697e+18	8.16e-01	1.84e-01	2.05e-08
 6.45756e+18	8.23e-01	1.77e-01	2.17e-08
 6.45814e+18	8.30e-01	1.70e-01	2.29e-08
 6.45870e+18	8.37e-01	1.63e-01	2.38e-08
 6.45925e+18	8.44e-01	1.56e-01	2.47e-08
 6.45980e+18	8.50e-01	1.50e-01	2.54e-08
 6.46032e+18	8.56e-01	1.44e-01	2.59e-08
 6.46083e+18	8.62e-01	1.38e-01	2.63e-08
 6.46133e+18	8.67e-01	1.33e-01	2.66e-08
 6.46181e+18	8.72e-01	1.28e-01	2.68e-08
 6.46225e+18	8.77e-01	1.23e-01	2.69e-08
 6.46264e+18	8.82e-01	1.18e-01	2.70e-08
 6.46300e+18	8.85e-01	1.15e-01	2.70e-08
 6.46332e+18	8.89e-01	1.11e-01	2.71e-08
 6.46361e+18	8.92e-01	1.08e-01	2.72e-08
 6.46388e+18	8.95e-01	1.05e-01	2.73e-08
 6.46412e+18	8.98e-01	1.02e-01	2.74e-08
 6.46434e+18	9.00e-01	1.00e-01	2.75e-08
 6.46454e+18	9.02e-01	9.78e-02	2.77e-08
 6.46472e+18	9.04e-01	9.59e-02	2.78e-08
 6.46488e+18	9.06e-01	9.41e-02	2.80e-08
 6.46504e+18	9.07e-01	9.25e-02	2.82e-08
 6.46517e+18	9.09e-01	9.11e-02	2.84e-08
 6.46532e+18	9.11e-01	8.95e-02	2.86e-08
 6.46549e+18	9.12e-01	8.78e-02	2.88e-08
 6.46563e+18	9.14e-01	8.62e-02	2.91e-08
 6.46577e+18	9.15e-01	8.49e-02	2.93e-08
 6.46589e+18	9.16e-01	8.37e-02	2.96e-08
 6.46602e+18	9.18e-01	8.23e-02	2.99e-08
 6.46617e+18	9.19e-01	8.09e-02	3.02e-08
 6.46630e+18	9.20e-01	7.96e-02	3.05e-08
 6.46642e+18	9.22e-01	7.85e-02	3.08e-08
 6.46655e+18	9.23e-01	7.71e-02	3.12e-08
 6.46669e+18	9.24e-01	7.58e-02	3.16e-08
 6.46682e+18	9.25e-01	7.46e-02	3.20e-08
 6.46694e+18	9.26e-01	7.36e-02	3.24e-08
 6.46707e+18	9.28e-01	7.23e-02	3.29e-08
 6.46721e+18	9.29e-01	7.11e-02	3.34e-08
 6.46733e+18	9.30e-01	6.99e-02	3.39e-08
 6.46745e+18	9.31e-01	6.90e-02	3.43e-08
 6.46755e+18	9.32e-01	6.80e-02	3.48e-08
 6.46767e+18	9.33e-01	6.70e-02	3.53e-08
 6.46779e+18	9.34e-01	6.59e-02	3.58e-08
 6.46791e+18	9.35e-01	6.50e-02	3.64e-08
 6.46801e+18	9.36e-01	6.41e-02	3.69e-08
 6.46812e+18	9.37e-01	6.31e-02	3.75e-08
 6.46824e+18	9.38e-01	6.22e-02	3.81e-08
 6.46835e+18	9.39e-01	6.13e-02	3.87e-08
 6.46845e+18	9.40e-01	6.05e-02	3.93e-08
 6.46856e+18	9.40e-01	5.95e-02	3.99e-08
 6.46868e+18	9.41e-01	5.86e-02	4.06e-08
 6.46879e+18	9.42e-01	5.78e-02	4.13e-08
 6.46889e+18	9.43e-01	5.71e-02	4.18e-08
 6.46900e+18	9.44e-01	5.62e-02	4.25e-08
 6.46911e+18	9.45e-01	5.53e-02	4.33e-08
 6.46922e+18	9.45e-01	5.46e-02	4.40e-08
 6.46931e+18	9.46e-01	5.39e-02	4.46e-08
 6.46942e+18	9.47e-01	5.31e-02	4.54e-08
 6.46953e+18	9.48e-01	5.23e-02	4.62e-08
 6.46964e+18	9.48e-01	5.17e-02	4.66e-08
 6.46975e+18	9.49e-01	5.12e-02	4.66e-08
 6.46990e+18	9.49e-01	5.05e-02	4.66e-08
 6.47009e+18	9.50e-01	5.00e-02	4.65e-08
 6.47034e+18	9.51e-01	4.92e-02	4.65e-08
 6.47067e+18	9.52e-01	4.80e-02	4.65e-08
 6.47109e+18	9.53e-01	4.66e-02	4.65e-08
 6.47164e+18	9.55e-01	4.48e-02	4.64e-08
 6.47227e+18	9.57e-01	4.29e-02	4.64e-08
 6.47288e+18	9.59e-01	4.12e-02	4.63e-08
 6.47345e+18	9.60e-01	3.96e-02	4.63e-08
 6.47402e+18	9.62e-01	3.81e-02	4.63e-08
 6.47459e+18	9.63e-01	3.66e-02	4.62e-08
 6.47518e+18	9.65e-01	3.51e-02	4.62e-08
 6.47576e+18	9.66e-01	3.37e-02	4.61e-08
 6.47634e+18	9.68e-01	3.24e-02	4.61e-08
 6.47692e+18	9.69e-01	3.11e-02	4.60e-08
 6.47749e+18	9.70e-01	2.99e-02	4.60e-08
 6.47807e+18	9.71e-01	2.87e-02	4.60e-08
 6.47865e+18	9.72e-01	2.76e-02	4.59e-08
 6.47923e+18	9.74e-01	2.65e-02	4.59e-08
 6.47981e+18	9.75e-01	2.54e-02	4.58e-08
 6.48039e+18	9.76e-01	2.44e-02	4.58e-08
 6.48097e+18	9.77e-01	2.34e-02	4.58e-08
 6.48155e+18	9.78e-01	2.25e-02	4.57e-08
 6.48213e+18	9.78e-01	2.16e-02	4.57e-08
 6.48271e+18	9.79e-01	2.07e-02	4.57e-08
 6.48329e+18	9.80e-01	1.99e-02	4.56e-08
 6.48387e+18	9.81e-01	1.91e-02	4.56e-08
 6.48445e+18	9.82e-01	1.83e-02	4.56e-08
 6.48503e+18	9.82e-01	1.76e-02	4.55e-08
 6.48562e+18	9.83e-01	1.69e-02	4.55e-08
 6.48620e+18	9.84e-01	1.62e-02	4.55e-08
 6.48678e+18	9.84e-01	1.55e-02	4.55e-08
 6.48737e+18	9.85e-01	1.49e-02	4.54e-08
 6.48795e+18	9.86e-01	1.43e-02	4.54e-08
 6.48854e+18	9.86e-01	1.37e-02	4.54e-08
 6.48913e+18	9.87e-01	1.31e-02	4.54e-08
 6.48972e+18	9.87e-01	1.26e-02	4.53e-08
 6.49031e+18	9.88e-01	1.21e-02	4.53e-08
 6.49090e+18	9.88e-01	1.16e-02	4.53e-08
 6.49149e+18	9.89e-01	1.11e-02	4.53e-08
 6.49208e+18	9.89e-01	1.06e-02	4.53e-08
 6.49268e+18	9.90e-01	1.02e-02	4.53e-08
 6.49327e+18	9.90e-01	9.78e-03	4.52e-08
 6.49387e+18	9.91e-01	9.37e-03	4.52e-08
 6.49447e+18	9.91e-01	8.97e-03	4.52e-08
 6.49507e+18	9.91e-01	8.59e-03	4.52e-08
 6.49567e+18	9.92e-01	8.23e-03	4.52e-08
 6.49627e+18	9.92e-01	7.88e-03	4.52e-08
 6.49688e+18	9.92e-01	7.54e-03	4.52e-08
 6.49749e+18	9.93e-01	7.21e-03	4.51e-08
 6.49810e+18	9.93e-01	6.90e-03	4.51e-08
 6.49871e+18	9.93e-01	6.60e-03	4.51e-08
 6.49933e+18	9.94e-01	6.32e-03	4.51e-08
 6.49995e+18	9.94e-01	6.04e-03	4.51e-08
 6.50057e+18	9.94e-01	5.77e-03	4.51e-08
 6.50119e+18	9.94e-01	5.52e-03	4.51e-08
 6.50181e+18	9.95e-01	5.27e-03	4.51e-08
 6.50244e+18	9.95e-01	5.04e-03	4.51e-08
 6.50308e+18	9.95e-01	4.81e-03	4.51e-08
 6.50372e+18	9.95e-01	4.59e-03	4.51e-08
 6.50436e+18	9.96e-01	4.39e-03	4.51e-08
 6.50501e+18	9.96e-01	4.18e-03	4.51e-08
 6.50567e+18	9.96e-01	3.98e-03	4.51e-08
 6.50633e+18	9.96e-01	3.79e-03	4.51e-08
 6.50700e+18	9.96e-01	3.61e-03	4.51e-08
 6.50767e+18	9.97e-01	3.44e-03	4.51e-08
 6.50834e+18	9.97e-01	3.27e-03	4.51e-08
 6.50902e+18	9.97e-01	3.11e-03	4.51e-08
 6.50972e+18	9.97e-01	2.96e-03	4.51e-08
 6.51043e+18	9.97e-01	2.81e-03	4.51e-08
 6.51115e+18	9.97e-01	2.66e-03	4.51e-08
 6.51188e+18	9.97e-01	2.52e-03	4.51e-08
 6.51261e+18	9.98e-01	2.39e-03	4.51e-08
 6.51335e+18	9.98e-01	2.29e-03	4.51e-08
 6.51403e+18	9.98e-01	2.18e-03	4.51e-08
 6.51475e+18	9.98e-01	2.06e-03	4.51e-08
 6.51552e+18	9.98e-01	1.95e-03	4.51e-08
 6.51635e+18	9.98e-01	1.84e-03	4.51e-08
 6.51719e+18	9.98e-01	1.74e-03	4.51e-08
 6.51803e+18	9.98e-01	1.65e-03	4.51e-08
 6.51889e+18	9.98e-01	1.55e-03	4.52e-08
 6.51977e+18	9.99e-01	1.46e-03	4.52e-08
 6.52065e+18	9.99e-01	1.39e-03	4.52e-08
 6.52154e+18	9.99e-01	1.30e-03	4.52e-08
 6.52243e+18	9.99e-01	1.24e-03	4.52e-08
 6.52333e+18	9.99e-01	1.16e-03	4.52e-08
 6.52429e+18	9.99e-01	1.11e-03	4.52e-08
 6.52534e+18	9.99e-01	1.03e-03	4.52e-08
 6.52643e+18	9.99e-01	9.84e-04	4.53e-08
 6.52757e+18	9.99e-01	9.13e-04	4.53e-08
 6.52878e+18	9.99e-01	8.75e-04	4.53e-08
 6.53009e+18	9.99e-01	8.05e-04	4.53e-08
 6.53150e+18	9.99e-01	7.73e-04	4.53e-08
 6.53306e+18	9.99e-01	7.09e-04	4.54e-08
 6.53480e+18	9.99e-01	6.81e-04	4.54e-08
 6.53677e+18	9.99e-01	6.29e-04	4.54e-08
 6.53917e+18	9.99e-01	5.98e-04	4.55e-08
 6.54211e+18	9.99e-01	5.59e-04	4.55e-08
 6.54590e+18	9.99e-01	5.36e-04	4.56e-08
 6.55079e+18	9.99e-01	5.12e-04	4.57e-08
 6.55716e+18	1.00e+00	4.81e-04	4.58e-08
 6.56543e+18	1.00e+00	4.70e-04	4.60e-08
 6.57619e+18	1.00e+00	4.52e-04	4.62e-08
 6.59017e+18	1.00e+00	4.37e-04	4.65e-08
 6.60835e+18	1.00e+00	4.18e-04	4.69e-08
 6.63198e+18	1.00e+00	3.98e-04	4.74e-08
 6.66270e+18	1.00e+00	3.74e-04	4.80e-08
 6.70264e+18	1.00e+00	3.49e-04	4.89e-08
 6.75455e+18	1.00e+00	3.19e-04	5.00e-08
 6.81712e+18	1.00e+00	2.87e-04	5.14e-08
 6.89354e+18	1.00e+00	2.55e-04	5.31e-08
 6.97998e+18	1.00e+00	2.22e-04	5.51e-08
 7.07946e+18	1.00e+00	1.89e-04	5.75e-08
 7.20878e+18	1.00e+00	1.65e-04	6.08e-08
 7.37690e+18	1.00e+00	1.33e-04	6.53e-08
 7.57033e+18	1.00e+00	1.13e-04	7.07e-08
 7.79666e+18	1.00e+00	8.48e-05	7.77e-08
