#depth	H	H+	H2
 1.16438e+13	2.85e-05	1.00e+00	2.15e-17
 6.98631e+13	2.85e-05	1.00e+00	2.15e-17
 3.02740e+14	2.85e-05	1.00e+00	2.15e-17
 1.23425e+15	2.85e-05	1.00e+00	2.16e-17
 2.94822e+15	2.85e-05	1.00e+00	2.17e-17
 5.17639e+15	2.86e-05	1.00e+00	2.18e-17
 8.07301e+15	2.86e-05	1.00e+00	2.19e-17
 1.18386e+16	2.87e-05	1.00e+00	2.21e-17
 1.67339e+16	2.88e-05	1.00e+00	2.23e-17
 2.30978e+16	2.89e-05	1.00e+00	2.25e-17
 3.13708e+16	2.90e-05	1.00e+00	2.29e-17
 4.21257e+16	2.92e-05	1.00e+00	2.33e-17
 5.61071e+16	2.95e-05	1.00e+00	2.39e-17
 7.42830e+16	2.98e-05	1.00e+00	2.46e-17
 9.79116e+16	3.02e-05	1.00e+00	2.56e-17
 1.28629e+17	3.08e-05	1.00e+00	2.68e-17
 1.68561e+17	3.15e-05	1.00e+00	2.85e-17
 2.20473e+17	3.26e-05	1.00e+00	3.07e-17
 2.87959e+17	3.40e-05	1.00e+00	3.37e-17
 3.75690e+17	3.59e-05	1.00e+00	3.80e-17
 4.46541e+17	3.72e-05	1.00e+00	4.12e-17
 4.91195e+17	3.83e-05	1.00e+00	4.37e-17
 5.40315e+17	3.94e-05	1.00e+00	4.65e-17
 5.94346e+17	4.07e-05	1.00e+00	4.98e-17
 6.53781e+17	4.22e-05	1.00e+00	5.38e-17
 7.19159e+17	4.39e-05	1.00e+00	5.83e-17
 7.91075e+17	4.58e-05	1.00e+00	6.38e-17
 8.70182e+17	4.80e-05	1.00e+00	7.03e-17
 9.57201e+17	5.05e-05	1.00e+00	7.82e-17
 1.05292e+18	5.34e-05	1.00e+00	8.76e-17
 1.15821e+18	5.67e-05	1.00e+00	9.93e-17
 1.27403e+18	6.05e-05	1.00e+00	1.14e-16
 1.40144e+18	6.49e-05	1.00e+00	1.32e-16
 1.54158e+18	7.00e-05	1.00e+00	1.54e-16
 1.69574e+18	7.61e-05	1.00e+00	1.83e-16
 1.86531e+18	8.32e-05	1.00e+00	2.20e-16
 2.05184e+18	9.17e-05	1.00e+00	2.69e-16
 2.25254e+18	1.02e-04	1.00e+00	3.32e-16
 2.46264e+18	1.13e-04	1.00e+00	4.12e-16
 2.68115e+18	1.26e-04	1.00e+00	5.14e-16
 2.90840e+18	1.40e-04	1.00e+00	6.44e-16
 3.14473e+18	1.57e-04	1.00e+00	8.11e-16
 3.39052e+18	1.77e-04	1.00e+00	1.03e-15
 3.64614e+18	2.00e-04	1.00e+00	1.31e-15
 3.91199e+18	2.27e-04	1.00e+00	1.68e-15
 4.18847e+18	2.59e-04	1.00e+00	2.18e-15
 4.47601e+18	2.97e-04	1.00e+00	2.84e-15
 4.77505e+18	3.44e-04	1.00e+00	3.74e-15
 5.07315e+18	3.98e-04	1.00e+00	4.92e-15
 5.32828e+18	4.52e-04	1.00e+00	6.19e-15
 5.53576e+18	5.04e-04	9.99e-01	7.50e-15
 5.76113e+18	5.69e-04	9.99e-01	9.29e-15
 6.01212e+18	6.54e-04	9.99e-01	1.18e-14
 6.24201e+18	7.46e-04	9.99e-01	1.46e-14
 6.44663e+18	8.43e-04	9.99e-01	1.79e-14
 6.67279e+18	9.75e-04	9.99e-01	2.25e-14
 6.90973e+18	1.14e-03	9.99e-01	2.87e-14
 7.10528e+18	1.31e-03	9.99e-01	3.54e-14
 7.27165e+18	1.49e-03	9.99e-01	4.26e-14
 7.45548e+18	1.74e-03	9.98e-01	5.30e-14
 7.64829e+18	2.06e-03	9.98e-01	6.72e-14
 7.78740e+18	2.36e-03	9.98e-01	8.04e-14
 7.87576e+18	2.59e-03	9.97e-01	9.13e-14
 7.96352e+18	2.86e-03	9.97e-01	1.04e-13
 8.07761e+18	3.27e-03	9.97e-01	1.24e-13
 8.19218e+18	3.79e-03	9.96e-01	1.50e-13
 8.27733e+18	4.29e-03	9.96e-01	1.76e-13
 8.34325e+18	4.75e-03	9.95e-01	2.00e-13
 8.41419e+18	5.35e-03	9.95e-01	2.33e-13
 8.49117e+18	6.13e-03	9.94e-01	2.75e-13
 8.55805e+18	7.01e-03	9.93e-01	3.26e-13
 8.61392e+18	7.93e-03	9.92e-01	3.79e-13
 8.66518e+18	8.96e-03	9.91e-01	4.42e-13
 8.72357e+18	1.04e-02	9.90e-01	5.34e-13
 8.78358e+18	1.24e-02	9.88e-01	6.61e-13
 8.83074e+18	1.46e-02	9.85e-01	8.06e-13
 8.86852e+18	1.69e-02	9.83e-01	9.62e-13
 8.90240e+18	1.95e-02	9.81e-01	1.15e-12
 8.93351e+18	2.26e-02	9.77e-01	1.38e-12
 8.95931e+18	2.59e-02	9.74e-01	1.64e-12
 8.97923e+18	2.91e-02	9.71e-01	1.89e-12
 8.99670e+18	3.26e-02	9.67e-01	2.18e-12
 9.01373e+18	3.68e-02	9.63e-01	2.54e-12
 9.03007e+18	4.17e-02	9.58e-01	2.99e-12
 9.04468e+18	4.73e-02	9.53e-01	3.51e-12
 9.05744e+18	5.33e-02	9.47e-01	4.10e-12
 9.06888e+18	6.01e-02	9.40e-01	4.80e-12
 9.07947e+18	6.76e-02	9.32e-01	5.62e-12
 9.08940e+18	7.63e-02	9.24e-01	6.64e-12
 9.09858e+18	8.67e-02	9.13e-01	7.93e-12
 9.10678e+18	9.78e-02	9.02e-01	9.40e-12
 9.11422e+18	1.10e-01	8.90e-01	1.13e-11
 9.12123e+18	1.25e-01	8.75e-01	1.35e-11
 9.12780e+18	1.42e-01	8.58e-01	1.64e-11
 9.13395e+18	1.61e-01	8.39e-01	2.03e-11
 9.13960e+18	1.83e-01	8.17e-01	2.51e-11
 9.14483e+18	2.07e-01	7.93e-01	3.11e-11
 9.14987e+18	2.36e-01	7.64e-01	3.93e-11
 9.15473e+18	2.69e-01	7.31e-01	5.06e-11
 9.15906e+18	3.04e-01	6.96e-01	6.51e-11
 9.16253e+18	3.38e-01	6.62e-01	8.12e-11
 9.16520e+18	3.66e-01	6.34e-01	9.72e-11
 9.16745e+18	3.91e-01	6.09e-01	1.13e-10
 9.16952e+18	4.16e-01	5.84e-01	1.32e-10
 9.17146e+18	4.41e-01	5.59e-01	1.52e-10
 9.17327e+18	4.64e-01	5.36e-01	1.73e-10
 9.17493e+18	4.87e-01	5.13e-01	1.97e-10
 9.17645e+18	5.08e-01	4.92e-01	2.21e-10
 9.17786e+18	5.28e-01	4.72e-01	2.47e-10
 9.17898e+18	5.44e-01	4.56e-01	2.69e-10
 9.17977e+18	5.55e-01	4.45e-01	2.86e-10
 9.18052e+18	5.66e-01	4.34e-01	3.03e-10
 9.18138e+18	5.78e-01	4.22e-01	3.24e-10
 9.18230e+18	5.92e-01	4.08e-01	3.48e-10
 9.18319e+18	6.05e-01	3.95e-01	3.73e-10
 9.18404e+18	6.17e-01	3.83e-01	3.97e-10
 9.18488e+18	6.29e-01	3.71e-01	4.24e-10
 9.18573e+18	6.40e-01	3.60e-01	4.51e-10
 9.18657e+18	6.53e-01	3.47e-01	4.81e-10
 9.18740e+18	6.64e-01	3.36e-01	5.10e-10
 9.18824e+18	6.76e-01	3.24e-01	5.45e-10
 9.18906e+18	6.87e-01	3.13e-01	5.77e-10
 9.18988e+18	6.98e-01	3.02e-01	6.13e-10
 9.19070e+18	7.08e-01	2.92e-01	6.47e-10
 9.19153e+18	7.19e-01	2.81e-01	6.89e-10
 9.19235e+18	7.29e-01	2.71e-01	7.26e-10
 9.19316e+18	7.39e-01	2.61e-01	7.68e-10
 9.19398e+18	7.49e-01	2.51e-01	8.09e-10
 9.19480e+18	7.58e-01	2.42e-01	8.56e-10
 9.19562e+18	7.68e-01	2.32e-01	9.00e-10
 9.19643e+18	7.77e-01	2.23e-01	9.48e-10
 9.19725e+18	7.85e-01	2.15e-01	9.95e-10
 9.19808e+18	7.94e-01	2.06e-01	1.05e-09
 9.19890e+18	8.02e-01	1.98e-01	1.10e-09
 9.19972e+18	8.10e-01	1.90e-01	1.15e-09
 9.20054e+18	8.18e-01	1.82e-01	1.21e-09
 9.20137e+18	8.25e-01	1.75e-01	1.26e-09
 9.20220e+18	8.32e-01	1.68e-01	1.32e-09
 9.20303e+18	8.39e-01	1.61e-01	1.38e-09
 9.20386e+18	8.46e-01	1.54e-01	1.44e-09
 9.20469e+18	8.52e-01	1.48e-01	1.50e-09
 9.20553e+18	8.58e-01	1.42e-01	1.56e-09
 9.20636e+18	8.64e-01	1.36e-01	1.62e-09
 9.20720e+18	8.70e-01	1.30e-01	1.68e-09
 9.20805e+18	8.75e-01	1.25e-01	1.75e-09
 9.20890e+18	8.80e-01	1.20e-01	1.82e-09
 9.20976e+18	8.85e-01	1.15e-01	1.88e-09
 9.21062e+18	8.90e-01	1.10e-01	1.95e-09
 9.21148e+18	8.95e-01	1.05e-01	2.02e-09
 9.21236e+18	8.99e-01	1.01e-01	2.08e-09
 9.21325e+18	9.03e-01	9.67e-02	2.17e-09
 9.21415e+18	9.07e-01	9.27e-02	2.24e-09
 9.21505e+18	9.11e-01	8.88e-02	2.32e-09
 9.21596e+18	9.15e-01	8.52e-02	2.38e-09
 9.21689e+18	9.18e-01	8.16e-02	2.47e-09
 9.21783e+18	9.22e-01	7.82e-02	2.55e-09
 9.21878e+18	9.25e-01	7.50e-02	2.63e-09
 9.21975e+18	9.28e-01	7.18e-02	2.71e-09
 9.22073e+18	9.31e-01	6.88e-02	2.80e-09
 9.22173e+18	9.34e-01	6.60e-02	2.89e-09
 9.22274e+18	9.37e-01	6.32e-02	2.99e-09
 9.22377e+18	9.39e-01	6.06e-02	3.08e-09
 9.22482e+18	9.42e-01	5.81e-02	3.18e-09
 9.22589e+18	9.44e-01	5.58e-02	3.28e-09
 9.22698e+18	9.47e-01	5.35e-02	3.38e-09
 9.22808e+18	9.49e-01	5.13e-02	3.49e-09
 9.22921e+18	9.51e-01	4.92e-02	3.60e-09
 9.23035e+18	9.53e-01	4.72e-02	3.73e-09
 9.23152e+18	9.55e-01	4.53e-02	3.85e-09
 9.23270e+18	9.57e-01	4.35e-02	3.98e-09
 9.23391e+18	9.58e-01	4.17e-02	4.12e-09
 9.23514e+18	9.60e-01	4.00e-02	4.26e-09
 9.23639e+18	9.62e-01	3.84e-02	4.41e-09
 9.23765e+18	9.63e-01	3.69e-02	4.58e-09
 9.23894e+18	9.65e-01	3.55e-02	4.75e-09
 9.24025e+18	9.66e-01	3.41e-02	4.93e-09
 9.24157e+18	9.67e-01	3.27e-02	5.13e-09
 9.24292e+18	9.69e-01	3.15e-02	5.34e-09
 9.24428e+18	9.70e-01	3.02e-02	5.57e-09
 9.24565e+18	9.71e-01	2.91e-02	5.81e-09
 9.24705e+18	9.72e-01	2.79e-02	6.08e-09
 9.24845e+18	9.73e-01	2.69e-02	6.37e-09
 9.24987e+18	9.74e-01	2.58e-02	6.69e-09
 9.25130e+18	9.75e-01	2.48e-02	7.03e-09
 9.25274e+18	9.76e-01	2.39e-02	7.42e-09
 9.25418e+18	9.77e-01	2.30e-02	7.83e-09
 9.25564e+18	9.78e-01	2.21e-02	8.30e-09
 9.25710e+18	9.79e-01	2.13e-02	8.80e-09
 9.25855e+18	9.80e-01	2.04e-02	9.36e-09
 9.26001e+18	9.80e-01	1.97e-02	9.98e-09
 9.26149e+18	9.81e-01	1.89e-02	1.07e-08
 9.26296e+18	9.82e-01	1.82e-02	1.14e-08
 9.26443e+18	9.83e-01	1.75e-02	1.23e-08
 9.26590e+18	9.83e-01	1.68e-02	1.32e-08
 9.26737e+18	9.84e-01	1.62e-02	1.43e-08
 9.26883e+18	9.84e-01	1.55e-02	1.53e-08
 9.27030e+18	9.85e-01	1.49e-02	1.65e-08
 9.27176e+18	9.86e-01	1.44e-02	1.79e-08
 9.27322e+18	9.86e-01	1.38e-02	1.92e-08
 9.27466e+18	9.87e-01	1.33e-02	2.07e-08
 9.27611e+18	9.87e-01	1.28e-02	2.23e-08
 9.27754e+18	9.88e-01	1.23e-02	2.38e-08
 9.27897e+18	9.88e-01	1.18e-02	2.55e-08
 9.28038e+18	9.89e-01	1.13e-02	2.71e-08
 9.28179e+18	9.89e-01	1.09e-02	2.88e-08
 9.28318e+18	9.90e-01	1.05e-02	3.03e-08
 9.28456e+18	9.90e-01	1.01e-02	3.19e-08
 9.28592e+18	9.90e-01	9.65e-03	3.33e-08
 9.28725e+18	9.91e-01	9.27e-03	3.47e-08
 9.28852e+18	9.91e-01	8.91e-03	3.60e-08
 9.28969e+18	9.91e-01	8.60e-03	3.72e-08
 9.29078e+18	9.92e-01	8.31e-03	3.83e-08
 9.29182e+18	9.92e-01	8.03e-03	3.93e-08
 9.29282e+18	9.92e-01	7.79e-03	4.03e-08
 9.29378e+18	9.92e-01	7.54e-03	4.12e-08
 9.29469e+18	9.93e-01	7.30e-03	4.22e-08
 9.29553e+18	9.93e-01	7.10e-03	4.31e-08
 9.29632e+18	9.93e-01	6.90e-03	4.41e-08
 9.29709e+18	9.93e-01	6.71e-03	4.52e-08
 9.29783e+18	9.93e-01	6.53e-03	4.63e-08
 9.29854e+18	9.94e-01	6.37e-03	4.74e-08
 9.29922e+18	9.94e-01	6.21e-03	4.86e-08
 9.29986e+18	9.94e-01	6.06e-03	4.98e-08
 9.30044e+18	9.94e-01	5.92e-03	5.10e-08
 9.30097e+18	9.94e-01	5.80e-03	5.22e-08
 9.30145e+18	9.94e-01	5.70e-03	5.33e-08
 9.30188e+18	9.94e-01	5.60e-03	5.42e-08
 9.30236e+18	9.94e-01	5.50e-03	5.52e-08
 9.30288e+18	9.95e-01	5.37e-03	5.70e-08
 9.30335e+18	9.95e-01	5.28e-03	5.82e-08
 9.30378e+18	9.95e-01	5.19e-03	5.95e-08
 9.30417e+18	9.95e-01	5.11e-03	6.06e-08
 9.30459e+18	9.95e-01	5.03e-03	6.17e-08
 9.30515e+18	9.95e-01	4.90e-03	6.40e-08
 9.30575e+18	9.95e-01	4.78e-03	6.62e-08
 9.30629e+18	9.95e-01	4.66e-03	6.83e-08
 9.30679e+18	9.95e-01	4.58e-03	7.00e-08
 9.30724e+18	9.95e-01	4.50e-03	7.16e-08
 9.30765e+18	9.96e-01	4.43e-03	7.29e-08
 9.30810e+18	9.96e-01	4.37e-03	7.42e-08
 9.30868e+18	9.96e-01	4.26e-03	7.68e-08
 9.30932e+18	9.96e-01	4.16e-03	7.92e-08
 9.30989e+18	9.96e-01	4.06e-03	8.16e-08
 9.31041e+18	9.96e-01	3.98e-03	8.37e-08
 9.31089e+18	9.96e-01	3.92e-03	8.56e-08
 9.31132e+18	9.96e-01	3.85e-03	8.75e-08
 9.31172e+18	9.96e-01	3.80e-03	8.88e-08
 9.31215e+18	9.96e-01	3.73e-03	9.10e-08
 9.31261e+18	9.96e-01	3.68e-03	9.28e-08
 9.31312e+18	9.96e-01	3.59e-03	9.60e-08
 9.31368e+18	9.96e-01	3.52e-03	9.84e-08
 9.31418e+18	9.97e-01	3.45e-03	1.02e-07
 9.31463e+18	9.97e-01	3.39e-03	1.04e-07
 9.31505e+18	9.97e-01	3.34e-03	1.06e-07
 9.31543e+18	9.97e-01	3.29e-03	1.08e-07
 9.31584e+18	9.97e-01	3.24e-03	1.10e-07
 9.31629e+18	9.97e-01	3.18e-03	1.13e-07
 9.31670e+18	9.97e-01	3.13e-03	1.16e-07
 9.31707e+18	9.97e-01	3.09e-03	1.18e-07
 9.31747e+18	9.97e-01	3.04e-03	1.20e-07
 9.31791e+18	9.97e-01	2.99e-03	1.23e-07
 9.31831e+18	9.97e-01	2.95e-03	1.25e-07
 9.31867e+18	9.97e-01	2.91e-03	1.28e-07
 9.31907e+18	9.97e-01	2.86e-03	1.30e-07
 9.31959e+18	9.97e-01	2.80e-03	1.34e-07
 9.32015e+18	9.97e-01	2.75e-03	1.38e-07
 9.32065e+18	9.97e-01	2.69e-03	1.41e-07
 9.32112e+18	9.97e-01	2.67e-03	1.41e-07
 9.32162e+18	9.97e-01	2.64e-03	1.41e-07
 9.32228e+18	9.97e-01	2.62e-03	1.41e-07
 9.32314e+18	9.97e-01	2.57e-03	1.41e-07
 9.32425e+18	9.97e-01	2.52e-03	1.41e-07
 9.32570e+18	9.98e-01	2.44e-03	1.41e-07
 9.32754e+18	9.98e-01	2.34e-03	1.41e-07
 9.32955e+18	9.98e-01	2.23e-03	1.41e-07
 9.33135e+18	9.98e-01	2.14e-03	1.41e-07
 9.33300e+18	9.98e-01	2.08e-03	1.41e-07
 9.33479e+18	9.98e-01	2.01e-03	1.41e-07
 9.33684e+18	9.98e-01	1.93e-03	1.41e-07
 9.33891e+18	9.98e-01	1.84e-03	1.41e-07
 9.34083e+18	9.98e-01	1.78e-03	1.41e-07
 9.34269e+18	9.98e-01	1.72e-03	1.41e-07
 9.34468e+18	9.98e-01	1.66e-03	1.41e-07
 9.34678e+18	9.98e-01	1.60e-03	1.41e-07
 9.34886e+18	9.98e-01	1.54e-03	1.41e-07
 9.35086e+18	9.99e-01	1.49e-03	1.41e-07
 9.35286e+18	9.99e-01	1.43e-03	1.41e-07
 9.35494e+18	9.99e-01	1.38e-03	1.41e-07
 9.35707e+18	9.99e-01	1.33e-03	1.41e-07
 9.35916e+18	9.99e-01	1.28e-03	1.41e-07
 9.36123e+18	9.99e-01	1.24e-03	1.41e-07
 9.36331e+18	9.99e-01	1.19e-03	1.41e-07
 9.36545e+18	9.99e-01	1.15e-03	1.41e-07
 9.36760e+18	9.99e-01	1.10e-03	1.41e-07
 9.36973e+18	9.99e-01	1.06e-03	1.41e-07
 9.37186e+18	9.99e-01	1.03e-03	1.41e-07
 9.37401e+18	9.99e-01	9.89e-04	1.41e-07
 9.37619e+18	9.99e-01	9.52e-04	1.41e-07
 9.37838e+18	9.99e-01	9.16e-04	1.41e-07
 9.38056e+18	9.99e-01	8.83e-04	1.41e-07
 9.38275e+18	9.99e-01	8.51e-04	1.41e-07
 9.38495e+18	9.99e-01	8.18e-04	1.41e-07
 9.38718e+18	9.99e-01	7.88e-04	1.41e-07
 9.38941e+18	9.99e-01	7.58e-04	1.41e-07
