#depth	H	H+	H2
 1.06387e+13	5.56e-05	1.00e+00	1.55e-15
 6.38320e+13	5.56e-05	1.00e+00	1.56e-15
 2.76605e+14	5.57e-05	1.00e+00	1.57e-15
 1.12770e+15	5.58e-05	1.00e+00	1.58e-15
 2.69371e+15	5.59e-05	1.00e+00	1.60e-15
 4.72952e+15	5.60e-05	1.00e+00	1.62e-15
 7.37608e+15	5.61e-05	1.00e+00	1.64e-15
 1.08166e+16	5.63e-05	1.00e+00	1.66e-15
 1.52893e+16	5.65e-05	1.00e+00	1.68e-15
 2.11038e+16	5.67e-05	1.00e+00	1.70e-15
 2.86626e+16	5.70e-05	1.00e+00	1.73e-15
 3.84891e+16	5.73e-05	1.00e+00	1.77e-15
 5.12635e+16	5.78e-05	1.00e+00	1.82e-15
 6.78703e+16	5.84e-05	1.00e+00	1.88e-15
 8.94591e+16	5.93e-05	1.00e+00	1.95e-15
 1.17524e+17	6.04e-05	1.00e+00	2.06e-15
 1.54010e+17	6.18e-05	1.00e+00	2.19e-15
 2.01440e+17	6.38e-05	1.00e+00	2.36e-15
 2.63100e+17	6.65e-05	1.00e+00	2.60e-15
 3.43257e+17	7.02e-05	1.00e+00	2.93e-15
 4.07992e+17	7.29e-05	1.00e+00	3.23e-15
 4.48791e+17	7.48e-05	1.00e+00	3.42e-15
 4.93671e+17	7.70e-05	1.00e+00	3.64e-15
 5.43038e+17	7.95e-05	1.00e+00	3.89e-15
 5.97341e+17	8.23e-05	1.00e+00	4.19e-15
 6.57075e+17	8.55e-05	1.00e+00	4.53e-15
 7.22783e+17	8.91e-05	1.00e+00	4.94e-15
 7.95061e+17	9.32e-05	1.00e+00	5.41e-15
 8.74567e+17	9.79e-05	1.00e+00	5.98e-15
 9.62024e+17	1.03e-04	1.00e+00	6.65e-15
 1.05823e+18	1.09e-04	1.00e+00	7.46e-15
 1.16405e+18	1.17e-04	1.00e+00	8.44e-15
 1.28045e+18	1.25e-04	1.00e+00	9.65e-15
 1.40850e+18	1.34e-04	1.00e+00	1.11e-14
 1.54935e+18	1.46e-04	1.00e+00	1.30e-14
 1.70428e+18	1.59e-04	1.00e+00	1.53e-14
 1.87471e+18	1.75e-04	1.00e+00	1.82e-14
 2.06218e+18	1.94e-04	1.00e+00	2.20e-14
 2.26359e+18	2.17e-04	1.00e+00	2.69e-14
 2.47413e+18	2.43e-04	1.00e+00	3.28e-14
 2.69310e+18	2.73e-04	1.00e+00	4.01e-14
 2.92082e+18	3.09e-04	1.00e+00	4.92e-14
 3.15766e+18	3.51e-04	1.00e+00	6.04e-14
 3.40396e+18	4.01e-04	1.00e+00	7.44e-14
 3.66012e+18	4.62e-04	1.00e+00	9.12e-14
 3.87662e+18	5.18e-04	9.99e-01	1.07e-13
 4.03185e+18	5.65e-04	9.99e-01	1.19e-13
 4.19130e+18	6.20e-04	9.99e-01	1.32e-13
 4.39859e+18	7.01e-04	9.99e-01	1.50e-13
 4.60689e+18	7.92e-04	9.99e-01	1.67e-13
 4.76889e+18	8.74e-04	9.99e-01	1.81e-13
 4.90962e+18	9.55e-04	9.99e-01	1.93e-13
 5.07031e+18	1.06e-03	9.99e-01	2.09e-13
 5.24348e+18	1.20e-03	9.99e-01	2.23e-13
 5.39372e+18	1.33e-03	9.99e-01	2.36e-13
 5.52402e+18	1.46e-03	9.99e-01	2.47e-13
 5.66757e+18	1.64e-03	9.98e-01	2.61e-13
 5.81728e+18	1.85e-03	9.98e-01	2.75e-13
 5.93946e+18	2.06e-03	9.98e-01	2.88e-13
 6.04229e+18	2.26e-03	9.98e-01	3.02e-13
 6.15546e+18	2.53e-03	9.97e-01	3.20e-13
 6.27487e+18	2.86e-03	9.97e-01	3.42e-13
 6.37401e+18	3.19e-03	9.97e-01	3.65e-13
 6.45732e+18	3.53e-03	9.96e-01	3.89e-13
 6.54846e+18	3.96e-03	9.96e-01	4.22e-13
 6.64323e+18	4.51e-03	9.95e-01	4.65e-13
 6.71953e+18	5.06e-03	9.95e-01	5.08e-13
 6.78205e+18	5.61e-03	9.94e-01	5.55e-13
 6.84987e+18	6.32e-03	9.94e-01	6.13e-13
 6.92203e+18	7.25e-03	9.93e-01	6.95e-13
 6.98224e+18	8.25e-03	9.92e-01	7.88e-13
 7.03174e+18	9.26e-03	9.91e-01	8.79e-13
 7.07567e+18	1.04e-02	9.90e-01	9.82e-13
 7.11475e+18	1.15e-02	9.88e-01	1.10e-12
 7.14945e+18	1.28e-02	9.87e-01	1.23e-12
 7.18034e+18	1.42e-02	9.86e-01	1.36e-12
 7.20761e+18	1.56e-02	9.84e-01	1.51e-12
 7.23185e+18	1.71e-02	9.83e-01	1.67e-12
 7.25418e+18	1.87e-02	9.81e-01	1.85e-12
 7.27535e+18	2.05e-02	9.79e-01	2.05e-12
 7.29488e+18	2.25e-02	9.78e-01	2.28e-12
 7.31239e+18	2.46e-02	9.75e-01	2.52e-12
 7.32822e+18	2.67e-02	9.73e-01	2.79e-12
 7.34286e+18	2.90e-02	9.71e-01	3.08e-12
 7.35655e+18	3.15e-02	9.68e-01	3.41e-12
 7.36938e+18	3.42e-02	9.66e-01	3.79e-12
 7.38152e+18	3.72e-02	9.63e-01	4.21e-12
 7.39323e+18	4.05e-02	9.59e-01	4.71e-12
 7.40473e+18	4.43e-02	9.56e-01	5.31e-12
 7.41784e+18	4.94e-02	9.51e-01	6.16e-12
 7.43244e+18	5.66e-02	9.43e-01	7.42e-12
 7.44614e+18	6.58e-02	9.34e-01	9.08e-12
 7.45897e+18	7.67e-02	9.23e-01	1.13e-11
 7.47097e+18	9.06e-02	9.09e-01	1.43e-11
 7.48136e+18	1.07e-01	8.93e-01	1.82e-11
 7.49001e+18	1.25e-01	8.75e-01	2.31e-11
 7.49748e+18	1.44e-01	8.56e-01	2.93e-11
 7.50441e+18	1.67e-01	8.33e-01	3.75e-11
 7.51100e+18	1.95e-01	8.05e-01	4.96e-11
 7.51708e+18	2.28e-01	7.72e-01	6.63e-11
 7.52264e+18	2.65e-01	7.35e-01	9.14e-11
 7.52746e+18	3.06e-01	6.94e-01	1.25e-10
 7.53103e+18	3.41e-01	6.59e-01	1.62e-10
 7.53358e+18	3.69e-01	6.31e-01	1.96e-10
 7.53565e+18	3.94e-01	6.06e-01	2.35e-10
 7.53765e+18	4.18e-01	5.82e-01	2.78e-10
 7.53958e+18	4.44e-01	5.56e-01	3.31e-10
 7.54130e+18	4.68e-01	5.32e-01	3.91e-10
 7.54286e+18	4.90e-01	5.10e-01	4.53e-10
 7.54427e+18	5.11e-01	4.89e-01	5.24e-10
 7.54557e+18	5.30e-01	4.70e-01	5.97e-10
 7.54665e+18	5.46e-01	4.54e-01	6.62e-10
 7.54744e+18	5.58e-01	4.42e-01	7.30e-10
 7.54814e+18	5.69e-01	4.31e-01	7.83e-10
 7.54892e+18	5.81e-01	4.19e-01	8.61e-10
 7.54976e+18	5.95e-01	4.05e-01	9.47e-10
 7.55058e+18	6.07e-01	3.93e-01	1.04e-09
 7.55137e+18	6.19e-01	3.81e-01	1.14e-09
 7.55214e+18	6.31e-01	3.69e-01	1.25e-09
 7.55291e+18	6.43e-01	3.57e-01	1.37e-09
 7.55367e+18	6.55e-01	3.45e-01	1.50e-09
 7.55443e+18	6.67e-01	3.33e-01	1.65e-09
 7.55518e+18	6.78e-01	3.22e-01	1.81e-09
 7.55592e+18	6.89e-01	3.11e-01	1.99e-09
 7.55666e+18	7.00e-01	3.00e-01	2.19e-09
 7.55739e+18	7.11e-01	2.89e-01	2.41e-09
 7.55812e+18	7.22e-01	2.78e-01	2.65e-09
 7.55884e+18	7.32e-01	2.68e-01	2.93e-09
 7.55955e+18	7.42e-01	2.58e-01	3.23e-09
 7.56026e+18	7.52e-01	2.48e-01	3.55e-09
 7.56097e+18	7.61e-01	2.39e-01	3.92e-09
 7.56167e+18	7.70e-01	2.30e-01	4.33e-09
 7.56237e+18	7.80e-01	2.20e-01	4.80e-09
 7.56305e+18	7.88e-01	2.12e-01	5.30e-09
 7.56372e+18	7.96e-01	2.04e-01	5.84e-09
 7.56438e+18	8.04e-01	1.96e-01	6.44e-09
 7.56503e+18	8.12e-01	1.88e-01	7.08e-09
 7.56567e+18	8.19e-01	1.81e-01	7.80e-09
 7.56630e+18	8.26e-01	1.74e-01	8.60e-09
 7.56693e+18	8.33e-01	1.67e-01	9.47e-09
 7.56754e+18	8.40e-01	1.60e-01	1.04e-08
 7.56815e+18	8.46e-01	1.54e-01	1.15e-08
 7.56875e+18	8.52e-01	1.48e-01	1.26e-08
 7.56935e+18	8.58e-01	1.42e-01	1.37e-08
 7.56993e+18	8.63e-01	1.37e-01	1.50e-08
 7.57051e+18	8.69e-01	1.31e-01	1.64e-08
 7.57109e+18	8.74e-01	1.26e-01	1.78e-08
 7.57165e+18	8.79e-01	1.21e-01	1.93e-08
 7.57221e+18	8.83e-01	1.17e-01	2.09e-08
 7.57277e+18	8.88e-01	1.12e-01	2.26e-08
 7.57331e+18	8.92e-01	1.08e-01	2.42e-08
 7.57385e+18	8.97e-01	1.03e-01	2.59e-08
 7.57439e+18	9.01e-01	9.94e-02	2.75e-08
 7.57491e+18	9.04e-01	9.55e-02	2.91e-08
 7.57543e+18	9.08e-01	9.17e-02	3.06e-08
 7.57594e+18	9.12e-01	8.81e-02	3.20e-08
 7.57644e+18	9.15e-01	8.46e-02	3.33e-08
 7.57694e+18	9.19e-01	8.13e-02	3.44e-08
 7.57742e+18	9.22e-01	7.81e-02	3.52e-08
 7.57790e+18	9.25e-01	7.50e-02	3.58e-08
 7.57836e+18	9.28e-01	7.20e-02	3.63e-08
 7.57882e+18	9.31e-01	6.91e-02	3.66e-08
 7.57925e+18	9.34e-01	6.64e-02	3.69e-08
 7.57966e+18	9.36e-01	6.39e-02	3.70e-08
 7.58002e+18	9.38e-01	6.17e-02	3.72e-08
 7.58034e+18	9.40e-01	5.97e-02	3.74e-08
 7.58063e+18	9.42e-01	5.79e-02	3.75e-08
 7.58089e+18	9.44e-01	5.63e-02	3.77e-08
 7.58114e+18	9.45e-01	5.48e-02	3.80e-08
 7.58136e+18	9.47e-01	5.34e-02	3.82e-08
 7.58156e+18	9.48e-01	5.22e-02	3.85e-08
 7.58174e+18	9.49e-01	5.11e-02	3.88e-08
 7.58190e+18	9.50e-01	5.01e-02	3.92e-08
 7.58205e+18	9.51e-01	4.92e-02	3.95e-08
 7.58219e+18	9.52e-01	4.84e-02	3.98e-08
 7.58232e+18	9.52e-01	4.76e-02	4.02e-08
 7.58243e+18	9.53e-01	4.69e-02	4.05e-08
 7.58255e+18	9.54e-01	4.62e-02	4.09e-08
 7.58269e+18	9.55e-01	4.54e-02	4.14e-08
 7.58281e+18	9.55e-01	4.47e-02	4.19e-08
 7.58292e+18	9.56e-01	4.40e-02	4.23e-08
 7.58302e+18	9.57e-01	4.34e-02	4.28e-08
 7.58313e+18	9.57e-01	4.28e-02	4.33e-08
 7.58328e+18	9.58e-01	4.20e-02	4.39e-08
 7.58343e+18	9.59e-01	4.12e-02	4.47e-08
 7.58358e+18	9.60e-01	4.04e-02	4.54e-08
 7.58370e+18	9.60e-01	3.98e-02	4.61e-08
 7.58382e+18	9.61e-01	3.92e-02	4.68e-08
 7.58393e+18	9.61e-01	3.86e-02	4.74e-08
 7.58405e+18	9.62e-01	3.80e-02	4.82e-08
 7.58417e+18	9.63e-01	3.74e-02	4.90e-08
 7.58429e+18	9.63e-01	3.68e-02	4.98e-08
 7.58439e+18	9.64e-01	3.63e-02	5.05e-08
 7.58451e+18	9.64e-01	3.57e-02	5.14e-08
 7.58463e+18	9.65e-01	3.51e-02	5.23e-08
 7.58474e+18	9.65e-01	3.46e-02	5.32e-08
 7.58484e+18	9.66e-01	3.41e-02	5.41e-08
 7.58496e+18	9.66e-01	3.36e-02	5.51e-08
 7.58508e+18	9.67e-01	3.31e-02	5.62e-08
 7.58519e+18	9.67e-01	3.26e-02	5.72e-08
 7.58529e+18	9.68e-01	3.21e-02	5.81e-08
 7.58540e+18	9.68e-01	3.16e-02	5.93e-08
 7.58552e+18	9.69e-01	3.11e-02	6.05e-08
 7.58563e+18	9.69e-01	3.07e-02	6.15e-08
 7.58572e+18	9.70e-01	3.03e-02	6.26e-08
 7.58583e+18	9.70e-01	2.98e-02	6.38e-08
 7.58595e+18	9.71e-01	2.93e-02	6.50e-08
 7.58605e+18	9.71e-01	2.89e-02	6.61e-08
 7.58615e+18	9.71e-01	2.85e-02	6.72e-08
 7.58626e+18	9.72e-01	2.81e-02	6.85e-08
 7.58637e+18	9.72e-01	2.77e-02	6.98e-08
 7.58647e+18	9.73e-01	2.73e-02	7.10e-08
 7.58659e+18	9.73e-01	2.68e-02	7.25e-08
 7.58671e+18	9.74e-01	2.63e-02	7.38e-08
 7.58682e+18	9.74e-01	2.62e-02	7.38e-08
 7.58694e+18	9.74e-01	2.60e-02	7.38e-08
 7.58710e+18	9.74e-01	2.57e-02	7.37e-08
 7.58731e+18	9.75e-01	2.53e-02	7.37e-08
 7.58758e+18	9.75e-01	2.49e-02	7.37e-08
 7.58793e+18	9.76e-01	2.42e-02	7.36e-08
 7.58838e+18	9.77e-01	2.35e-02	7.36e-08
 7.58896e+18	9.77e-01	2.25e-02	7.35e-08
 7.58960e+18	9.78e-01	2.16e-02	7.34e-08
 7.59022e+18	9.79e-01	2.07e-02	7.33e-08
 7.59080e+18	9.80e-01	1.99e-02	7.33e-08
 7.59137e+18	9.81e-01	1.91e-02	7.32e-08
 7.59197e+18	9.82e-01	1.84e-02	7.31e-08
 7.59257e+18	9.82e-01	1.76e-02	7.31e-08
 7.59316e+18	9.83e-01	1.69e-02	7.30e-08
 7.59376e+18	9.84e-01	1.62e-02	7.30e-08
 7.59436e+18	9.84e-01	1.56e-02	7.29e-08
 7.59495e+18	9.85e-01	1.50e-02	7.29e-08
 7.59556e+18	9.86e-01	1.44e-02	7.28e-08
 7.59616e+18	9.86e-01	1.38e-02	7.28e-08
 7.59676e+18	9.87e-01	1.32e-02	7.27e-08
 7.59737e+18	9.87e-01	1.27e-02	7.27e-08
 7.59797e+18	9.88e-01	1.22e-02	7.26e-08
 7.59858e+18	9.88e-01	1.17e-02	7.26e-08
 7.59919e+18	9.89e-01	1.12e-02	7.26e-08
 7.59980e+18	9.89e-01	1.07e-02	7.25e-08
 7.60042e+18	9.90e-01	1.03e-02	7.25e-08
 7.60104e+18	9.90e-01	9.89e-03	7.25e-08
 7.60166e+18	9.91e-01	9.48e-03	7.24e-08
 7.60228e+18	9.91e-01	9.09e-03	7.24e-08
 7.60290e+18	9.91e-01	8.71e-03	7.24e-08
 7.60353e+18	9.92e-01	8.35e-03	7.23e-08
 7.60417e+18	9.92e-01	8.00e-03	7.23e-08
 7.60480e+18	9.92e-01	7.67e-03	7.23e-08
 7.60544e+18	9.93e-01	7.35e-03	7.23e-08
 7.60608e+18	9.93e-01	7.04e-03	7.23e-08
 7.60673e+18	9.93e-01	6.74e-03	7.22e-08
 7.60738e+18	9.94e-01	6.45e-03	7.22e-08
 7.60803e+18	9.94e-01	6.18e-03	7.22e-08
 7.60869e+18	9.94e-01	5.92e-03	7.22e-08
 7.60936e+18	9.94e-01	5.66e-03	7.22e-08
 7.61003e+18	9.95e-01	5.42e-03	7.22e-08
 7.61071e+18	9.95e-01	5.18e-03	7.22e-08
 7.61139e+18	9.95e-01	4.96e-03	7.21e-08
 7.61208e+18	9.95e-01	4.75e-03	7.21e-08
 7.61277e+18	9.95e-01	4.54e-03	7.21e-08
 7.61346e+18	9.96e-01	4.35e-03	7.21e-08
 7.61416e+18	9.96e-01	4.15e-03	7.21e-08
 7.61488e+18	9.96e-01	3.97e-03	7.21e-08
 7.61562e+18	9.96e-01	3.79e-03	7.21e-08
 7.61637e+18	9.96e-01	3.61e-03	7.21e-08
 7.61712e+18	9.97e-01	3.45e-03	7.21e-08
 7.61788e+18	9.97e-01	3.29e-03	7.21e-08
 7.61865e+18	9.97e-01	3.14e-03	7.21e-08
 7.61943e+18	9.97e-01	3.00e-03	7.21e-08
 7.62023e+18	9.97e-01	2.86e-03	7.21e-08
 7.62105e+18	9.97e-01	2.73e-03	7.21e-08
 7.62187e+18	9.97e-01	2.60e-03	7.21e-08
 7.62271e+18	9.98e-01	2.48e-03	7.21e-08
 7.62358e+18	9.98e-01	2.36e-03	7.21e-08
 7.62447e+18	9.98e-01	2.25e-03	7.21e-08
 7.62536e+18	9.98e-01	2.14e-03	7.21e-08
 7.62627e+18	9.98e-01	2.04e-03	7.21e-08
 7.62722e+18	9.98e-01	1.93e-03	7.22e-08
 7.62820e+18	9.98e-01	1.84e-03	7.22e-08
 7.62925e+18	9.98e-01	1.76e-03	7.22e-08
 7.63021e+18	9.98e-01	1.67e-03	7.22e-08
 7.63120e+18	9.98e-01	1.60e-03	7.22e-08
 7.63234e+18	9.98e-01	1.51e-03	7.22e-08
 7.63357e+18	9.99e-01	1.43e-03	7.22e-08
 7.63481e+18	9.99e-01	1.36e-03	7.23e-08
 7.63601e+18	9.99e-01	1.29e-03	7.23e-08
 7.63725e+18	9.99e-01	1.23e-03	7.23e-08
 7.63860e+18	9.99e-01	1.17e-03	7.23e-08
 7.64006e+18	9.99e-01	1.11e-03	7.23e-08
 7.64159e+18	9.99e-01	1.05e-03	7.24e-08
 7.64316e+18	9.99e-01	9.95e-04	7.24e-08
 7.64480e+18	9.99e-01	9.45e-04	7.24e-08
 7.64656e+18	9.99e-01	8.96e-04	7.25e-08
 7.64843e+18	9.99e-01	8.48e-04	7.25e-08
 7.65043e+18	9.99e-01	8.03e-04	7.25e-08
 7.65254e+18	9.99e-01	7.62e-04	7.26e-08
 7.65475e+18	9.99e-01	7.21e-04	7.26e-08
 7.65713e+18	9.99e-01	6.83e-04	7.27e-08
 7.65968e+18	9.99e-01	6.45e-04	7.27e-08
 7.66241e+18	9.99e-01	6.14e-04	7.28e-08
 7.66499e+18	9.99e-01	5.81e-04	7.29e-08
 7.66772e+18	9.99e-01	5.53e-04	7.29e-08
 7.67124e+18	9.99e-01	5.20e-04	7.30e-08
 7.67478e+18	1.00e+00	4.87e-04	7.31e-08
 7.67835e+18	1.00e+00	4.59e-04	7.32e-08
