#depth	H	H+	H2
 2.75434e+14	3.17e-06	1.00e+00	1.11e-18
 1.65260e+15	3.18e-06	1.00e+00	1.11e-18
 7.16128e+15	3.19e-06	1.00e+00	1.12e-18
 2.91960e+16	3.24e-06	1.00e+00	1.15e-18
 6.97398e+16	3.33e-06	1.00e+00	1.22e-18
 1.22447e+17	3.46e-06	1.00e+00	1.31e-18
 1.90966e+17	3.62e-06	1.00e+00	1.43e-18
 2.80041e+17	3.83e-06	1.00e+00	1.60e-18
 3.95838e+17	4.13e-06	1.00e+00	1.84e-18
 5.30514e+17	4.48e-06	1.00e+00	2.17e-18
 6.71735e+17	4.87e-06	1.00e+00	2.54e-18
 8.18604e+17	5.29e-06	1.00e+00	2.97e-18
 9.71348e+17	5.73e-06	1.00e+00	3.48e-18
 1.13020e+18	6.22e-06	1.00e+00	4.06e-18
 1.29541e+18	6.73e-06	1.00e+00	4.73e-18
 1.46723e+18	7.30e-06	1.00e+00	5.52e-18
 1.64592e+18	7.91e-06	1.00e+00	6.43e-18
 1.83175e+18	8.56e-06	1.00e+00	7.48e-18
 2.02502e+18	9.28e-06	1.00e+00	8.70e-18
 2.22602e+18	1.00e-05	1.00e+00	1.01e-17
 2.43506e+18	1.09e-05	1.00e+00	1.17e-17
 2.65247e+18	1.18e-05	1.00e+00	1.36e-17
 2.87856e+18	1.28e-05	1.00e+00	1.57e-17
 3.11371e+18	1.39e-05	1.00e+00	1.82e-17
 3.35826e+18	1.50e-05	1.00e+00	2.10e-17
 3.61259e+18	1.63e-05	1.00e+00	2.42e-17
 3.87709e+18	1.77e-05	1.00e+00	2.80e-17
 4.15217e+18	1.92e-05	1.00e+00	3.24e-17
 4.43826e+18	2.08e-05	1.00e+00	3.74e-17
 4.73579e+18	2.26e-05	1.00e+00	4.33e-17
 5.04522e+18	2.45e-05	1.00e+00	5.01e-17
 5.36703e+18	2.66e-05	1.00e+00	5.80e-17
 5.70171e+18	2.89e-05	1.00e+00	6.73e-17
 6.04978e+18	3.14e-05	1.00e+00	7.82e-17
 6.41177e+18	3.41e-05	1.00e+00	9.09e-17
 6.78824e+18	3.71e-05	1.00e+00	1.06e-16
 7.17977e+18	4.02e-05	1.00e+00	1.24e-16
 7.58696e+18	4.37e-05	1.00e+00	1.44e-16
 8.01044e+18	4.75e-05	1.00e+00	1.69e-16
 8.45086e+18	5.16e-05	1.00e+00	1.98e-16
 8.90889e+18	5.61e-05	1.00e+00	2.32e-16
 9.38525e+18	6.11e-05	1.00e+00	2.73e-16
 9.88066e+18	6.64e-05	1.00e+00	3.21e-16
 1.03959e+19	7.22e-05	1.00e+00	3.78e-16
 1.09317e+19	7.86e-05	1.00e+00	4.46e-16
 1.14890e+19	8.56e-05	1.00e+00	5.27e-16
 1.20685e+19	9.32e-05	1.00e+00	6.24e-16
 1.26713e+19	1.02e-04	1.00e+00	7.41e-16
 1.32981e+19	1.11e-04	1.00e+00	8.81e-16
 1.39501e+19	1.21e-04	1.00e+00	1.05e-15
 1.46281e+19	1.32e-04	1.00e+00	1.25e-15
 1.53332e+19	1.44e-04	1.00e+00	1.50e-15
 1.60665e+19	1.57e-04	1.00e+00	1.80e-15
 1.68292e+19	1.72e-04	1.00e+00	2.16e-15
 1.76223e+19	1.88e-04	1.00e+00	2.60e-15
 1.84472e+19	2.06e-04	1.00e+00	3.14e-15
 1.93051e+19	2.25e-04	1.00e+00	3.80e-15
 2.01973e+19	2.47e-04	1.00e+00	4.62e-15
 2.11252e+19	2.72e-04	1.00e+00	5.62e-15
 2.20902e+19	2.99e-04	1.00e+00	6.87e-15
 2.30938e+19	3.30e-04	1.00e+00	8.42e-15
 2.41029e+19	3.63e-04	1.00e+00	1.03e-14
 2.50951e+19	3.98e-04	1.00e+00	1.24e-14
 2.61616e+19	4.39e-04	1.00e+00	1.53e-14
 2.72911e+19	4.87e-04	1.00e+00	1.88e-14
 2.83717e+19	5.36e-04	9.99e-01	2.29e-14
 2.95324e+19	5.96e-04	9.99e-01	2.83e-14
 3.07659e+19	6.65e-04	9.99e-01	3.51e-14
 3.18946e+19	7.36e-04	9.99e-01	4.24e-14
 3.31205e+19	8.24e-04	9.99e-01	5.27e-14
 3.44363e+19	9.29e-04	9.99e-01	6.55e-14
 3.55904e+19	1.03e-03	9.99e-01	7.90e-14
 3.66447e+19	1.14e-03	9.99e-01	9.39e-14
 3.78481e+19	1.29e-03	9.99e-01	1.14e-13
 3.91565e+19	1.47e-03	9.99e-01	1.42e-13
 4.03045e+19	1.66e-03	9.98e-01	1.71e-13
 4.12427e+19	1.84e-03	9.98e-01	1.99e-13
 4.20708e+19	2.03e-03	9.98e-01	2.28e-13
 4.30132e+19	2.28e-03	9.98e-01	2.69e-13
 4.40229e+19	2.59e-03	9.97e-01	3.20e-13
 4.48877e+19	2.92e-03	9.97e-01	3.73e-13
 4.56074e+19	3.24e-03	9.97e-01	4.25e-13
 4.62656e+19	3.60e-03	9.96e-01	4.88e-13
 4.70155e+19	4.07e-03	9.96e-01	5.70e-13
 4.78005e+19	4.69e-03	9.95e-01	6.77e-13
 4.84436e+19	5.32e-03	9.95e-01	7.87e-13
 4.89834e+19	5.98e-03	9.94e-01	9.09e-13
 4.95767e+19	6.86e-03	9.93e-01	1.07e-12
 5.02100e+19	8.06e-03	9.92e-01	1.30e-12
 5.07441e+19	9.41e-03	9.91e-01	1.58e-12
 5.11888e+19	1.08e-02	9.89e-01	1.87e-12
 5.15639e+19	1.23e-02	9.88e-01	2.21e-12
 5.18703e+19	1.39e-02	9.86e-01	2.57e-12
 5.21380e+19	1.55e-02	9.84e-01	2.97e-12
 5.23876e+19	1.74e-02	9.83e-01	3.45e-12
 5.26221e+19	1.95e-02	9.81e-01	3.99e-12
 5.28359e+19	2.18e-02	9.78e-01	4.67e-12
 5.30277e+19	2.43e-02	9.76e-01	5.48e-12
 5.31990e+19	2.70e-02	9.73e-01	6.35e-12
 5.33532e+19	3.00e-02	9.70e-01	7.40e-12
 5.34953e+19	3.32e-02	9.67e-01	8.63e-12
 5.36266e+19	3.67e-02	9.63e-01	1.01e-11
 5.37484e+19	4.07e-02	9.59e-01	1.19e-11
 5.38613e+19	4.51e-02	9.55e-01	1.41e-11
 5.39660e+19	4.99e-02	9.50e-01	1.67e-11
 5.40666e+19	5.53e-02	9.45e-01	2.00e-11
 5.41812e+19	6.27e-02	9.37e-01	2.51e-11
 5.43022e+19	7.31e-02	9.27e-01	3.32e-11
 5.44032e+19	8.47e-02	9.15e-01	4.37e-11
 5.44898e+19	9.74e-02	9.03e-01	5.72e-11
 5.45733e+19	1.13e-01	8.87e-01	7.65e-11
 5.46543e+19	1.32e-01	8.68e-01	1.06e-10
 5.47276e+19	1.56e-01	8.44e-01	1.49e-10
 5.47906e+19	1.81e-01	8.19e-01	2.06e-10
 5.48465e+19	2.10e-01	7.90e-01	2.88e-10
 5.48989e+19	2.43e-01	7.57e-01	4.07e-10
 5.49467e+19	2.80e-01	7.20e-01	5.78e-10
 5.49863e+19	3.17e-01	6.83e-01	7.96e-10
 5.50161e+19	3.48e-01	6.52e-01	1.03e-09
 5.50392e+19	3.76e-01	6.24e-01	1.27e-09
 5.50593e+19	4.01e-01	5.99e-01	1.53e-09
 5.50781e+19	4.25e-01	5.75e-01	1.82e-09
 5.50958e+19	4.50e-01	5.50e-01	2.18e-09
 5.51121e+19	4.73e-01	5.27e-01	2.55e-09
 5.51266e+19	4.95e-01	5.05e-01	2.97e-09
 5.51402e+19	5.15e-01	4.85e-01	3.39e-09
 5.51530e+19	5.35e-01	4.65e-01	3.90e-09
 5.51630e+19	5.50e-01	4.50e-01	4.30e-09
 5.51702e+19	5.62e-01	4.38e-01	4.64e-09
 5.51772e+19	5.73e-01	4.27e-01	5.00e-09
 5.51851e+19	5.86e-01	4.14e-01	5.46e-09
 5.51934e+19	5.99e-01	4.01e-01	5.95e-09
 5.52014e+19	6.11e-01	3.89e-01	6.46e-09
 5.52091e+19	6.23e-01	3.77e-01	7.02e-09
 5.52167e+19	6.35e-01	3.65e-01	7.60e-09
 5.52243e+19	6.47e-01	3.53e-01	8.24e-09
 5.52319e+19	6.59e-01	3.41e-01	8.96e-09
 5.52394e+19	6.70e-01	3.30e-01	9.66e-09
 5.52468e+19	6.82e-01	3.18e-01	1.05e-08
 5.52542e+19	6.93e-01	3.07e-01	1.13e-08
 5.52615e+19	7.04e-01	2.96e-01	1.23e-08
 5.52689e+19	7.15e-01	2.85e-01	1.33e-08
 5.52761e+19	7.25e-01	2.75e-01	1.43e-08
 5.52832e+19	7.35e-01	2.65e-01	1.55e-08
 5.52904e+19	7.45e-01	2.55e-01	1.67e-08
 5.52975e+19	7.54e-01	2.46e-01	1.80e-08
 5.53047e+19	7.64e-01	2.36e-01	1.94e-08
 5.53117e+19	7.73e-01	2.27e-01	2.09e-08
 5.53186e+19	7.82e-01	2.18e-01	2.25e-08
 5.53255e+19	7.90e-01	2.10e-01	2.41e-08
 5.53323e+19	7.99e-01	2.01e-01	2.60e-08
 5.53391e+19	8.06e-01	1.94e-01	2.77e-08
 5.53457e+19	8.14e-01	1.86e-01	2.99e-08
 5.53523e+19	8.21e-01	1.79e-01	3.17e-08
 5.53588e+19	8.28e-01	1.72e-01	3.41e-08
 5.53652e+19	8.35e-01	1.65e-01	3.63e-08
 5.53715e+19	8.42e-01	1.58e-01	3.88e-08
 5.53779e+19	8.48e-01	1.52e-01	4.11e-08
 5.53842e+19	8.54e-01	1.46e-01	4.39e-08
 5.53903e+19	8.59e-01	1.41e-01	4.66e-08
 5.53965e+19	8.65e-01	1.35e-01	4.96e-08
 5.54026e+19	8.70e-01	1.30e-01	5.23e-08
 5.54087e+19	8.75e-01	1.25e-01	5.56e-08
 5.54147e+19	8.80e-01	1.20e-01	5.87e-08
 5.54206e+19	8.85e-01	1.15e-01	6.22e-08
 5.54266e+19	8.89e-01	1.11e-01	6.53e-08
 5.54325e+19	8.94e-01	1.06e-01	6.91e-08
 5.54384e+19	8.98e-01	1.02e-01	7.21e-08
 5.54443e+19	9.02e-01	9.82e-02	7.59e-08
 5.54500e+19	9.06e-01	9.43e-02	7.97e-08
 5.54558e+19	9.09e-01	9.06e-02	8.32e-08
 5.54616e+19	9.13e-01	8.71e-02	8.68e-08
 5.54674e+19	9.16e-01	8.36e-02	9.05e-08
 5.54731e+19	9.20e-01	8.04e-02	9.41e-08
 5.54788e+19	9.23e-01	7.72e-02	9.75e-08
 5.54845e+19	9.26e-01	7.41e-02	1.01e-07
 5.54902e+19	9.29e-01	7.12e-02	1.04e-07
 5.54959e+19	9.32e-01	6.84e-02	1.07e-07
 5.55015e+19	9.34e-01	6.57e-02	1.11e-07
 5.55072e+19	9.37e-01	6.31e-02	1.13e-07
 5.55128e+19	9.39e-01	6.07e-02	1.16e-07
 5.55183e+19	9.42e-01	5.83e-02	1.18e-07
 5.55239e+19	9.44e-01	5.60e-02	1.20e-07
 5.55295e+19	9.46e-01	5.38e-02	1.22e-07
 5.55350e+19	9.48e-01	5.16e-02	1.24e-07
 5.55406e+19	9.50e-01	4.96e-02	1.26e-07
 5.55461e+19	9.52e-01	4.76e-02	1.27e-07
 5.55516e+19	9.54e-01	4.57e-02	1.28e-07
 5.55571e+19	9.56e-01	4.39e-02	1.29e-07
 5.55626e+19	9.58e-01	4.22e-02	1.30e-07
 5.55681e+19	9.60e-01	4.05e-02	1.30e-07
 5.55735e+19	9.61e-01	3.89e-02	1.30e-07
 5.55790e+19	9.63e-01	3.73e-02	1.30e-07
 5.55844e+19	9.64e-01	3.58e-02	1.29e-07
 5.55898e+19	9.66e-01	3.44e-02	1.29e-07
 5.55951e+19	9.67e-01	3.30e-02	1.28e-07
 5.56005e+19	9.68e-01	3.17e-02	1.27e-07
 5.56058e+19	9.70e-01	3.04e-02	1.27e-07
 5.56110e+19	9.71e-01	2.91e-02	1.26e-07
 5.56162e+19	9.72e-01	2.80e-02	1.25e-07
 5.56214e+19	9.73e-01	2.68e-02	1.24e-07
 5.56265e+19	9.74e-01	2.57e-02	1.24e-07
 5.56315e+19	9.75e-01	2.47e-02	1.23e-07
 5.56365e+19	9.76e-01	2.37e-02	1.22e-07
 5.56414e+19	9.77e-01	2.27e-02	1.21e-07
 5.56461e+19	9.78e-01	2.18e-02	1.21e-07
 5.56504e+19	9.79e-01	2.09e-02	1.20e-07
 5.56543e+19	9.80e-01	2.02e-02	1.20e-07
 5.56579e+19	9.80e-01	1.95e-02	1.21e-07
 5.56613e+19	9.81e-01	1.89e-02	1.21e-07
 5.56645e+19	9.82e-01	1.83e-02	1.22e-07
 5.56675e+19	9.82e-01	1.78e-02	1.22e-07
 5.56703e+19	9.83e-01	1.73e-02	1.23e-07
 5.56728e+19	9.83e-01	1.69e-02	1.25e-07
 5.56750e+19	9.84e-01	1.65e-02	1.26e-07
 5.56771e+19	9.84e-01	1.61e-02	1.27e-07
 5.56790e+19	9.84e-01	1.58e-02	1.28e-07
 5.56807e+19	9.85e-01	1.55e-02	1.30e-07
 5.56822e+19	9.85e-01	1.52e-02	1.31e-07
 5.56837e+19	9.85e-01	1.50e-02	1.32e-07
 5.56852e+19	9.85e-01	1.47e-02	1.34e-07
 5.56869e+19	9.86e-01	1.45e-02	1.36e-07
 5.56884e+19	9.86e-01	1.42e-02	1.37e-07
 5.56898e+19	9.86e-01	1.40e-02	1.39e-07
 5.56913e+19	9.86e-01	1.38e-02	1.41e-07
 5.56930e+19	9.86e-01	1.35e-02	1.43e-07
 5.56944e+19	9.87e-01	1.33e-02	1.45e-07
 5.56958e+19	9.87e-01	1.31e-02	1.47e-07
 5.56973e+19	9.87e-01	1.29e-02	1.48e-07
 5.56992e+19	9.87e-01	1.26e-02	1.51e-07
 5.57013e+19	9.88e-01	1.24e-02	1.54e-07
 5.57032e+19	9.88e-01	1.21e-02	1.56e-07
 5.57053e+19	9.88e-01	1.19e-02	1.59e-07
 5.57076e+19	9.88e-01	1.16e-02	1.63e-07
 5.57096e+19	9.89e-01	1.14e-02	1.66e-07
 5.57115e+19	9.89e-01	1.11e-02	1.69e-07
 5.57132e+19	9.89e-01	1.10e-02	1.71e-07
 5.57150e+19	9.89e-01	1.08e-02	1.74e-07
 5.57170e+19	9.89e-01	1.05e-02	1.78e-07
 5.57189e+19	9.90e-01	1.03e-02	1.81e-07
 5.57209e+19	9.90e-01	1.01e-02	1.86e-07
 5.57230e+19	9.90e-01	9.92e-03	1.90e-07
 5.57250e+19	9.90e-01	9.72e-03	1.93e-07
 5.57271e+19	9.91e-01	9.50e-03	1.99e-07
 5.57295e+19	9.91e-01	9.28e-03	2.04e-07
 5.57316e+19	9.91e-01	9.08e-03	2.08e-07
 5.57335e+19	9.91e-01	8.92e-03	2.13e-07
 5.57352e+19	9.91e-01	8.77e-03	2.16e-07
 5.57368e+19	9.91e-01	8.63e-03	2.20e-07
 5.57386e+19	9.92e-01	8.47e-03	2.24e-07
 5.57405e+19	9.92e-01	8.32e-03	2.29e-07
 5.57422e+19	9.92e-01	8.18e-03	2.33e-07
 5.57438e+19	9.92e-01	8.06e-03	2.37e-07
 5.57455e+19	9.92e-01	7.93e-03	2.41e-07
 5.57473e+19	9.92e-01	7.79e-03	2.46e-07
 5.57490e+19	9.92e-01	7.66e-03	2.49e-07
 5.57508e+19	9.92e-01	7.53e-03	2.55e-07
 5.57528e+19	9.93e-01	7.39e-03	2.60e-07
 5.57546e+19	9.93e-01	7.27e-03	2.62e-07
 5.57566e+19	9.93e-01	7.19e-03	2.62e-07
 5.57592e+19	9.93e-01	7.10e-03	2.62e-07
 5.57625e+19	9.93e-01	6.97e-03	2.62e-07
 5.57669e+19	9.93e-01	6.80e-03	2.62e-07
 5.57726e+19	9.93e-01	6.60e-03	2.62e-07
 5.57799e+19	9.94e-01	6.34e-03	2.62e-07
 5.57889e+19	9.94e-01	6.05e-03	2.62e-07
 5.57982e+19	9.94e-01	5.76e-03	2.61e-07
 5.58072e+19	9.94e-01	5.51e-03	2.61e-07
 5.58159e+19	9.95e-01	5.28e-03	2.61e-07
 5.58251e+19	9.95e-01	5.05e-03	2.61e-07
 5.58346e+19	9.95e-01	4.83e-03	2.61e-07
 5.58445e+19	9.95e-01	4.61e-03	2.61e-07
 5.58545e+19	9.96e-01	4.41e-03	2.61e-07
 5.58647e+19	9.96e-01	4.22e-03	2.60e-07
 5.58751e+19	9.96e-01	4.04e-03	2.60e-07
 5.58860e+19	9.96e-01	3.86e-03	2.60e-07
 5.58971e+19	9.96e-01	3.69e-03	2.60e-07
 5.59085e+19	9.96e-01	3.53e-03	2.60e-07
 5.59202e+19	9.97e-01	3.38e-03	2.60e-07
 5.59322e+19	9.97e-01	3.24e-03	2.60e-07
 5.59446e+19	9.97e-01	3.10e-03	2.59e-07
 5.59573e+19	9.97e-01	2.97e-03	2.59e-07
 5.59704e+19	9.97e-01	2.84e-03	2.59e-07
 5.59839e+19	9.97e-01	2.72e-03	2.59e-07
 5.59977e+19	9.97e-01	2.61e-03	2.59e-07
 5.60119e+19	9.97e-01	2.50e-03	2.59e-07
 5.60265e+19	9.98e-01	2.40e-03	2.59e-07
 5.60414e+19	9.98e-01	2.30e-03	2.59e-07
 5.60567e+19	9.98e-01	2.21e-03	2.59e-07
 5.60724e+19	9.98e-01	2.12e-03	2.59e-07
 5.60885e+19	9.98e-01	2.04e-03	2.59e-07
 5.61049e+19	9.98e-01	1.96e-03	2.59e-07
 5.61216e+19	9.98e-01	1.88e-03	2.59e-07
 5.61386e+19	9.98e-01	1.80e-03	2.59e-07
 5.61560e+19	9.98e-01	1.73e-03	2.59e-07
 5.61737e+19	9.98e-01	1.67e-03	2.59e-07
 5.61917e+19	9.98e-01	1.60e-03	2.59e-07
 5.62098e+19	9.98e-01	1.54e-03	2.59e-07
 5.62284e+19	9.99e-01	1.48e-03	2.59e-07
 5.62473e+19	9.99e-01	1.42e-03	2.59e-07
 5.62662e+19	9.99e-01	1.37e-03	2.59e-07
 5.62851e+19	9.99e-01	1.31e-03	2.59e-07
 5.63043e+19	9.99e-01	1.26e-03	2.59e-07
 5.63241e+19	9.99e-01	1.22e-03	2.59e-07
 5.63439e+19	9.99e-01	1.17e-03	2.59e-07
 5.63637e+19	9.99e-01	1.12e-03	2.59e-07
 5.63838e+19	9.99e-01	1.08e-03	2.59e-07
 5.64042e+19	9.99e-01	1.04e-03	2.59e-07
 5.64248e+19	9.99e-01	9.95e-04	2.59e-07
 5.64454e+19	9.99e-01	9.55e-04	2.59e-07
 5.64657e+19	9.99e-01	9.17e-04	2.60e-07
 5.64866e+19	9.99e-01	8.80e-04	2.60e-07
 5.65081e+19	9.99e-01	8.45e-04	2.60e-07
 5.65296e+19	9.99e-01	8.09e-04	2.60e-07
 5.65508e+19	9.99e-01	7.77e-04	2.60e-07
 5.65721e+19	9.99e-01	7.45e-04	2.60e-07
 5.65937e+19	9.99e-01	7.15e-04	2.61e-07
 5.66157e+19	9.99e-01	6.85e-04	2.61e-07
