#depth	H	H+	H2
 1.50000e+16	3.38e-07	1.00e+00	4.25e-20
 8.99999e+16	3.56e-07	1.00e+00	4.77e-20
 2.13000e+17	3.87e-07	1.00e+00	5.65e-20
 3.41520e+17	4.21e-07	1.00e+00	6.70e-20
 4.75181e+17	4.59e-07	1.00e+00	7.94e-20
 6.14188e+17	5.00e-07	1.00e+00	9.46e-20
 7.58755e+17	5.44e-07	1.00e+00	1.12e-19
 9.09105e+17	5.93e-07	1.00e+00	1.34e-19
 1.06547e+18	6.46e-07	1.00e+00	1.59e-19
 1.22809e+18	7.04e-07	1.00e+00	1.90e-19
 1.39721e+18	7.67e-07	1.00e+00	2.27e-19
 1.57310e+18	8.35e-07	1.00e+00	2.70e-19
 1.75602e+18	9.10e-07	1.00e+00	3.22e-19
 1.94626e+18	9.92e-07	1.00e+00	3.85e-19
 2.14412e+18	1.08e-06	1.00e+00	4.61e-19
 2.34988e+18	1.18e-06	1.00e+00	5.51e-19
 2.56387e+18	1.29e-06	1.00e+00	6.61e-19
 2.78643e+18	1.40e-06	1.00e+00	7.92e-19
 3.01789e+18	1.53e-06	1.00e+00	9.50e-19
 3.25860e+18	1.67e-06	1.00e+00	1.14e-18
 3.50895e+18	1.82e-06	1.00e+00	1.37e-18
 3.76930e+18	1.98e-06	1.00e+00	1.64e-18
 4.04008e+18	2.16e-06	1.00e+00	1.96e-18
 4.32168e+18	2.35e-06	1.00e+00	2.35e-18
 4.61455e+18	2.56e-06	1.00e+00	2.82e-18
 4.91913e+18	2.79e-06	1.00e+00	3.37e-18
 5.23589e+18	3.04e-06	1.00e+00	4.05e-18
 5.56533e+18	3.31e-06	1.00e+00	4.86e-18
 5.90794e+18	3.60e-06	1.00e+00	5.82e-18
 6.26426e+18	3.92e-06	1.00e+00	7.00e-18
 6.63483e+18	4.27e-06	1.00e+00	8.39e-18
 7.02022e+18	4.64e-06	1.00e+00	1.01e-17
 7.42103e+18	5.05e-06	1.00e+00	1.21e-17
 7.83787e+18	5.50e-06	1.00e+00	1.46e-17
 8.27139e+18	5.98e-06	1.00e+00	1.75e-17
 8.72224e+18	6.50e-06	1.00e+00	2.09e-17
 9.19113e+18	7.07e-06	1.00e+00	2.51e-17
 9.67878e+18	7.68e-06	1.00e+00	3.01e-17
 1.01859e+19	8.34e-06	1.00e+00	3.60e-17
 1.07134e+19	9.05e-06	1.00e+00	4.31e-17
 1.12619e+19	9.83e-06	1.00e+00	5.16e-17
 1.18324e+19	1.07e-05	1.00e+00	6.17e-17
 1.24257e+19	1.16e-05	1.00e+00	7.38e-17
 1.30427e+19	1.26e-05	1.00e+00	8.83e-17
 1.36844e+19	1.36e-05	1.00e+00	1.06e-16
 1.43518e+19	1.48e-05	1.00e+00	1.26e-16
 1.50459e+19	1.60e-05	1.00e+00	1.51e-16
 1.57677e+19	1.74e-05	1.00e+00	1.80e-16
 1.65184e+19	1.89e-05	1.00e+00	2.15e-16
 1.72991e+19	2.05e-05	1.00e+00	2.57e-16
 1.81111e+19	2.22e-05	1.00e+00	3.06e-16
 1.89555e+19	2.41e-05	1.00e+00	3.65e-16
 1.98338e+19	2.61e-05	1.00e+00	4.34e-16
 2.07471e+19	2.83e-05	1.00e+00	5.17e-16
 2.16970e+19	3.07e-05	1.00e+00	6.15e-16
 2.26849e+19	3.32e-05	1.00e+00	7.32e-16
 2.37123e+19	3.60e-05	1.00e+00	8.70e-16
 2.47808e+19	3.90e-05	1.00e+00	1.03e-15
 2.58920e+19	4.23e-05	1.00e+00	1.23e-15
 2.70477e+19	4.59e-05	1.00e+00	1.46e-15
 2.82496e+19	4.97e-05	1.00e+00	1.73e-15
 2.94996e+19	5.39e-05	1.00e+00	2.06e-15
 3.07995e+19	5.84e-05	1.00e+00	2.44e-15
 3.21515e+19	6.33e-05	1.00e+00	2.90e-15
 3.35576e+19	6.86e-05	1.00e+00	3.44e-15
 3.50199e+19	7.43e-05	1.00e+00	4.09e-15
 3.65407e+19	8.05e-05	1.00e+00	4.86e-15
 3.81223e+19	8.73e-05	1.00e+00	5.77e-15
 3.97672e+19	9.46e-05	1.00e+00	6.86e-15
 4.14779e+19	1.03e-04	1.00e+00	8.16e-15
 4.32570e+19	1.11e-04	1.00e+00	9.71e-15
 4.51073e+19	1.21e-04	1.00e+00	1.16e-14
 4.70316e+19	1.31e-04	1.00e+00	1.38e-14
 4.90328e+19	1.42e-04	1.00e+00	1.64e-14
 5.11142e+19	1.54e-04	1.00e+00	1.96e-14
 5.32787e+19	1.67e-04	1.00e+00	2.34e-14
 5.55299e+19	1.81e-04	1.00e+00	2.80e-14
 5.78711e+19	1.96e-04	1.00e+00	3.34e-14
 6.03059e+19	2.13e-04	1.00e+00	4.00e-14
 6.28381e+19	2.31e-04	1.00e+00	4.79e-14
 6.54717e+19	2.50e-04	1.00e+00	5.75e-14
 6.82105e+19	2.72e-04	1.00e+00	6.90e-14
 7.10590e+19	2.95e-04	1.00e+00	8.30e-14
 7.40213e+19	3.21e-04	1.00e+00	9.99e-14
 7.71022e+19	3.48e-04	1.00e+00	1.20e-13
 8.03063e+19	3.79e-04	1.00e+00	1.45e-13
 8.36385e+19	4.12e-04	1.00e+00	1.76e-13
 8.71041e+19	4.48e-04	1.00e+00	2.13e-13
 9.07082e+19	4.88e-04	1.00e+00	2.58e-13
 9.44565e+19	5.31e-04	9.99e-01	3.13e-13
 9.83548e+19	5.79e-04	9.99e-01	3.80e-13
 1.02409e+20	6.31e-04	9.99e-01	4.62e-13
 1.06625e+20	6.89e-04	9.99e-01	5.63e-13
 1.11010e+20	7.52e-04	9.99e-01	6.85e-13
 1.15571e+20	8.22e-04	9.99e-01	8.35e-13
 1.20200e+20	8.98e-04	9.99e-01	1.01e-12
 1.25014e+20	9.82e-04	9.99e-01	1.23e-12
 1.30009e+20	1.08e-03	9.99e-01	1.49e-12
 1.34928e+20	1.17e-03	9.99e-01	1.80e-12
 1.40168e+20	1.29e-03	9.99e-01	2.18e-12
 1.45693e+20	1.42e-03	9.99e-01	2.64e-12
 1.50975e+20	1.55e-03	9.98e-01	3.16e-12
 1.56669e+20	1.72e-03	9.98e-01	3.81e-12
 1.62730e+20	1.91e-03	9.98e-01	4.62e-12
 1.68293e+20	2.10e-03	9.98e-01	5.47e-12
 1.73553e+20	2.30e-03	9.98e-01	6.40e-12
 1.78451e+20	2.52e-03	9.97e-01	7.37e-12
 1.82852e+20	2.73e-03	9.97e-01	8.36e-12
 1.87756e+20	3.00e-03	9.97e-01	9.65e-12
 1.93281e+20	3.34e-03	9.97e-01	1.13e-11
 1.98450e+20	3.72e-03	9.96e-01	1.30e-11
 2.03118e+20	4.11e-03	9.96e-01	1.49e-11
 2.07448e+20	4.54e-03	9.95e-01	1.68e-11
 2.11560e+20	5.01e-03	9.95e-01	1.90e-11
 2.16241e+20	5.66e-03	9.94e-01	2.21e-11
 2.21387e+20	6.52e-03	9.93e-01	2.62e-11
 2.26001e+20	7.50e-03	9.92e-01	3.10e-11
 2.30046e+20	8.58e-03	9.91e-01	3.63e-11
 2.33579e+20	9.75e-03	9.90e-01	4.21e-11
 2.36533e+20	1.09e-02	9.89e-01	4.80e-11
 2.39120e+20	1.22e-02	9.88e-01	5.47e-11
 2.41490e+20	1.36e-02	9.86e-01	6.24e-11
 2.43736e+20	1.52e-02	9.85e-01	7.22e-11
 2.45895e+20	1.70e-02	9.83e-01	8.33e-11
 2.47878e+20	1.91e-02	9.81e-01	9.75e-11
 2.49632e+20	2.13e-02	9.79e-01	1.13e-10
 2.51193e+20	2.36e-02	9.76e-01	1.31e-10
 2.52627e+20	2.61e-02	9.74e-01	1.52e-10
 2.53968e+20	2.89e-02	9.71e-01	1.77e-10
 2.55210e+20	3.20e-02	9.68e-01	2.08e-10
 2.56360e+20	3.53e-02	9.65e-01	2.45e-10
 2.57447e+20	3.91e-02	9.61e-01	2.90e-10
 2.58510e+20	4.35e-02	9.56e-01	3.49e-10
 2.59569e+20	4.87e-02	9.51e-01	4.25e-10
 2.60785e+20	5.60e-02	9.44e-01	5.47e-10
 2.62117e+20	6.68e-02	9.33e-01	7.51e-10
 2.63303e+20	8.00e-02	9.20e-01	1.05e-09
 2.64345e+20	9.58e-02	9.04e-01	1.47e-09
 2.65331e+20	1.16e-01	8.84e-01	2.12e-09
 2.66274e+20	1.42e-01	8.58e-01	3.18e-09
 2.67105e+20	1.75e-01	8.25e-01	4.94e-09
 2.67776e+20	2.10e-01	7.90e-01	7.46e-09
 2.68155e+20	2.37e-01	7.63e-01	9.81e-09
 2.68278e+20	2.47e-01	7.53e-01	1.08e-08
 2.68354e+20	2.53e-01	7.47e-01	1.14e-08
 2.68444e+20	2.60e-01	7.40e-01	1.22e-08
 2.68562e+20	2.70e-01	7.30e-01	1.34e-08
 2.68700e+20	2.83e-01	7.17e-01	1.50e-08
 2.68841e+20	2.96e-01	7.04e-01	1.68e-08
 2.68975e+20	3.09e-01	6.91e-01	1.87e-08
 2.69100e+20	3.22e-01	6.78e-01	2.09e-08
 2.69221e+20	3.35e-01	6.65e-01	2.32e-08
 2.69341e+20	3.49e-01	6.51e-01	2.59e-08
 2.69458e+20	3.63e-01	6.37e-01	2.88e-08
 2.69572e+20	3.78e-01	6.22e-01	3.21e-08
 2.69684e+20	3.92e-01	6.08e-01	3.57e-08
 2.69795e+20	4.07e-01	5.93e-01	3.97e-08
 2.69903e+20	4.22e-01	5.78e-01	4.43e-08
 2.70010e+20	4.38e-01	5.62e-01	4.93e-08
 2.70114e+20	4.53e-01	5.47e-01	5.48e-08
 2.70218e+20	4.69e-01	5.31e-01	6.09e-08
 2.70321e+20	4.85e-01	5.15e-01	6.78e-08
 2.70422e+20	5.01e-01	4.99e-01	7.54e-08
 2.70523e+20	5.17e-01	4.83e-01	8.38e-08
 2.70623e+20	5.34e-01	4.66e-01	9.31e-08
 2.70712e+20	5.48e-01	4.52e-01	1.02e-07
 2.70786e+20	5.61e-01	4.39e-01	1.10e-07
 2.70857e+20	5.72e-01	4.28e-01	1.18e-07
 2.70930e+20	5.85e-01	4.15e-01	1.28e-07
 2.71005e+20	5.98e-01	4.02e-01	1.39e-07
 2.71079e+20	6.10e-01	3.90e-01	1.49e-07
 2.71150e+20	6.22e-01	3.78e-01	1.60e-07
 2.71222e+20	6.35e-01	3.65e-01	1.73e-07
 2.71293e+20	6.46e-01	3.54e-01	1.85e-07
 2.71363e+20	6.58e-01	3.42e-01	1.98e-07
 2.71434e+20	6.70e-01	3.30e-01	2.12e-07
 2.71502e+20	6.81e-01	3.19e-01	2.25e-07
 2.71570e+20	6.92e-01	3.08e-01	2.40e-07
 2.71638e+20	7.03e-01	2.97e-01	2.54e-07
 2.71706e+20	7.14e-01	2.86e-01	2.69e-07
 2.71773e+20	7.24e-01	2.76e-01	2.84e-07
 2.71839e+20	7.34e-01	2.66e-01	2.99e-07
 2.71905e+20	7.44e-01	2.56e-01	3.14e-07
 2.71971e+20	7.54e-01	2.46e-01	3.29e-07
 2.72037e+20	7.64e-01	2.36e-01	3.44e-07
 2.72101e+20	7.73e-01	2.27e-01	3.58e-07
 2.72166e+20	7.81e-01	2.19e-01	3.70e-07
 2.72229e+20	7.90e-01	2.10e-01	3.83e-07
 2.72292e+20	7.98e-01	2.02e-01	3.95e-07
 2.72353e+20	8.06e-01	1.94e-01	4.06e-07
 2.72414e+20	8.13e-01	1.87e-01	4.16e-07
 2.72474e+20	8.21e-01	1.79e-01	4.25e-07
 2.72533e+20	8.28e-01	1.72e-01	4.34e-07
 2.72592e+20	8.34e-01	1.66e-01	4.41e-07
 2.72650e+20	8.41e-01	1.59e-01	4.48e-07
 2.72708e+20	8.47e-01	1.53e-01	4.54e-07
 2.72765e+20	8.53e-01	1.47e-01	4.58e-07
 2.72821e+20	8.59e-01	1.41e-01	4.62e-07
 2.72876e+20	8.65e-01	1.35e-01	4.64e-07
 2.72931e+20	8.70e-01	1.30e-01	4.66e-07
 2.72986e+20	8.75e-01	1.25e-01	4.66e-07
 2.73040e+20	8.80e-01	1.20e-01	4.65e-07
 2.73093e+20	8.85e-01	1.15e-01	4.64e-07
 2.73146e+20	8.89e-01	1.11e-01	4.62e-07
 2.73198e+20	8.93e-01	1.07e-01	4.60e-07
 2.73249e+20	8.98e-01	1.02e-01	4.57e-07
 2.73300e+20	9.02e-01	9.84e-02	4.54e-07
 2.73351e+20	9.05e-01	9.46e-02	4.49e-07
 2.73401e+20	9.09e-01	9.10e-02	4.45e-07
 2.73450e+20	9.13e-01	8.74e-02	4.40e-07
 2.73499e+20	9.16e-01	8.40e-02	4.35e-07
 2.73547e+20	9.19e-01	8.06e-02	4.30e-07
 2.73594e+20	9.23e-01	7.75e-02	4.25e-07
 2.73641e+20	9.26e-01	7.44e-02	4.18e-07
 2.73686e+20	9.29e-01	7.15e-02	4.10e-07
 2.73731e+20	9.31e-01	6.86e-02	4.02e-07
 2.73773e+20	9.34e-01	6.59e-02	3.94e-07
 2.73813e+20	9.37e-01	6.34e-02	3.87e-07
 2.73849e+20	9.39e-01	6.12e-02	3.81e-07
 2.73881e+20	9.41e-01	5.92e-02	3.75e-07
 2.73909e+20	9.43e-01	5.74e-02	3.70e-07
 2.73935e+20	9.44e-01	5.58e-02	3.66e-07
 2.73958e+20	9.46e-01	5.44e-02	3.62e-07
 2.73979e+20	9.47e-01	5.30e-02	3.58e-07
 2.73998e+20	9.48e-01	5.18e-02	3.55e-07
 2.74015e+20	9.49e-01	5.07e-02	3.53e-07
 2.74031e+20	9.50e-01	4.97e-02	3.51e-07
 2.74045e+20	9.51e-01	4.87e-02	3.50e-07
 2.74058e+20	9.52e-01	4.79e-02	3.49e-07
 2.74070e+20	9.53e-01	4.71e-02	3.48e-07
 2.74081e+20	9.54e-01	4.64e-02	3.47e-07
 2.74090e+20	9.54e-01	4.58e-02	3.47e-07
 2.74101e+20	9.55e-01	4.51e-02	3.47e-07
 2.74113e+20	9.56e-01	4.43e-02	3.47e-07
 2.74123e+20	9.56e-01	4.37e-02	3.47e-07
 2.74133e+20	9.57e-01	4.31e-02	3.47e-07
 2.74142e+20	9.58e-01	4.25e-02	3.48e-07
 2.74150e+20	9.58e-01	4.21e-02	3.48e-07
 2.74158e+20	9.58e-01	4.16e-02	3.49e-07
 2.74170e+20	9.59e-01	4.09e-02	3.50e-07
 2.74182e+20	9.60e-01	4.02e-02	3.51e-07
 2.74193e+20	9.60e-01	3.96e-02	3.53e-07
 2.74203e+20	9.61e-01	3.90e-02	3.54e-07
 2.74213e+20	9.62e-01	3.85e-02	3.56e-07
 2.74221e+20	9.62e-01	3.81e-02	3.57e-07
 2.74230e+20	9.62e-01	3.76e-02	3.60e-07
 2.74240e+20	9.63e-01	3.70e-02	3.62e-07
 2.74249e+20	9.63e-01	3.66e-02	3.64e-07
 2.74259e+20	9.64e-01	3.60e-02	3.67e-07
 2.74270e+20	9.65e-01	3.55e-02	3.70e-07
 2.74280e+20	9.65e-01	3.50e-02	3.72e-07
 2.74288e+20	9.65e-01	3.45e-02	3.76e-07
 2.74297e+20	9.66e-01	3.42e-02	3.78e-07
 2.74305e+20	9.66e-01	3.37e-02	3.81e-07
 2.74315e+20	9.67e-01	3.32e-02	3.85e-07
 2.74324e+20	9.67e-01	3.29e-02	3.88e-07
 2.74333e+20	9.68e-01	3.24e-02	3.92e-07
 2.74343e+20	9.68e-01	3.19e-02	3.97e-07
 2.74353e+20	9.69e-01	3.15e-02	4.01e-07
 2.74363e+20	9.69e-01	3.10e-02	4.06e-07
 2.74374e+20	9.70e-01	3.05e-02	4.11e-07
 2.74384e+20	9.70e-01	3.01e-02	4.16e-07
 2.74393e+20	9.70e-01	2.96e-02	4.21e-07
 2.74402e+20	9.71e-01	2.94e-02	4.24e-07
 2.74411e+20	9.71e-01	2.89e-02	4.29e-07
 2.74421e+20	9.71e-01	2.85e-02	4.34e-07
 2.74430e+20	9.72e-01	2.82e-02	4.38e-07
 2.74439e+20	9.72e-01	2.77e-02	4.44e-07
 2.74450e+20	9.73e-01	2.73e-02	4.50e-07
 2.74460e+20	9.73e-01	2.70e-02	4.56e-07
 2.74470e+20	9.74e-01	2.64e-02	4.63e-07
 2.74482e+20	9.74e-01	2.63e-02	4.62e-07
 2.74494e+20	9.74e-01	2.61e-02	4.62e-07
 2.74510e+20	9.74e-01	2.58e-02	4.62e-07
 2.74532e+20	9.75e-01	2.54e-02	4.61e-07
 2.74559e+20	9.75e-01	2.49e-02	4.60e-07
 2.74595e+20	9.76e-01	2.43e-02	4.60e-07
 2.74641e+20	9.77e-01	2.35e-02	4.58e-07
 2.74699e+20	9.77e-01	2.25e-02	4.57e-07
 2.74762e+20	9.78e-01	2.16e-02	4.56e-07
 2.74822e+20	9.79e-01	2.07e-02	4.54e-07
 2.74879e+20	9.80e-01	1.99e-02	4.53e-07
 2.74937e+20	9.81e-01	1.91e-02	4.52e-07
 2.74996e+20	9.82e-01	1.83e-02	4.51e-07
 2.75055e+20	9.82e-01	1.76e-02	4.50e-07
 2.75114e+20	9.83e-01	1.69e-02	4.48e-07
 2.75173e+20	9.84e-01	1.62e-02	4.47e-07
 2.75233e+20	9.84e-01	1.56e-02	4.46e-07
 2.75292e+20	9.85e-01	1.49e-02	4.45e-07
 2.75352e+20	9.86e-01	1.43e-02	4.44e-07
 2.75413e+20	9.86e-01	1.38e-02	4.43e-07
 2.75473e+20	9.87e-01	1.32e-02	4.42e-07
 2.75534e+20	9.87e-01	1.27e-02	4.41e-07
 2.75595e+20	9.88e-01	1.22e-02	4.40e-07
 2.75656e+20	9.88e-01	1.17e-02	4.39e-07
 2.75717e+20	9.89e-01	1.12e-02	4.38e-07
 2.75779e+20	9.89e-01	1.07e-02	4.38e-07
 2.75842e+20	9.90e-01	1.03e-02	4.37e-07
 2.75904e+20	9.90e-01	9.87e-03	4.36e-07
 2.75967e+20	9.91e-01	9.46e-03	4.35e-07
 2.76031e+20	9.91e-01	9.07e-03	4.34e-07
 2.76095e+20	9.91e-01	8.69e-03	4.34e-07
 2.76159e+20	9.92e-01	8.33e-03	4.33e-07
 2.76224e+20	9.92e-01	7.98e-03	4.32e-07
 2.76289e+20	9.92e-01	7.65e-03	4.32e-07
 2.76355e+20	9.93e-01	7.33e-03	4.31e-07
 2.76421e+20	9.93e-01	7.02e-03	4.31e-07
 2.76488e+20	9.93e-01	6.72e-03	4.30e-07
 2.76556e+20	9.94e-01	6.44e-03	4.29e-07
 2.76624e+20	9.94e-01	6.16e-03	4.29e-07
 2.76693e+20	9.94e-01	5.90e-03	4.28e-07
 2.76763e+20	9.94e-01	5.65e-03	4.28e-07
 2.76833e+20	9.95e-01	5.40e-03	4.28e-07
 2.76904e+20	9.95e-01	5.17e-03	4.27e-07
 2.76977e+20	9.95e-01	4.95e-03	4.27e-07
 2.77050e+20	9.95e-01	4.73e-03	4.26e-07
 2.77124e+20	9.95e-01	4.52e-03	4.26e-07
 2.77199e+20	9.96e-01	4.32e-03	4.26e-07
 2.77276e+20	9.96e-01	4.13e-03	4.25e-07
 2.77353e+20	9.96e-01	3.95e-03	4.25e-07
 2.77432e+20	9.96e-01	3.78e-03	4.25e-07
 2.77513e+20	9.96e-01	3.61e-03	4.25e-07
 2.77595e+20	9.97e-01	3.45e-03	4.24e-07
 2.77678e+20	9.97e-01	3.30e-03	4.24e-07
 2.77763e+20	9.97e-01	3.15e-03	4.24e-07
 2.77849e+20	9.97e-01	3.00e-03	4.24e-07
 2.77938e+20	9.97e-01	2.87e-03	4.24e-07
 2.78029e+20	9.97e-01	2.74e-03	4.23e-07
 2.78121e+20	9.97e-01	2.62e-03	4.23e-07
 2.78216e+20	9.98e-01	2.49e-03	4.23e-07
 2.78313e+20	9.98e-01	2.38e-03	4.23e-07
 2.78413e+20	9.98e-01	2.27e-03	4.23e-07
 2.78515e+20	9.98e-01	2.17e-03	4.23e-07
 2.78620e+20	9.98e-01	2.07e-03	4.23e-07
 2.78729e+20	9.98e-01	1.97e-03	4.23e-07
 2.78841e+20	9.98e-01	1.88e-03	4.23e-07
 2.78957e+20	9.98e-01	1.80e-03	4.23e-07
 2.79075e+20	9.98e-01	1.71e-03	4.23e-07
 2.79198e+20	9.98e-01	1.63e-03	4.23e-07
 2.79324e+20	9.98e-01	1.56e-03	4.23e-07
 2.79453e+20	9.99e-01	1.49e-03	4.23e-07
 2.79586e+20	9.99e-01	1.42e-03	4.23e-07
 2.79727e+20	9.99e-01	1.36e-03	4.24e-07
 2.79873e+20	9.99e-01	1.29e-03	4.24e-07
 2.80022e+20	9.99e-01	1.23e-03	4.24e-07
 2.80174e+20	9.99e-01	1.18e-03	4.24e-07
 2.80332e+20	9.99e-01	1.13e-03	4.24e-07
 2.80497e+20	9.99e-01	1.07e-03	4.25e-07
 2.80668e+20	9.99e-01	1.02e-03	4.25e-07
 2.80841e+20	9.99e-01	9.77e-04	4.25e-07
 2.81018e+20	9.99e-01	9.30e-04	4.26e-07
 2.81202e+20	9.99e-01	8.88e-04	4.26e-07
 2.81393e+20	9.99e-01	8.44e-04	4.27e-07
 2.81588e+20	9.99e-01	8.04e-04	4.27e-07
 2.81786e+20	9.99e-01	7.66e-04	4.27e-07
 2.81987e+20	9.99e-01	7.29e-04	4.28e-07
 2.82194e+20	9.99e-01	6.93e-04	4.28e-07
 2.82408e+20	9.99e-01	6.65e-04	4.29e-07
 2.82607e+20	9.99e-01	6.31e-04	4.30e-07
 2.82814e+20	9.99e-01	6.01e-04	4.30e-07
 2.83064e+20	9.99e-01	5.69e-04	4.31e-07
