#depth	H	H+	H2
 2.36903e+14	4.08e-06	1.00e+00	5.07e-18
 1.42142e+15	4.09e-06	1.00e+00	5.08e-18
 6.15947e+15	4.11e-06	1.00e+00	5.13e-18
 2.51117e+16	4.17e-06	1.00e+00	5.32e-18
 5.99837e+16	4.28e-06	1.00e+00	5.66e-18
 1.05317e+17	4.43e-06	1.00e+00	6.11e-18
 1.64251e+17	4.61e-06	1.00e+00	6.71e-18
 2.40865e+17	4.86e-06	1.00e+00	7.54e-18
 3.40463e+17	5.20e-06	1.00e+00	8.72e-18
 4.64693e+17	5.62e-06	1.00e+00	1.04e-17
 6.03281e+17	6.11e-06	1.00e+00	1.24e-17
 7.47412e+17	6.64e-06	1.00e+00	1.47e-17
 8.97308e+17	7.22e-06	1.00e+00	1.77e-17
 1.05320e+18	7.84e-06	1.00e+00	2.11e-17
 1.21533e+18	8.51e-06	1.00e+00	2.50e-17
 1.38394e+18	9.24e-06	1.00e+00	2.98e-17
 1.55930e+18	1.00e-05	1.00e+00	3.52e-17
 1.74167e+18	1.09e-05	1.00e+00	4.16e-17
 1.93134e+18	1.18e-05	1.00e+00	4.91e-17
 2.12859e+18	1.28e-05	1.00e+00	5.78e-17
 2.33373e+18	1.39e-05	1.00e+00	6.81e-17
 2.54708e+18	1.51e-05	1.00e+00	7.99e-17
 2.76897e+18	1.63e-05	1.00e+00	9.37e-17
 2.99973e+18	1.77e-05	1.00e+00	1.10e-16
 3.23971e+18	1.93e-05	1.00e+00	1.28e-16
 3.48930e+18	2.09e-05	1.00e+00	1.49e-16
 3.74888e+18	2.27e-05	1.00e+00	1.74e-16
 4.01883e+18	2.47e-05	1.00e+00	2.02e-16
 4.29958e+18	2.68e-05	1.00e+00	2.35e-16
 4.59157e+18	2.91e-05	1.00e+00	2.74e-16
 4.89523e+18	3.16e-05	1.00e+00	3.18e-16
 5.21104e+18	3.43e-05	1.00e+00	3.69e-16
 5.53948e+18	3.72e-05	1.00e+00	4.29e-16
 5.88106e+18	4.04e-05	1.00e+00	4.99e-16
 6.23630e+18	4.39e-05	1.00e+00	5.80e-16
 6.60575e+18	4.77e-05	1.00e+00	6.75e-16
 6.98998e+18	5.18e-05	1.00e+00	7.86e-16
 7.38958e+18	5.63e-05	1.00e+00	9.16e-16
 7.80517e+18	6.12e-05	1.00e+00	1.07e-15
 8.23737e+18	6.65e-05	1.00e+00	1.25e-15
 8.68687e+18	7.23e-05	1.00e+00	1.46e-15
 9.15434e+18	7.86e-05	1.00e+00	1.71e-15
 9.64052e+18	8.55e-05	1.00e+00	2.02e-15
 1.01461e+19	9.30e-05	1.00e+00	2.37e-15
 1.06720e+19	1.01e-04	1.00e+00	2.80e-15
 1.12189e+19	1.10e-04	1.00e+00	3.31e-15
 1.17876e+19	1.20e-04	1.00e+00	3.92e-15
 1.23791e+19	1.31e-04	1.00e+00	4.66e-15
 1.29943e+19	1.43e-04	1.00e+00	5.55e-15
 1.36341e+19	1.56e-04	1.00e+00	6.64e-15
 1.42994e+19	1.70e-04	1.00e+00	7.95e-15
 1.49914e+19	1.86e-04	1.00e+00	9.56e-15
 1.57111e+19	2.03e-04	1.00e+00	1.15e-14
 1.64595e+19	2.22e-04	1.00e+00	1.39e-14
 1.72379e+19	2.43e-04	1.00e+00	1.69e-14
 1.80474e+19	2.67e-04	1.00e+00	2.06e-14
 1.88893e+19	2.93e-04	1.00e+00	2.52e-14
 1.97649e+19	3.22e-04	1.00e+00	3.09e-14
 2.06754e+19	3.54e-04	1.00e+00	3.81e-14
 2.16225e+19	3.91e-04	1.00e+00	4.71e-14
 2.25540e+19	4.29e-04	1.00e+00	5.78e-14
 2.34365e+19	4.69e-04	1.00e+00	6.97e-14
 2.44077e+19	5.16e-04	9.99e-01	8.55e-14
 2.54572e+19	5.72e-04	9.99e-01	1.06e-13
 2.64297e+19	6.27e-04	9.99e-01	1.27e-13
 2.73468e+19	6.85e-04	9.99e-01	1.52e-13
 2.83970e+19	7.59e-04	9.99e-01	1.85e-13
 2.95328e+19	8.45e-04	9.99e-01	2.25e-13
 3.05389e+19	9.30e-04	9.99e-01	2.67e-13
 3.14575e+19	1.02e-03	9.99e-01	3.09e-13
 3.25034e+19	1.13e-03	9.99e-01	3.66e-13
 3.36337e+19	1.26e-03	9.99e-01	4.31e-13
 3.46290e+19	1.40e-03	9.99e-01	4.95e-13
 3.55231e+19	1.53e-03	9.98e-01	5.59e-13
 3.65304e+19	1.71e-03	9.98e-01	6.40e-13
 3.75952e+19	1.93e-03	9.98e-01	7.29e-13
 3.84956e+19	2.14e-03	9.98e-01	8.10e-13
 3.92871e+19	2.36e-03	9.98e-01	8.90e-13
 4.01759e+19	2.65e-03	9.97e-01	9.94e-13
 4.11252e+19	3.02e-03	9.97e-01	1.11e-12
 4.19101e+19	3.39e-03	9.97e-01	1.23e-12
 4.25449e+19	3.74e-03	9.96e-01	1.34e-12
 4.32281e+19	4.19e-03	9.96e-01	1.47e-12
 4.39693e+19	4.78e-03	9.95e-01	1.64e-12
 4.46115e+19	5.42e-03	9.95e-01	1.83e-12
 4.51551e+19	6.08e-03	9.94e-01	2.03e-12
 4.57447e+19	6.97e-03	9.93e-01	2.31e-12
 4.63666e+19	8.15e-03	9.92e-01	2.69e-12
 4.68827e+19	9.44e-03	9.91e-01	3.12e-12
 4.73154e+19	1.08e-02	9.89e-01	3.60e-12
 4.76785e+19	1.23e-02	9.88e-01	4.11e-12
 4.79633e+19	1.37e-02	9.86e-01	4.69e-12
 4.82069e+19	1.51e-02	9.85e-01	5.23e-12
 4.84365e+19	1.66e-02	9.83e-01	5.88e-12
 4.86605e+19	1.85e-02	9.82e-01	6.73e-12
 4.88734e+19	2.05e-02	9.79e-01	7.64e-12
 4.90638e+19	2.27e-02	9.77e-01	8.76e-12
 4.92318e+19	2.50e-02	9.75e-01	9.99e-12
 4.93840e+19	2.75e-02	9.72e-01	1.14e-11
 4.95256e+19	3.02e-02	9.70e-01	1.31e-11
 4.96566e+19	3.32e-02	9.67e-01	1.50e-11
 4.97773e+19	3.64e-02	9.64e-01	1.73e-11
 4.98913e+19	3.99e-02	9.60e-01	2.00e-11
 5.00024e+19	4.39e-02	9.56e-01	2.34e-11
 5.01292e+19	4.93e-02	9.51e-01	2.84e-11
 5.02646e+19	5.66e-02	9.43e-01	3.60e-11
 5.03818e+19	6.51e-02	9.35e-01	4.58e-11
 5.04878e+19	7.44e-02	9.26e-01	5.79e-11
 5.06083e+19	8.84e-02	9.12e-01	7.91e-11
 5.07395e+19	1.10e-01	8.90e-01	1.18e-10
 5.08503e+19	1.36e-01	8.64e-01	1.78e-10
 5.09347e+19	1.65e-01	8.35e-01	2.63e-10
 5.10019e+19	1.95e-01	8.05e-01	3.74e-10
 5.10611e+19	2.29e-01	7.71e-01	5.41e-10
 5.11157e+19	2.68e-01	7.32e-01	7.88e-10
 5.11610e+19	3.08e-01	6.92e-01	1.12e-09
 5.11936e+19	3.42e-01	6.58e-01	1.49e-09
 5.12171e+19	3.70e-01	6.30e-01	1.84e-09
 5.12372e+19	3.94e-01	6.06e-01	2.23e-09
 5.12567e+19	4.20e-01	5.80e-01	2.72e-09
 5.12752e+19	4.45e-01	5.55e-01	3.26e-09
 5.12916e+19	4.69e-01	5.31e-01	3.89e-09
 5.13060e+19	4.90e-01	5.10e-01	4.51e-09
 5.13194e+19	5.11e-01	4.89e-01	5.26e-09
 5.13303e+19	5.28e-01	4.72e-01	5.93e-09
 5.13383e+19	5.39e-01	4.61e-01	6.43e-09
 5.13453e+19	5.51e-01	4.49e-01	7.06e-09
 5.13530e+19	5.64e-01	4.36e-01	7.73e-09
 5.13610e+19	5.76e-01	4.24e-01	8.49e-09
 5.13691e+19	5.90e-01	4.10e-01	9.38e-09
 5.13768e+19	6.02e-01	3.98e-01	1.03e-08
 5.13843e+19	6.14e-01	3.86e-01	1.13e-08
 5.13919e+19	6.26e-01	3.74e-01	1.24e-08
 5.13994e+19	6.38e-01	3.62e-01	1.36e-08
 5.14069e+19	6.51e-01	3.49e-01	1.50e-08
 5.14142e+19	6.62e-01	3.38e-01	1.63e-08
 5.14215e+19	6.73e-01	3.27e-01	1.80e-08
 5.14288e+19	6.85e-01	3.15e-01	1.98e-08
 5.14359e+19	6.96e-01	3.04e-01	2.17e-08
 5.14429e+19	7.06e-01	2.94e-01	2.37e-08
 5.14500e+19	7.17e-01	2.83e-01	2.61e-08
 5.14571e+19	7.28e-01	2.72e-01	2.86e-08
 5.14640e+19	7.38e-01	2.62e-01	3.13e-08
 5.14709e+19	7.47e-01	2.53e-01	3.42e-08
 5.14777e+19	7.57e-01	2.43e-01	3.73e-08
 5.14846e+19	7.66e-01	2.34e-01	4.08e-08
 5.14915e+19	7.76e-01	2.24e-01	4.47e-08
 5.14982e+19	7.85e-01	2.15e-01	4.86e-08
 5.15047e+19	7.93e-01	2.07e-01	5.28e-08
 5.15113e+19	8.01e-01	1.99e-01	5.72e-08
 5.15177e+19	8.09e-01	1.91e-01	6.17e-08
 5.15240e+19	8.16e-01	1.84e-01	6.63e-08
 5.15302e+19	8.23e-01	1.77e-01	7.12e-08
 5.15364e+19	8.30e-01	1.70e-01	7.64e-08
 5.15425e+19	8.37e-01	1.63e-01	8.17e-08
 5.15485e+19	8.43e-01	1.57e-01	8.71e-08
 5.15545e+19	8.49e-01	1.51e-01	9.26e-08
 5.15604e+19	8.55e-01	1.45e-01	9.80e-08
 5.15662e+19	8.61e-01	1.39e-01	1.03e-07
 5.15720e+19	8.66e-01	1.34e-01	1.09e-07
 5.15777e+19	8.71e-01	1.29e-01	1.14e-07
 5.15834e+19	8.76e-01	1.24e-01	1.19e-07
 5.15890e+19	8.81e-01	1.19e-01	1.23e-07
 5.15946e+19	8.86e-01	1.14e-01	1.28e-07
 5.16001e+19	8.90e-01	1.10e-01	1.32e-07
 5.16056e+19	8.95e-01	1.05e-01	1.35e-07
 5.16111e+19	8.99e-01	1.01e-01	1.38e-07
 5.16165e+19	9.03e-01	9.71e-02	1.41e-07
 5.16217e+19	9.07e-01	9.33e-02	1.43e-07
 5.16270e+19	9.10e-01	8.97e-02	1.44e-07
 5.16322e+19	9.14e-01	8.61e-02	1.46e-07
 5.16374e+19	9.17e-01	8.28e-02	1.46e-07
 5.16425e+19	9.20e-01	7.96e-02	1.47e-07
 5.16475e+19	9.24e-01	7.64e-02	1.47e-07
 5.16524e+19	9.27e-01	7.35e-02	1.47e-07
 5.16572e+19	9.29e-01	7.06e-02	1.46e-07
 5.16621e+19	9.32e-01	6.78e-02	1.46e-07
 5.16668e+19	9.35e-01	6.51e-02	1.44e-07
 5.16715e+19	9.37e-01	6.25e-02	1.43e-07
 5.16760e+19	9.40e-01	6.00e-02	1.41e-07
 5.16805e+19	9.42e-01	5.76e-02	1.39e-07
 5.16847e+19	9.45e-01	5.54e-02	1.38e-07
 5.16887e+19	9.47e-01	5.33e-02	1.36e-07
 5.16922e+19	9.49e-01	5.15e-02	1.35e-07
 5.16953e+19	9.50e-01	4.99e-02	1.34e-07
 5.16982e+19	9.52e-01	4.84e-02	1.33e-07
 5.17008e+19	9.53e-01	4.69e-02	1.33e-07
 5.17033e+19	9.54e-01	4.57e-02	1.32e-07
 5.17055e+19	9.56e-01	4.45e-02	1.32e-07
 5.17075e+19	9.57e-01	4.34e-02	1.32e-07
 5.17094e+19	9.58e-01	4.24e-02	1.33e-07
 5.17110e+19	9.58e-01	4.16e-02	1.33e-07
 5.17125e+19	9.59e-01	4.08e-02	1.33e-07
 5.17139e+19	9.60e-01	4.01e-02	1.34e-07
 5.17152e+19	9.61e-01	3.94e-02	1.35e-07
 5.17163e+19	9.61e-01	3.88e-02	1.35e-07
 5.17174e+19	9.62e-01	3.83e-02	1.36e-07
 5.17183e+19	9.62e-01	3.78e-02	1.37e-07
 5.17194e+19	9.63e-01	3.73e-02	1.38e-07
 5.17205e+19	9.63e-01	3.67e-02	1.38e-07
 5.17215e+19	9.64e-01	3.62e-02	1.39e-07
 5.17226e+19	9.64e-01	3.57e-02	1.41e-07
 5.17238e+19	9.65e-01	3.51e-02	1.42e-07
 5.17249e+19	9.65e-01	3.46e-02	1.43e-07
 5.17259e+19	9.66e-01	3.42e-02	1.44e-07
 5.17270e+19	9.66e-01	3.37e-02	1.45e-07
 5.17285e+19	9.67e-01	3.31e-02	1.47e-07
 5.17300e+19	9.68e-01	3.24e-02	1.49e-07
 5.17314e+19	9.68e-01	3.19e-02	1.51e-07
 5.17327e+19	9.69e-01	3.13e-02	1.53e-07
 5.17338e+19	9.69e-01	3.08e-02	1.55e-07
 5.17349e+19	9.70e-01	3.04e-02	1.57e-07
 5.17359e+19	9.70e-01	3.00e-02	1.58e-07
 5.17369e+19	9.70e-01	2.96e-02	1.60e-07
 5.17383e+19	9.71e-01	2.91e-02	1.63e-07
 5.17398e+19	9.71e-01	2.85e-02	1.66e-07
 5.17411e+19	9.72e-01	2.80e-02	1.68e-07
 5.17423e+19	9.72e-01	2.76e-02	1.71e-07
 5.17434e+19	9.73e-01	2.71e-02	1.74e-07
 5.17444e+19	9.73e-01	2.68e-02	1.76e-07
 5.17456e+19	9.74e-01	2.64e-02	1.79e-07
 5.17468e+19	9.74e-01	2.60e-02	1.82e-07
 5.17478e+19	9.74e-01	2.56e-02	1.84e-07
 5.17488e+19	9.75e-01	2.52e-02	1.87e-07
 5.17499e+19	9.75e-01	2.49e-02	1.90e-07
 5.17511e+19	9.75e-01	2.45e-02	1.93e-07
 5.17522e+19	9.76e-01	2.41e-02	1.96e-07
 5.17531e+19	9.76e-01	2.38e-02	1.98e-07
 5.17542e+19	9.76e-01	2.35e-02	2.01e-07
 5.17554e+19	9.77e-01	2.32e-02	2.05e-07
 5.17564e+19	9.77e-01	2.28e-02	2.08e-07
 5.17575e+19	9.78e-01	2.25e-02	2.11e-07
 5.17588e+19	9.78e-01	2.21e-02	2.15e-07
 5.17599e+19	9.78e-01	2.18e-02	2.18e-07
 5.17609e+19	9.78e-01	2.16e-02	2.19e-07
 5.17621e+19	9.79e-01	2.14e-02	2.19e-07
 5.17635e+19	9.79e-01	2.11e-02	2.19e-07
 5.17654e+19	9.79e-01	2.09e-02	2.19e-07
 5.17679e+19	9.79e-01	2.06e-02	2.19e-07
 5.17711e+19	9.80e-01	2.01e-02	2.18e-07
 5.17753e+19	9.80e-01	1.95e-02	2.18e-07
 5.17807e+19	9.81e-01	1.88e-02	2.18e-07
 5.17870e+19	9.82e-01	1.80e-02	2.17e-07
 5.17934e+19	9.83e-01	1.72e-02	2.17e-07
 5.17994e+19	9.83e-01	1.65e-02	2.17e-07
 5.18053e+19	9.84e-01	1.59e-02	2.16e-07
 5.18114e+19	9.85e-01	1.53e-02	2.16e-07
 5.18175e+19	9.85e-01	1.46e-02	2.16e-07
 5.18237e+19	9.86e-01	1.40e-02	2.15e-07
 5.18298e+19	9.87e-01	1.35e-02	2.15e-07
 5.18360e+19	9.87e-01	1.29e-02	2.15e-07
 5.18422e+19	9.88e-01	1.24e-02	2.15e-07
 5.18484e+19	9.88e-01	1.19e-02	2.14e-07
 5.18547e+19	9.89e-01	1.14e-02	2.14e-07
 5.18610e+19	9.89e-01	1.09e-02	2.14e-07
 5.18673e+19	9.90e-01	1.05e-02	2.14e-07
 5.18737e+19	9.90e-01	1.01e-02	2.13e-07
 5.18801e+19	9.90e-01	9.64e-03	2.13e-07
 5.18866e+19	9.91e-01	9.24e-03	2.13e-07
 5.18931e+19	9.91e-01	8.86e-03	2.13e-07
 5.18996e+19	9.92e-01	8.49e-03	2.12e-07
 5.19062e+19	9.92e-01	8.13e-03	2.12e-07
 5.19129e+19	9.92e-01	7.79e-03	2.12e-07
 5.19196e+19	9.93e-01	7.46e-03	2.12e-07
 5.19264e+19	9.93e-01	7.15e-03	2.12e-07
 5.19332e+19	9.93e-01	6.84e-03	2.12e-07
 5.19401e+19	9.93e-01	6.55e-03	2.12e-07
 5.19471e+19	9.94e-01	6.27e-03	2.11e-07
 5.19542e+19	9.94e-01	6.00e-03	2.11e-07
 5.19613e+19	9.94e-01	5.75e-03	2.11e-07
 5.19685e+19	9.95e-01	5.50e-03	2.11e-07
 5.19758e+19	9.95e-01	5.26e-03	2.11e-07
 5.19832e+19	9.95e-01	5.03e-03	2.11e-07
 5.19907e+19	9.95e-01	4.81e-03	2.11e-07
 5.19983e+19	9.95e-01	4.60e-03	2.11e-07
 5.20061e+19	9.96e-01	4.40e-03	2.11e-07
 5.20139e+19	9.96e-01	4.20e-03	2.10e-07
 5.20219e+19	9.96e-01	4.02e-03	2.10e-07
 5.20301e+19	9.96e-01	3.84e-03	2.10e-07
 5.20384e+19	9.96e-01	3.67e-03	2.10e-07
 5.20468e+19	9.96e-01	3.50e-03	2.10e-07
 5.20554e+19	9.97e-01	3.35e-03	2.10e-07
 5.20642e+19	9.97e-01	3.20e-03	2.10e-07
 5.20731e+19	9.97e-01	3.05e-03	2.10e-07
 5.20823e+19	9.97e-01	2.91e-03	2.10e-07
 5.20918e+19	9.97e-01	2.78e-03	2.10e-07
 5.21014e+19	9.97e-01	2.65e-03	2.10e-07
 5.21112e+19	9.97e-01	2.53e-03	2.10e-07
 5.21214e+19	9.98e-01	2.42e-03	2.10e-07
 5.21319e+19	9.98e-01	2.31e-03	2.10e-07
 5.21426e+19	9.98e-01	2.20e-03	2.10e-07
 5.21535e+19	9.98e-01	2.10e-03	2.10e-07
 5.21649e+19	9.98e-01	2.01e-03	2.10e-07
 5.21768e+19	9.98e-01	1.91e-03	2.10e-07
 5.21890e+19	9.98e-01	1.82e-03	2.10e-07
 5.22015e+19	9.98e-01	1.74e-03	2.10e-07
 5.22142e+19	9.98e-01	1.66e-03	2.10e-07
 5.22273e+19	9.98e-01	1.59e-03	2.10e-07
 5.22412e+19	9.98e-01	1.52e-03	2.10e-07
 5.22554e+19	9.99e-01	1.45e-03	2.10e-07
 5.22701e+19	9.99e-01	1.38e-03	2.10e-07
 5.22853e+19	9.99e-01	1.32e-03	2.10e-07
 5.23010e+19	9.99e-01	1.26e-03	2.10e-07
 5.23172e+19	9.99e-01	1.20e-03	2.10e-07
 5.23338e+19	9.99e-01	1.15e-03	2.10e-07
 5.23511e+19	9.99e-01	1.10e-03	2.10e-07
 5.23690e+19	9.99e-01	1.05e-03	2.10e-07
 5.23874e+19	9.99e-01	9.98e-04	2.11e-07
 5.24061e+19	9.99e-01	9.51e-04	2.11e-07
 5.24252e+19	9.99e-01	9.08e-04	2.11e-07
 5.24448e+19	9.99e-01	8.67e-04	2.11e-07
 5.24648e+19	9.99e-01	8.26e-04	2.11e-07
 5.24854e+19	9.99e-01	7.87e-04	2.11e-07
 5.25067e+19	9.99e-01	7.49e-04	2.11e-07
 5.25283e+19	9.99e-01	7.12e-04	2.11e-07
 5.25501e+19	9.99e-01	6.78e-04	2.12e-07
 5.25723e+19	9.99e-01	6.44e-04	2.12e-07
 5.25950e+19	9.99e-01	6.18e-04	2.12e-07
 5.26163e+19	9.99e-01	5.86e-04	2.12e-07
 5.26384e+19	9.99e-01	5.57e-04	2.12e-07
