#depth	He	He+	He+2
 1.09260e+13	2.11e-04	8.79e-01	1.21e-01
 6.55562e+13	2.11e-04	8.79e-01	1.21e-01
 2.84077e+14	2.11e-04	8.79e-01	1.21e-01
 1.15816e+15	2.11e-04	8.79e-01	1.20e-01
 2.76647e+15	2.12e-04	8.79e-01	1.21e-01
 4.85728e+15	2.12e-04	8.79e-01	1.20e-01
 7.57533e+15	2.13e-04	8.80e-01	1.20e-01
 1.11088e+16	2.14e-04	8.82e-01	1.18e-01
 1.57023e+16	2.15e-04	8.84e-01	1.16e-01
 2.16739e+16	2.17e-04	8.88e-01	1.12e-01
 2.94369e+16	2.20e-04	8.94e-01	1.06e-01
 3.95288e+16	2.23e-04	9.02e-01	9.77e-02
 5.26483e+16	2.28e-04	9.13e-01	8.70e-02
 6.97037e+16	2.34e-04	9.26e-01	7.34e-02
 9.18756e+16	2.42e-04	9.42e-01	5.77e-02
 1.20699e+17	2.51e-04	9.59e-01	4.10e-02
 1.58170e+17	2.61e-04	9.74e-01	2.56e-02
 2.06882e+17	2.73e-04	9.86e-01	1.36e-02
 2.70207e+17	2.88e-04	9.94e-01	5.85e-03
 3.52530e+17	3.05e-04	9.98e-01	1.99e-03
 4.19013e+17	3.18e-04	9.99e-01	8.13e-04
 4.60915e+17	3.27e-04	9.99e-01	4.80e-04
 5.07006e+17	3.36e-04	9.99e-01	2.73e-04
 5.57707e+17	3.47e-04	1.00e+00	1.49e-04
 6.13477e+17	3.60e-04	1.00e+00	7.86e-05
 6.74825e+17	3.73e-04	1.00e+00	4.00e-05
 7.42308e+17	3.89e-04	1.00e+00	1.97e-05
 8.16538e+17	4.07e-04	1.00e+00	9.42e-06
 8.98192e+17	4.27e-04	1.00e+00	4.38e-06
 9.88011e+17	4.49e-04	1.00e+00	1.99e-06
 1.08681e+18	4.75e-04	1.00e+00	8.86e-07
 1.19549e+18	5.05e-04	9.99e-01	3.86e-07
 1.31504e+18	5.39e-04	9.99e-01	1.64e-07
 1.44655e+18	5.79e-04	9.99e-01	6.84e-08
 1.59120e+18	6.25e-04	9.99e-01	2.79e-08
 1.75032e+18	6.78e-04	9.99e-01	1.11e-08
 1.92535e+18	7.41e-04	9.99e-01	4.30e-09
 2.11738e+18	8.16e-04	9.99e-01	1.63e-09
 2.32207e+18	9.01e-04	9.99e-01	6.24e-10
 2.53496e+18	9.98e-04	9.99e-01	2.45e-10
 2.75636e+18	1.11e-03	9.99e-01	9.82e-11
 2.98661e+18	1.23e-03	9.99e-01	4.03e-11
 3.22607e+18	1.38e-03	9.99e-01	1.69e-11
 3.47512e+18	1.55e-03	9.98e-01	7.26e-12
 3.73412e+18	1.75e-03	9.98e-01	3.22e-12
 4.00349e+18	1.98e-03	9.98e-01	1.49e-12
 4.27469e+18	2.26e-03	9.98e-01	7.51e-13
 4.49648e+18	2.50e-03	9.97e-01	4.61e-13
 4.65733e+18	2.71e-03	9.97e-01	3.38e-13
 4.82509e+18	2.96e-03	9.97e-01	2.51e-13
 5.04318e+18	3.32e-03	9.97e-01	1.79e-13
 5.26028e+18	3.72e-03	9.96e-01	1.32e-13
 5.42554e+18	4.08e-03	9.96e-01	1.09e-13
 5.56740e+18	4.43e-03	9.96e-01	9.42e-14
 5.72938e+18	4.90e-03	9.95e-01	8.07e-14
 5.90353e+18	5.48e-03	9.95e-01	6.77e-14
 6.05333e+18	6.06e-03	9.94e-01	5.92e-14
 6.18184e+18	6.64e-03	9.93e-01	5.34e-14
 6.32283e+18	7.42e-03	9.93e-01	4.81e-14
 6.47038e+18	8.37e-03	9.92e-01	4.19e-14
 6.58801e+18	9.28e-03	9.91e-01	3.80e-14
 6.68181e+18	1.02e-02	9.90e-01	3.55e-14
 6.78309e+18	1.13e-02	9.89e-01	3.31e-14
 6.89285e+18	1.28e-02	9.87e-01	2.97e-14
 6.98751e+18	1.43e-02	9.86e-01	2.73e-14
 7.06619e+18	1.59e-02	9.84e-01	2.55e-14
 7.13855e+18	1.77e-02	9.82e-01	2.39e-14
 7.22100e+18	2.02e-02	9.80e-01	2.23e-14
 7.30497e+18	2.35e-02	9.77e-01	2.00e-14
 7.37006e+18	2.68e-02	9.73e-01	1.85e-14
 7.42269e+18	3.02e-02	9.70e-01	1.75e-14
 7.47993e+18	3.50e-02	9.65e-01	1.64e-14
 7.54162e+18	4.16e-02	9.58e-01	1.48e-14
 7.59434e+18	4.96e-02	9.50e-01	1.34e-14
 7.63812e+18	5.85e-02	9.41e-01	1.24e-14
 7.67882e+18	6.97e-02	9.30e-01	1.13e-14
 7.71509e+18	8.33e-02	9.17e-01	1.02e-14
 7.74333e+18	9.76e-02	9.02e-01	9.36e-15
 7.76577e+18	1.12e-01	8.88e-01	8.65e-15
 7.78559e+18	1.29e-01	8.71e-01	7.99e-15
 7.80492e+18	1.49e-01	8.51e-01	7.28e-15
 7.82344e+18	1.74e-01	8.26e-01	6.52e-15
 7.84017e+18	2.03e-01	7.97e-01	5.80e-15
 7.85501e+18	2.35e-01	7.65e-01	5.12e-15
 7.86848e+18	2.72e-01	7.28e-01	4.48e-15
 7.88105e+18	3.14e-01	6.86e-01	3.85e-15
 7.89283e+18	3.63e-01	6.37e-01	3.24e-15
 7.90380e+18	4.16e-01	5.84e-01	2.67e-15
 7.91402e+18	4.74e-01	5.26e-01	2.16e-15
 7.92367e+18	5.35e-01	4.65e-01	1.69e-15
 7.93302e+18	6.00e-01	4.00e-01	1.29e-15
 7.94210e+18	6.64e-01	3.36e-01	9.45e-16
 7.95089e+18	7.26e-01	2.74e-01	6.74e-16
 7.95952e+18	7.82e-01	2.18e-01	4.66e-16
 7.96792e+18	8.30e-01	1.70e-01	3.15e-16
 7.97600e+18	8.69e-01	1.31e-01	2.11e-16
 7.98362e+18	8.98e-01	1.02e-01	1.42e-16
 7.99076e+18	9.21e-01	7.92e-02	9.78e-17
 7.99734e+18	9.37e-01	6.27e-02	6.89e-17
 8.00300e+18	9.48e-01	5.15e-02	5.13e-17
 8.00735e+18	9.55e-01	4.46e-02	4.12e-17
 8.01043e+18	9.60e-01	4.03e-02	3.56e-17
 8.01285e+18	9.63e-01	3.73e-02	3.21e-17
 8.01500e+18	9.65e-01	3.49e-02	2.90e-17
 8.01702e+18	9.67e-01	3.28e-02	2.66e-17
 8.01892e+18	9.69e-01	3.11e-02	2.45e-17
 8.02059e+18	9.70e-01	2.96e-02	2.29e-17
 8.02212e+18	9.72e-01	2.85e-02	2.16e-17
 8.02354e+18	9.73e-01	2.75e-02	2.05e-17
 8.02487e+18	9.73e-01	2.66e-02	1.96e-17
 8.02596e+18	9.74e-01	2.60e-02	1.90e-17
 8.02674e+18	9.74e-01	2.56e-02	1.86e-17
 8.02745e+18	9.75e-01	2.52e-02	1.82e-17
 8.02823e+18	9.75e-01	2.47e-02	1.78e-17
 8.02907e+18	9.76e-01	2.43e-02	1.74e-17
 8.02989e+18	9.76e-01	2.39e-02	1.70e-17
 8.03069e+18	9.76e-01	2.36e-02	1.67e-17
 8.03147e+18	9.77e-01	2.32e-02	1.65e-17
 8.03225e+18	9.77e-01	2.29e-02	1.62e-17
 8.03302e+18	9.77e-01	2.26e-02	1.60e-17
 8.03379e+18	9.78e-01	2.24e-02	1.58e-17
 8.03454e+18	9.78e-01	2.21e-02	1.57e-17
 8.03529e+18	9.78e-01	2.19e-02	1.55e-17
 8.03604e+18	9.78e-01	2.17e-02	1.54e-17
 8.03678e+18	9.79e-01	2.15e-02	1.53e-17
 8.03752e+18	9.79e-01	2.13e-02	1.53e-17
 8.03825e+18	9.79e-01	2.11e-02	1.52e-17
 8.03898e+18	9.79e-01	2.09e-02	1.52e-17
 8.03970e+18	9.79e-01	2.08e-02	1.52e-17
 8.04042e+18	9.79e-01	2.06e-02	1.52e-17
 8.04113e+18	9.79e-01	2.05e-02	1.53e-17
 8.04184e+18	9.80e-01	2.04e-02	1.54e-17
 8.04253e+18	9.80e-01	2.03e-02	1.55e-17
 8.04323e+18	9.80e-01	2.02e-02	1.56e-17
 8.04392e+18	9.80e-01	2.01e-02	1.57e-17
 8.04460e+18	9.80e-01	2.00e-02	1.59e-17
 8.04526e+18	9.80e-01	1.99e-02	1.60e-17
 8.04592e+18	9.80e-01	1.98e-02	1.62e-17
 8.04657e+18	9.80e-01	1.98e-02	1.64e-17
 8.04721e+18	9.80e-01	1.97e-02	1.66e-17
 8.04785e+18	9.80e-01	1.97e-02	1.69e-17
 8.04848e+18	9.80e-01	1.96e-02	1.71e-17
 8.04911e+18	9.80e-01	1.96e-02	1.74e-17
 8.04973e+18	9.80e-01	1.95e-02	1.77e-17
 8.05034e+18	9.81e-01	1.95e-02	1.79e-17
 8.05095e+18	9.81e-01	1.94e-02	1.83e-17
 8.05156e+18	9.81e-01	1.94e-02	1.86e-17
 8.05216e+18	9.81e-01	1.93e-02	1.89e-17
 8.05276e+18	9.81e-01	1.93e-02	1.93e-17
 8.05334e+18	9.81e-01	1.93e-02	1.97e-17
 8.05393e+18	9.81e-01	1.93e-02	2.01e-17
 8.05451e+18	9.81e-01	1.92e-02	2.05e-17
 8.05509e+18	9.81e-01	1.92e-02	2.09e-17
 8.05567e+18	9.81e-01	1.92e-02	2.13e-17
 8.05625e+18	9.81e-01	1.91e-02	2.17e-17
 8.05682e+18	9.81e-01	1.91e-02	2.22e-17
 8.05738e+18	9.81e-01	1.91e-02	2.27e-17
 8.05795e+18	9.81e-01	1.90e-02	2.31e-17
 8.05851e+18	9.81e-01	1.90e-02	2.36e-17
 8.05907e+18	9.81e-01	1.90e-02	2.41e-17
 8.05962e+18	9.81e-01	1.89e-02	2.46e-17
 8.06017e+18	9.81e-01	1.89e-02	2.51e-17
 8.06072e+18	9.81e-01	1.89e-02	2.56e-17
 8.06126e+18	9.81e-01	1.88e-02	2.61e-17
 8.06180e+18	9.81e-01	1.88e-02	2.66e-17
 8.06234e+18	9.81e-01	1.87e-02	2.71e-17
 8.06287e+18	9.81e-01	1.87e-02	2.76e-17
 8.06339e+18	9.81e-01	1.86e-02	2.81e-17
 8.06391e+18	9.81e-01	1.86e-02	2.86e-17
 8.06443e+18	9.82e-01	1.85e-02	2.90e-17
 8.06493e+18	9.82e-01	1.84e-02	2.94e-17
 8.06543e+18	9.82e-01	1.83e-02	2.98e-17
 8.06592e+18	9.82e-01	1.83e-02	3.02e-17
 8.06640e+18	9.82e-01	1.82e-02	3.05e-17
 8.06686e+18	9.82e-01	1.81e-02	3.08e-17
 8.06728e+18	9.82e-01	1.80e-02	3.10e-17
 8.06765e+18	9.82e-01	1.79e-02	3.11e-17
 8.06800e+18	9.82e-01	1.78e-02	3.12e-17
 8.06832e+18	9.82e-01	1.77e-02	3.13e-17
 8.06861e+18	9.82e-01	1.76e-02	3.13e-17
 8.06887e+18	9.83e-01	1.75e-02	3.13e-17
 8.06912e+18	9.83e-01	1.74e-02	3.13e-17
 8.06934e+18	9.83e-01	1.73e-02	3.12e-17
 8.06954e+18	9.83e-01	1.72e-02	3.11e-17
 8.06972e+18	9.83e-01	1.71e-02	3.11e-17
 8.06988e+18	9.83e-01	1.71e-02	3.10e-17
 8.07004e+18	9.83e-01	1.70e-02	3.10e-17
 8.07017e+18	9.83e-01	1.69e-02	3.09e-17
 8.07032e+18	9.83e-01	1.69e-02	3.08e-17
 8.07049e+18	9.83e-01	1.68e-02	3.08e-17
 8.07063e+18	9.83e-01	1.67e-02	3.07e-17
 8.07077e+18	9.83e-01	1.67e-02	3.06e-17
 8.07089e+18	9.83e-01	1.66e-02	3.05e-17
 8.07103e+18	9.83e-01	1.65e-02	3.04e-17
 8.07117e+18	9.84e-01	1.65e-02	3.03e-17
 8.07130e+18	9.84e-01	1.64e-02	3.03e-17
 8.07145e+18	9.84e-01	1.63e-02	3.02e-17
 8.07160e+18	9.84e-01	1.62e-02	3.01e-17
 8.07174e+18	9.84e-01	1.62e-02	3.01e-17
 8.07190e+18	9.84e-01	1.61e-02	2.99e-17
 8.07207e+18	9.84e-01	1.60e-02	2.99e-17
 8.07222e+18	9.84e-01	1.60e-02	2.98e-17
 8.07236e+18	9.84e-01	1.59e-02	2.97e-17
 8.07251e+18	9.84e-01	1.58e-02	2.96e-17
 8.07268e+18	9.84e-01	1.57e-02	2.95e-17
 8.07283e+18	9.84e-01	1.57e-02	2.94e-17
 8.07296e+18	9.84e-01	1.56e-02	2.93e-17
 8.07311e+18	9.84e-01	1.55e-02	2.92e-17
 8.07327e+18	9.85e-01	1.54e-02	2.91e-17
 8.07342e+18	9.85e-01	1.54e-02	2.91e-17
 8.07355e+18	9.85e-01	1.53e-02	2.89e-17
 8.07367e+18	9.85e-01	1.52e-02	2.88e-17
 8.07381e+18	9.85e-01	1.52e-02	2.88e-17
 8.07398e+18	9.85e-01	1.51e-02	2.86e-17
 8.07417e+18	9.85e-01	1.50e-02	2.85e-17
 8.07434e+18	9.85e-01	1.49e-02	2.83e-17
 8.07449e+18	9.85e-01	1.48e-02	2.82e-17
 8.07463e+18	9.85e-01	1.47e-02	2.81e-17
 8.07476e+18	9.85e-01	1.46e-02	2.80e-17
 8.07490e+18	9.85e-01	1.46e-02	2.79e-17
 8.07505e+18	9.86e-01	1.45e-02	2.78e-17
 8.07519e+18	9.86e-01	1.44e-02	2.77e-17
 8.07532e+18	9.86e-01	1.44e-02	2.76e-17
 8.07545e+18	9.86e-01	1.43e-02	2.75e-17
 8.07560e+18	9.86e-01	1.42e-02	2.74e-17
 8.07574e+18	9.86e-01	1.41e-02	2.73e-17
 8.07589e+18	9.86e-01	1.41e-02	2.72e-17
 8.07604e+18	9.86e-01	1.40e-02	2.72e-17
 8.07622e+18	9.86e-01	1.40e-02	2.74e-17
 8.07645e+18	9.86e-01	1.40e-02	2.79e-17
 8.07674e+18	9.86e-01	1.40e-02	2.83e-17
 8.07713e+18	9.86e-01	1.40e-02	2.88e-17
 8.07763e+18	9.86e-01	1.40e-02	2.95e-17
 8.07828e+18	9.86e-01	1.40e-02	3.05e-17
 8.07906e+18	9.86e-01	1.40e-02	3.16e-17
 8.07988e+18	9.86e-01	1.40e-02	3.27e-17
 8.08065e+18	9.86e-01	1.40e-02	3.38e-17
 8.08141e+18	9.86e-01	1.40e-02	3.49e-17
 8.08219e+18	9.86e-01	1.39e-02	3.60e-17
 8.08300e+18	9.86e-01	1.39e-02	3.71e-17
 8.08383e+18	9.86e-01	1.38e-02	3.82e-17
 8.08467e+18	9.86e-01	1.38e-02	3.93e-17
 8.08551e+18	9.86e-01	1.37e-02	4.04e-17
 8.08638e+18	9.86e-01	1.36e-02	4.15e-17
 8.08726e+18	9.87e-01	1.35e-02	4.26e-17
 8.08817e+18	9.87e-01	1.34e-02	4.36e-17
 8.08909e+18	9.87e-01	1.32e-02	4.47e-17
 8.09003e+18	9.87e-01	1.31e-02	4.57e-17
 8.09100e+18	9.87e-01	1.30e-02	4.66e-17
 8.09198e+18	9.87e-01	1.28e-02	4.75e-17
 8.09300e+18	9.87e-01	1.26e-02	4.84e-17
 8.09403e+18	9.88e-01	1.24e-02	4.92e-17
 8.09510e+18	9.88e-01	1.22e-02	4.99e-17
 8.09619e+18	9.88e-01	1.20e-02	5.06e-17
 8.09731e+18	9.88e-01	1.18e-02	5.12e-17
 8.09846e+18	9.88e-01	1.16e-02	5.17e-17
 8.09964e+18	9.89e-01	1.13e-02	5.21e-17
 8.10086e+18	9.89e-01	1.11e-02	5.25e-17
 8.10210e+18	9.89e-01	1.08e-02	5.27e-17
 8.10339e+18	9.89e-01	1.05e-02	5.29e-17
 8.10471e+18	9.90e-01	1.02e-02	5.29e-17
 8.10606e+18	9.90e-01	9.93e-03	5.29e-17
 8.10745e+18	9.90e-01	9.63e-03	5.27e-17
 8.10888e+18	9.91e-01	9.32e-03	5.25e-17
 8.11034e+18	9.91e-01	9.01e-03	5.21e-17
 8.11185e+18	9.91e-01	8.69e-03	5.17e-17
 8.11338e+18	9.92e-01	8.37e-03	5.12e-17
 8.11496e+18	9.92e-01	8.05e-03	5.05e-17
 8.11657e+18	9.92e-01	7.73e-03	4.98e-17
 8.11822e+18	9.93e-01	7.42e-03	4.90e-17
 8.11990e+18	9.93e-01	7.10e-03	4.81e-17
 8.12162e+18	9.93e-01	6.79e-03	4.72e-17
 8.12337e+18	9.94e-01	6.48e-03	4.62e-17
 8.12515e+18	9.94e-01	6.18e-03	4.52e-17
 8.12696e+18	9.94e-01	5.89e-03	4.41e-17
 8.12880e+18	9.94e-01	5.60e-03	4.29e-17
 8.13068e+18	9.95e-01	5.32e-03	4.17e-17
 8.13259e+18	9.95e-01	5.04e-03	4.05e-17
 8.13450e+18	9.95e-01	4.78e-03	3.93e-17
 8.13646e+18	9.95e-01	4.52e-03	3.81e-17
 8.13844e+18	9.96e-01	4.28e-03	3.68e-17
 8.14044e+18	9.96e-01	4.04e-03	3.55e-17
 8.14246e+18	9.96e-01	3.82e-03	3.42e-17
 8.14452e+18	9.96e-01	3.60e-03	3.29e-17
 8.14660e+18	9.97e-01	3.38e-03	3.16e-17
 8.14872e+18	9.97e-01	3.18e-03	3.04e-17
 8.15085e+18	9.97e-01	2.99e-03	2.91e-17
 8.15299e+18	9.97e-01	2.81e-03	2.78e-17
 8.15518e+18	9.97e-01	2.63e-03	2.66e-17
 8.15740e+18	9.98e-01	2.46e-03	2.53e-17
 8.15967e+18	9.98e-01	2.30e-03	2.41e-17
 8.16199e+18	9.98e-01	2.15e-03	2.29e-17
 8.16430e+18	9.98e-01	2.00e-03	2.17e-17
 8.16660e+18	9.98e-01	1.87e-03	2.06e-17
 8.16895e+18	9.98e-01	1.74e-03	1.94e-17
 8.17139e+18	9.98e-01	1.61e-03	1.83e-17
 8.17387e+18	9.99e-01	1.49e-03	1.72e-17
 8.17637e+18	9.99e-01	1.38e-03	1.62e-17
 8.17887e+18	9.99e-01	1.28e-03	1.52e-17
 8.18143e+18	9.99e-01	1.18e-03	1.42e-17
 8.18409e+18	9.99e-01	1.09e-03	1.33e-17
 8.18655e+18	9.99e-01	1.01e-03	1.24e-17
 8.18912e+18	9.99e-01	9.25e-04	1.15e-17
