#depth	He	He+	He+2
 2.36903e+14	8.98e-06	4.03e-01	5.97e-01
 1.42142e+15	9.01e-06	4.03e-01	5.97e-01
 6.15947e+15	9.08e-06	4.05e-01	5.95e-01
 2.51117e+16	9.31e-06	4.09e-01	5.91e-01
 5.99837e+16	9.69e-06	4.14e-01	5.86e-01
 1.05317e+17	1.02e-05	4.22e-01	5.78e-01
 1.64251e+17	1.09e-05	4.34e-01	5.66e-01
 2.40865e+17	1.20e-05	4.50e-01	5.50e-01
 3.40463e+17	1.35e-05	4.73e-01	5.27e-01
 4.64693e+17	1.55e-05	5.02e-01	4.98e-01
 6.03281e+17	1.80e-05	5.37e-01	4.63e-01
 7.47412e+17	2.09e-05	5.74e-01	4.26e-01
 8.97308e+17	2.44e-05	6.15e-01	3.85e-01
 1.05320e+18	2.84e-05	6.58e-01	3.42e-01
 1.21533e+18	3.29e-05	7.03e-01	2.97e-01
 1.38394e+18	3.81e-05	7.48e-01	2.52e-01
 1.55930e+18	4.37e-05	7.92e-01	2.08e-01
 1.74167e+18	4.98e-05	8.32e-01	1.68e-01
 1.93134e+18	5.65e-05	8.69e-01	1.31e-01
 2.12859e+18	6.35e-05	9.00e-01	9.96e-02
 2.33373e+18	7.09e-05	9.26e-01	7.39e-02
 2.54708e+18	7.86e-05	9.46e-01	5.35e-02
 2.76897e+18	8.67e-05	9.62e-01	3.79e-02
 2.99973e+18	9.53e-05	9.74e-01	2.64e-02
 3.23971e+18	1.04e-04	9.82e-01	1.80e-02
 3.48930e+18	1.14e-04	9.88e-01	1.22e-02
 3.74888e+18	1.24e-04	9.92e-01	8.09e-03
 4.01883e+18	1.35e-04	9.95e-01	5.32e-03
 4.29958e+18	1.47e-04	9.96e-01	3.46e-03
 4.59157e+18	1.60e-04	9.98e-01	2.23e-03
 4.89523e+18	1.74e-04	9.98e-01	1.42e-03
 5.21104e+18	1.89e-04	9.99e-01	8.99e-04
 5.53948e+18	2.05e-04	9.99e-01	5.64e-04
 5.88106e+18	2.22e-04	9.99e-01	3.51e-04
 6.23630e+18	2.41e-04	1.00e+00	2.18e-04
 6.60575e+18	2.62e-04	1.00e+00	1.34e-04
 6.98998e+18	2.84e-04	1.00e+00	8.20e-05
 7.38958e+18	3.09e-04	1.00e+00	5.01e-05
 7.80517e+18	3.35e-04	1.00e+00	3.04e-05
 8.23737e+18	3.64e-04	1.00e+00	1.85e-05
 8.68687e+18	3.95e-04	1.00e+00	1.12e-05
 9.15434e+18	4.29e-04	1.00e+00	6.77e-06
 9.64052e+18	4.66e-04	1.00e+00	4.09e-06
 1.01461e+19	5.06e-04	9.99e-01	2.47e-06
 1.06720e+19	5.50e-04	9.99e-01	1.50e-06
 1.12189e+19	5.98e-04	9.99e-01	9.04e-07
 1.17876e+19	6.51e-04	9.99e-01	5.47e-07
 1.23791e+19	7.08e-04	9.99e-01	3.30e-07
 1.29943e+19	7.71e-04	9.99e-01	2.00e-07
 1.36341e+19	8.39e-04	9.99e-01	1.21e-07
 1.42994e+19	9.14e-04	9.99e-01	7.29e-08
 1.49914e+19	9.97e-04	9.99e-01	4.40e-08
 1.57111e+19	1.09e-03	9.99e-01	2.65e-08
 1.64595e+19	1.19e-03	9.99e-01	1.60e-08
 1.72379e+19	1.30e-03	9.99e-01	9.62e-09
 1.80474e+19	1.42e-03	9.99e-01	5.78e-09
 1.88893e+19	1.55e-03	9.98e-01	3.47e-09
 1.97649e+19	1.70e-03	9.98e-01	2.08e-09
 2.06754e+19	1.87e-03	9.98e-01	1.24e-09
 2.16225e+19	2.05e-03	9.98e-01	7.42e-10
 2.25540e+19	2.25e-03	9.98e-01	4.56e-10
 2.34365e+19	2.45e-03	9.98e-01	2.92e-10
 2.44077e+19	2.69e-03	9.97e-01	1.79e-10
 2.54572e+19	2.96e-03	9.97e-01	1.09e-10
 2.64297e+19	3.24e-03	9.97e-01	7.00e-11
 2.73468e+19	3.53e-03	9.96e-01	4.65e-11
 2.83970e+19	3.89e-03	9.96e-01	2.91e-11
 2.95328e+19	4.31e-03	9.96e-01	1.81e-11
 3.05389e+19	4.73e-03	9.95e-01	1.21e-11
 3.14575e+19	5.15e-03	9.95e-01	8.42e-12
 3.25034e+19	5.70e-03	9.94e-01	5.56e-12
 3.36337e+19	6.35e-03	9.94e-01	3.65e-12
 3.46290e+19	7.00e-03	9.93e-01	2.56e-12
 3.55231e+19	7.66e-03	9.92e-01	1.86e-12
 3.65304e+19	8.53e-03	9.91e-01	1.30e-12
 3.75952e+19	9.58e-03	9.90e-01	9.13e-13
 3.84956e+19	1.06e-02	9.89e-01	6.84e-13
 3.92871e+19	1.17e-02	9.88e-01	5.30e-13
 4.01759e+19	1.32e-02	9.87e-01	3.97e-13
 4.11252e+19	1.50e-02	9.85e-01	2.97e-13
 4.19101e+19	1.69e-02	9.83e-01	2.36e-13
 4.25449e+19	1.88e-02	9.81e-01	1.96e-13
 4.32281e+19	2.12e-02	9.79e-01	1.60e-13
 4.39693e+19	2.44e-02	9.76e-01	1.29e-13
 4.46115e+19	2.81e-02	9.72e-01	1.08e-13
 4.51551e+19	3.20e-02	9.68e-01	9.25e-14
 4.57447e+19	3.76e-02	9.62e-01	7.78e-14
 4.63666e+19	4.54e-02	9.55e-01	6.52e-14
 4.68827e+19	5.46e-02	9.45e-01	5.64e-14
 4.73154e+19	6.52e-02	9.35e-01	4.97e-14
 4.76785e+19	7.74e-02	9.23e-01	4.47e-14
 4.79633e+19	9.00e-02	9.10e-01	4.07e-14
 4.82069e+19	1.04e-01	8.96e-01	3.76e-14
 4.84365e+19	1.21e-01	8.79e-01	3.46e-14
 4.86605e+19	1.43e-01	8.57e-01	3.16e-14
 4.88734e+19	1.70e-01	8.30e-01	2.88e-14
 4.90638e+19	2.02e-01	7.98e-01	2.61e-14
 4.92318e+19	2.39e-01	7.61e-01	2.36e-14
 4.93840e+19	2.82e-01	7.18e-01	2.12e-14
 4.95256e+19	3.34e-01	6.66e-01	1.87e-14
 4.96566e+19	3.93e-01	6.07e-01	1.62e-14
 4.97773e+19	4.60e-01	5.40e-01	1.38e-14
 4.98913e+19	5.32e-01	4.68e-01	1.14e-14
 5.00024e+19	6.09e-01	3.91e-01	9.13e-15
 5.01292e+19	6.99e-01	3.01e-01	6.67e-15
 5.02646e+19	7.88e-01	2.12e-01	4.47e-15
 5.03818e+19	8.53e-01	1.47e-01	3.00e-15
 5.04878e+19	8.97e-01	1.03e-01	2.03e-15
 5.06083e+19	9.33e-01	6.69e-02	1.28e-15
 5.07395e+19	9.59e-01	4.14e-02	7.75e-16
 5.08503e+19	9.72e-01	2.77e-02	5.17e-16
 5.09347e+19	9.80e-01	2.04e-02	3.84e-16
 5.10019e+19	9.84e-01	1.61e-02	3.08e-16
 5.10611e+19	9.87e-01	1.31e-02	2.55e-16
 5.11157e+19	9.89e-01	1.09e-02	2.19e-16
 5.11610e+19	9.91e-01	9.42e-03	1.97e-16
 5.11936e+19	9.91e-01	8.55e-03	1.86e-16
 5.12171e+19	9.92e-01	8.00e-03	1.79e-16
 5.12372e+19	9.92e-01	7.56e-03	1.75e-16
 5.12567e+19	9.93e-01	7.15e-03	1.70e-16
 5.12752e+19	9.93e-01	6.83e-03	1.69e-16
 5.12916e+19	9.93e-01	6.56e-03	1.68e-16
 5.13060e+19	9.94e-01	6.36e-03	1.68e-16
 5.13194e+19	9.94e-01	6.18e-03	1.69e-16
 5.13303e+19	9.94e-01	6.05e-03	1.70e-16
 5.13383e+19	9.94e-01	5.97e-03	1.72e-16
 5.13453e+19	9.94e-01	5.88e-03	1.72e-16
 5.13530e+19	9.94e-01	5.79e-03	1.74e-16
 5.13610e+19	9.94e-01	5.71e-03	1.75e-16
 5.13691e+19	9.94e-01	5.63e-03	1.77e-16
 5.13768e+19	9.94e-01	5.57e-03	1.80e-16
 5.13843e+19	9.94e-01	5.51e-03	1.82e-16
 5.13919e+19	9.95e-01	5.45e-03	1.85e-16
 5.13994e+19	9.95e-01	5.39e-03	1.88e-16
 5.14069e+19	9.95e-01	5.34e-03	1.91e-16
 5.14142e+19	9.95e-01	5.30e-03	1.96e-16
 5.14215e+19	9.95e-01	5.26e-03	1.99e-16
 5.14288e+19	9.95e-01	5.21e-03	2.03e-16
 5.14359e+19	9.95e-01	5.18e-03	2.08e-16
 5.14429e+19	9.95e-01	5.15e-03	2.13e-16
 5.14500e+19	9.95e-01	5.12e-03	2.18e-16
 5.14571e+19	9.95e-01	5.09e-03	2.23e-16
 5.14640e+19	9.95e-01	5.07e-03	2.29e-16
 5.14709e+19	9.95e-01	5.05e-03	2.36e-16
 5.14777e+19	9.95e-01	5.03e-03	2.42e-16
 5.14846e+19	9.95e-01	5.02e-03	2.49e-16
 5.14915e+19	9.95e-01	5.00e-03	2.56e-16
 5.14982e+19	9.95e-01	4.99e-03	2.64e-16
 5.15047e+19	9.95e-01	4.98e-03	2.72e-16
 5.15113e+19	9.95e-01	4.97e-03	2.80e-16
 5.15177e+19	9.95e-01	4.96e-03	2.89e-16
 5.15240e+19	9.95e-01	4.96e-03	2.98e-16
 5.15302e+19	9.95e-01	4.95e-03	3.07e-16
 5.15364e+19	9.95e-01	4.95e-03	3.16e-16
 5.15425e+19	9.95e-01	4.95e-03	3.26e-16
 5.15485e+19	9.95e-01	4.95e-03	3.36e-16
 5.15545e+19	9.95e-01	4.95e-03	3.46e-16
 5.15604e+19	9.95e-01	4.95e-03	3.57e-16
 5.15662e+19	9.95e-01	4.95e-03	3.68e-16
 5.15720e+19	9.95e-01	4.95e-03	3.79e-16
 5.15777e+19	9.95e-01	4.95e-03	3.91e-16
 5.15834e+19	9.95e-01	4.96e-03	4.03e-16
 5.15890e+19	9.95e-01	4.96e-03	4.15e-16
 5.15946e+19	9.95e-01	4.96e-03	4.27e-16
 5.16001e+19	9.95e-01	4.96e-03	4.39e-16
 5.16056e+19	9.95e-01	4.97e-03	4.52e-16
 5.16111e+19	9.95e-01	4.97e-03	4.66e-16
 5.16165e+19	9.95e-01	4.97e-03	4.79e-16
 5.16217e+19	9.95e-01	4.98e-03	4.93e-16
 5.16270e+19	9.95e-01	4.98e-03	5.07e-16
 5.16322e+19	9.95e-01	4.98e-03	5.21e-16
 5.16374e+19	9.95e-01	4.98e-03	5.35e-16
 5.16425e+19	9.95e-01	4.99e-03	5.50e-16
 5.16475e+19	9.95e-01	4.99e-03	5.63e-16
 5.16524e+19	9.95e-01	4.99e-03	5.77e-16
 5.16572e+19	9.95e-01	4.98e-03	5.91e-16
 5.16621e+19	9.95e-01	4.98e-03	6.04e-16
 5.16668e+19	9.95e-01	4.98e-03	6.17e-16
 5.16715e+19	9.95e-01	4.97e-03	6.30e-16
 5.16760e+19	9.95e-01	4.96e-03	6.41e-16
 5.16805e+19	9.95e-01	4.95e-03	6.52e-16
 5.16847e+19	9.95e-01	4.94e-03	6.62e-16
 5.16887e+19	9.95e-01	4.92e-03	6.70e-16
 5.16922e+19	9.95e-01	4.90e-03	6.75e-16
 5.16953e+19	9.95e-01	4.89e-03	6.81e-16
 5.16982e+19	9.95e-01	4.87e-03	6.84e-16
 5.17008e+19	9.95e-01	4.84e-03	6.85e-16
 5.17033e+19	9.95e-01	4.82e-03	6.88e-16
 5.17055e+19	9.95e-01	4.80e-03	6.88e-16
 5.17075e+19	9.95e-01	4.78e-03	6.88e-16
 5.17094e+19	9.95e-01	4.76e-03	6.87e-16
 5.17110e+19	9.95e-01	4.74e-03	6.86e-16
 5.17125e+19	9.95e-01	4.72e-03	6.86e-16
 5.17139e+19	9.95e-01	4.70e-03	6.84e-16
 5.17152e+19	9.95e-01	4.68e-03	6.83e-16
 5.17163e+19	9.95e-01	4.67e-03	6.82e-16
 5.17174e+19	9.95e-01	4.65e-03	6.80e-16
 5.17183e+19	9.95e-01	4.64e-03	6.79e-16
 5.17194e+19	9.95e-01	4.62e-03	6.77e-16
 5.17205e+19	9.95e-01	4.61e-03	6.77e-16
 5.17215e+19	9.95e-01	4.59e-03	6.75e-16
 5.17226e+19	9.95e-01	4.57e-03	6.74e-16
 5.17238e+19	9.95e-01	4.56e-03	6.73e-16
 5.17249e+19	9.95e-01	4.54e-03	6.70e-16
 5.17259e+19	9.95e-01	4.53e-03	6.70e-16
 5.17270e+19	9.95e-01	4.52e-03	6.70e-16
 5.17285e+19	9.96e-01	4.49e-03	6.69e-16
 5.17300e+19	9.96e-01	4.47e-03	6.67e-16
 5.17314e+19	9.96e-01	4.46e-03	6.66e-16
 5.17327e+19	9.96e-01	4.44e-03	6.65e-16
 5.17338e+19	9.96e-01	4.42e-03	6.63e-16
 5.17349e+19	9.96e-01	4.40e-03	6.60e-16
 5.17359e+19	9.96e-01	4.39e-03	6.60e-16
 5.17369e+19	9.96e-01	4.38e-03	6.60e-16
 5.17383e+19	9.96e-01	4.36e-03	6.58e-16
 5.17398e+19	9.96e-01	4.34e-03	6.56e-16
 5.17411e+19	9.96e-01	4.32e-03	6.54e-16
 5.17423e+19	9.96e-01	4.30e-03	6.52e-16
 5.17434e+19	9.96e-01	4.28e-03	6.51e-16
 5.17444e+19	9.96e-01	4.26e-03	6.48e-16
 5.17456e+19	9.96e-01	4.25e-03	6.48e-16
 5.17468e+19	9.96e-01	4.23e-03	6.46e-16
 5.17478e+19	9.96e-01	4.22e-03	6.44e-16
 5.17488e+19	9.96e-01	4.20e-03	6.42e-16
 5.17499e+19	9.96e-01	4.19e-03	6.41e-16
 5.17511e+19	9.96e-01	4.17e-03	6.40e-16
 5.17522e+19	9.96e-01	4.15e-03	6.37e-16
 5.17531e+19	9.96e-01	4.14e-03	6.36e-16
 5.17542e+19	9.96e-01	4.12e-03	6.35e-16
 5.17554e+19	9.96e-01	4.11e-03	6.34e-16
 5.17564e+19	9.96e-01	4.09e-03	6.31e-16
 5.17575e+19	9.96e-01	4.08e-03	6.31e-16
 5.17588e+19	9.96e-01	4.06e-03	6.29e-16
 5.17599e+19	9.96e-01	4.04e-03	6.27e-16
 5.17609e+19	9.96e-01	4.04e-03	6.29e-16
 5.17621e+19	9.96e-01	4.04e-03	6.34e-16
 5.17635e+19	9.96e-01	4.04e-03	6.37e-16
 5.17654e+19	9.96e-01	4.07e-03	6.52e-16
 5.17679e+19	9.96e-01	4.08e-03	6.65e-16
 5.17711e+19	9.96e-01	4.10e-03	6.82e-16
 5.17753e+19	9.96e-01	4.13e-03	7.04e-16
 5.17807e+19	9.96e-01	4.16e-03	7.34e-16
 5.17870e+19	9.96e-01	4.20e-03	7.70e-16
 5.17934e+19	9.96e-01	4.24e-03	8.07e-16
 5.17994e+19	9.96e-01	4.28e-03	8.43e-16
 5.18053e+19	9.96e-01	4.31e-03	8.80e-16
 5.18114e+19	9.96e-01	4.35e-03	9.19e-16
 5.18175e+19	9.96e-01	4.38e-03	9.59e-16
 5.18237e+19	9.96e-01	4.41e-03	1.00e-15
 5.18298e+19	9.96e-01	4.45e-03	1.05e-15
 5.18360e+19	9.96e-01	4.48e-03	1.09e-15
 5.18422e+19	9.95e-01	4.51e-03	1.14e-15
 5.18484e+19	9.95e-01	4.54e-03	1.19e-15
 5.18547e+19	9.95e-01	4.57e-03	1.23e-15
 5.18610e+19	9.95e-01	4.60e-03	1.29e-15
 5.18673e+19	9.95e-01	4.63e-03	1.34e-15
 5.18737e+19	9.95e-01	4.66e-03	1.39e-15
 5.18801e+19	9.95e-01	4.68e-03	1.45e-15
 5.18866e+19	9.95e-01	4.71e-03	1.51e-15
 5.18931e+19	9.95e-01	4.73e-03	1.57e-15
 5.18996e+19	9.95e-01	4.75e-03	1.63e-15
 5.19062e+19	9.95e-01	4.77e-03	1.69e-15
 5.19129e+19	9.95e-01	4.79e-03	1.75e-15
 5.19196e+19	9.95e-01	4.81e-03	1.82e-15
 5.19264e+19	9.95e-01	4.82e-03	1.88e-15
 5.19332e+19	9.95e-01	4.83e-03	1.95e-15
 5.19401e+19	9.95e-01	4.84e-03	2.02e-15
 5.19471e+19	9.95e-01	4.85e-03	2.09e-15
 5.19542e+19	9.95e-01	4.86e-03	2.15e-15
 5.19613e+19	9.95e-01	4.86e-03	2.23e-15
 5.19685e+19	9.95e-01	4.86e-03	2.30e-15
 5.19758e+19	9.95e-01	4.86e-03	2.37e-15
 5.19832e+19	9.95e-01	4.85e-03	2.44e-15
 5.19907e+19	9.95e-01	4.84e-03	2.51e-15
 5.19983e+19	9.95e-01	4.83e-03	2.58e-15
 5.20061e+19	9.95e-01	4.82e-03	2.65e-15
 5.20139e+19	9.95e-01	4.80e-03	2.72e-15
 5.20219e+19	9.95e-01	4.77e-03	2.79e-15
 5.20301e+19	9.95e-01	4.75e-03	2.85e-15
 5.20384e+19	9.95e-01	4.72e-03	2.92e-15
 5.20468e+19	9.95e-01	4.68e-03	2.98e-15
 5.20554e+19	9.95e-01	4.64e-03	3.04e-15
 5.20642e+19	9.95e-01	4.60e-03	3.09e-15
 5.20731e+19	9.95e-01	4.55e-03	3.15e-15
 5.20823e+19	9.96e-01	4.50e-03	3.19e-15
 5.20918e+19	9.96e-01	4.45e-03	3.24e-15
 5.21014e+19	9.96e-01	4.38e-03	3.28e-15
 5.21112e+19	9.96e-01	4.32e-03	3.32e-15
 5.21214e+19	9.96e-01	4.25e-03	3.34e-15
 5.21319e+19	9.96e-01	4.17e-03	3.37e-15
 5.21426e+19	9.96e-01	4.09e-03	3.39e-15
 5.21535e+19	9.96e-01	4.01e-03	3.40e-15
 5.21649e+19	9.96e-01	3.92e-03	3.40e-15
 5.21768e+19	9.96e-01	3.82e-03	3.40e-15
 5.21890e+19	9.96e-01	3.73e-03	3.39e-15
 5.22015e+19	9.96e-01	3.63e-03	3.37e-15
 5.22142e+19	9.96e-01	3.52e-03	3.35e-15
 5.22273e+19	9.97e-01	3.41e-03	3.31e-15
 5.22412e+19	9.97e-01	3.30e-03	3.27e-15
 5.22554e+19	9.97e-01	3.18e-03	3.22e-15
 5.22701e+19	9.97e-01	3.07e-03	3.16e-15
 5.22853e+19	9.97e-01	2.95e-03	3.10e-15
 5.23010e+19	9.97e-01	2.83e-03	3.03e-15
 5.23172e+19	9.97e-01	2.70e-03	2.95e-15
 5.23338e+19	9.97e-01	2.58e-03	2.87e-15
 5.23511e+19	9.98e-01	2.46e-03	2.78e-15
 5.23690e+19	9.98e-01	2.34e-03	2.68e-15
 5.23874e+19	9.98e-01	2.21e-03	2.59e-15
 5.24061e+19	9.98e-01	2.10e-03	2.49e-15
 5.24252e+19	9.98e-01	1.98e-03	2.39e-15
 5.24448e+19	9.98e-01	1.87e-03	2.28e-15
 5.24648e+19	9.98e-01	1.76e-03	2.18e-15
 5.24854e+19	9.98e-01	1.65e-03	2.08e-15
 5.25067e+19	9.98e-01	1.55e-03	1.97e-15
 5.25283e+19	9.99e-01	1.45e-03	1.87e-15
 5.25501e+19	9.99e-01	1.36e-03	1.77e-15
 5.25723e+19	9.99e-01	1.26e-03	1.67e-15
 5.25950e+19	9.99e-01	1.18e-03	1.58e-15
 5.26163e+19	9.99e-01	1.10e-03	1.49e-15
 5.26384e+19	9.99e-01	1.03e-03	1.39e-15
