#depth	He	He+	He+2
 1.50000e+16	1.00e-07	5.35e-02	9.46e-01
 8.99999e+16	1.11e-07	5.63e-02	9.44e-01
 2.13000e+17	1.31e-07	6.08e-02	9.39e-01
 3.41520e+17	1.54e-07	6.58e-02	9.34e-01
 4.75181e+17	1.81e-07	7.11e-02	9.29e-01
 6.14188e+17	2.13e-07	7.68e-02	9.23e-01
 7.58755e+17	2.51e-07	8.30e-02	9.17e-01
 9.09105e+17	2.95e-07	8.97e-02	9.10e-01
 1.06547e+18	3.47e-07	9.68e-02	9.03e-01
 1.22809e+18	4.09e-07	1.04e-01	8.96e-01
 1.39721e+18	4.80e-07	1.13e-01	8.87e-01
 1.57310e+18	5.63e-07	1.21e-01	8.79e-01
 1.75602e+18	6.61e-07	1.31e-01	8.69e-01
 1.94626e+18	7.76e-07	1.41e-01	8.59e-01
 2.14412e+18	9.09e-07	1.51e-01	8.49e-01
 2.34988e+18	1.07e-06	1.62e-01	8.38e-01
 2.56387e+18	1.25e-06	1.74e-01	8.26e-01
 2.78643e+18	1.46e-06	1.87e-01	8.13e-01
 3.01789e+18	1.70e-06	2.00e-01	8.00e-01
 3.25860e+18	1.99e-06	2.15e-01	7.85e-01
 3.50895e+18	2.32e-06	2.29e-01	7.71e-01
 3.76930e+18	2.70e-06	2.45e-01	7.55e-01
 4.04008e+18	3.13e-06	2.61e-01	7.39e-01
 4.32168e+18	3.64e-06	2.79e-01	7.21e-01
 4.61455e+18	4.22e-06	2.97e-01	7.03e-01
 4.91913e+18	4.88e-06	3.15e-01	6.85e-01
 5.23589e+18	5.65e-06	3.35e-01	6.65e-01
 5.56533e+18	6.52e-06	3.55e-01	6.45e-01
 5.90794e+18	7.51e-06	3.76e-01	6.24e-01
 6.26426e+18	8.66e-06	3.98e-01	6.02e-01
 6.63483e+18	9.95e-06	4.20e-01	5.80e-01
 7.02022e+18	1.14e-05	4.43e-01	5.57e-01
 7.42103e+18	1.31e-05	4.67e-01	5.33e-01
 7.83787e+18	1.50e-05	4.92e-01	5.08e-01
 8.27139e+18	1.71e-05	5.17e-01	4.83e-01
 8.72224e+18	1.95e-05	5.42e-01	4.58e-01
 9.19113e+18	2.22e-05	5.68e-01	4.32e-01
 9.67878e+18	2.53e-05	5.94e-01	4.06e-01
 1.01859e+19	2.86e-05	6.21e-01	3.79e-01
 1.07134e+19	3.24e-05	6.47e-01	3.53e-01
 1.12619e+19	3.66e-05	6.73e-01	3.27e-01
 1.18324e+19	4.13e-05	7.00e-01	3.00e-01
 1.24257e+19	4.65e-05	7.25e-01	2.74e-01
 1.30427e+19	5.22e-05	7.51e-01	2.49e-01
 1.36844e+19	5.85e-05	7.75e-01	2.25e-01
 1.43518e+19	6.53e-05	7.99e-01	2.01e-01
 1.50459e+19	7.29e-05	8.22e-01	1.78e-01
 1.57677e+19	8.11e-05	8.43e-01	1.57e-01
 1.65184e+19	9.00e-05	8.63e-01	1.37e-01
 1.72991e+19	9.96e-05	8.81e-01	1.19e-01
 1.81111e+19	1.10e-04	8.98e-01	1.02e-01
 1.89555e+19	1.21e-04	9.13e-01	8.68e-02
 1.98338e+19	1.33e-04	9.27e-01	7.32e-02
 2.07471e+19	1.47e-04	9.39e-01	6.13e-02
 2.16970e+19	1.61e-04	9.49e-01	5.09e-02
 2.26849e+19	1.76e-04	9.58e-01	4.19e-02
 2.37123e+19	1.92e-04	9.66e-01	3.42e-02
 2.47808e+19	2.10e-04	9.72e-01	2.78e-02
 2.58920e+19	2.28e-04	9.77e-01	2.23e-02
 2.70477e+19	2.49e-04	9.82e-01	1.78e-02
 2.82496e+19	2.71e-04	9.86e-01	1.41e-02
 2.94996e+19	2.94e-04	9.89e-01	1.11e-02
 3.07995e+19	3.20e-04	9.91e-01	8.70e-03
 3.21515e+19	3.47e-04	9.93e-01	6.75e-03
 3.35576e+19	3.77e-04	9.94e-01	5.20e-03
 3.50199e+19	4.09e-04	9.96e-01	3.98e-03
 3.65407e+19	4.43e-04	9.97e-01	3.02e-03
 3.81223e+19	4.81e-04	9.97e-01	2.28e-03
 3.97672e+19	5.22e-04	9.98e-01	1.71e-03
 4.14779e+19	5.66e-04	9.98e-01	1.27e-03
 4.32570e+19	6.13e-04	9.98e-01	9.37e-04
 4.51073e+19	6.65e-04	9.99e-01	6.87e-04
 4.70316e+19	7.21e-04	9.99e-01	5.00e-04
 4.90328e+19	7.82e-04	9.99e-01	3.61e-04
 5.11142e+19	8.48e-04	9.99e-01	2.59e-04
 5.32787e+19	9.20e-04	9.99e-01	1.85e-04
 5.55299e+19	9.98e-04	9.99e-01	1.31e-04
 5.78711e+19	1.08e-03	9.99e-01	9.19e-05
 6.03059e+19	1.18e-03	9.99e-01	6.42e-05
 6.28381e+19	1.28e-03	9.99e-01	4.45e-05
 6.54717e+19	1.39e-03	9.99e-01	3.07e-05
 6.82105e+19	1.50e-03	9.98e-01	2.10e-05
 7.10590e+19	1.63e-03	9.98e-01	1.43e-05
 7.40213e+19	1.78e-03	9.98e-01	9.70e-06
 7.71022e+19	1.93e-03	9.98e-01	6.54e-06
 8.03063e+19	2.10e-03	9.98e-01	4.39e-06
 8.36385e+19	2.28e-03	9.98e-01	2.93e-06
 8.71041e+19	2.49e-03	9.98e-01	1.95e-06
 9.07082e+19	2.71e-03	9.97e-01	1.29e-06
 9.44565e+19	2.95e-03	9.97e-01	8.53e-07
 9.83548e+19	3.22e-03	9.97e-01	5.61e-07
 1.02409e+20	3.51e-03	9.96e-01	3.69e-07
 1.06625e+20	3.84e-03	9.96e-01	2.41e-07
 1.11010e+20	4.20e-03	9.96e-01	1.58e-07
 1.15571e+20	4.59e-03	9.95e-01	1.03e-07
 1.20200e+20	5.02e-03	9.95e-01	6.77e-08
 1.25014e+20	5.51e-03	9.94e-01	4.43e-08
 1.30009e+20	6.04e-03	9.94e-01	2.91e-08
 1.34928e+20	6.61e-03	9.93e-01	1.95e-08
 1.40168e+20	7.27e-03	9.93e-01	1.28e-08
 1.45693e+20	8.03e-03	9.92e-01	8.38e-09
 1.50975e+20	8.82e-03	9.91e-01	5.68e-09
 1.56669e+20	9.78e-03	9.90e-01	3.75e-09
 1.62730e+20	1.09e-02	9.89e-01	2.47e-09
 1.68293e+20	1.21e-02	9.88e-01	1.70e-09
 1.73553e+20	1.33e-02	9.87e-01	1.21e-09
 1.78451e+20	1.46e-02	9.85e-01	8.89e-10
 1.82852e+20	1.59e-02	9.84e-01	6.78e-10
 1.87756e+20	1.76e-02	9.82e-01	4.99e-10
 1.93281e+20	1.98e-02	9.80e-01	3.59e-10
 1.98450e+20	2.22e-02	9.78e-01	2.68e-10
 2.03118e+20	2.48e-02	9.75e-01	2.06e-10
 2.07448e+20	2.77e-02	9.72e-01	1.62e-10
 2.11560e+20	3.10e-02	9.69e-01	1.30e-10
 2.16241e+20	3.56e-02	9.64e-01	9.98e-11
 2.21387e+20	4.21e-02	9.58e-01	7.61e-11
 2.26001e+20	4.98e-02	9.50e-01	5.99e-11
 2.30046e+20	5.88e-02	9.41e-01	4.85e-11
 2.33579e+20	6.93e-02	9.31e-01	4.05e-11
 2.36533e+20	8.07e-02	9.19e-01	3.47e-11
 2.39120e+20	9.38e-02	9.06e-01	3.03e-11
 2.41490e+20	1.09e-01	8.91e-01	2.66e-11
 2.43736e+20	1.28e-01	8.72e-01	2.33e-11
 2.45895e+20	1.53e-01	8.47e-01	2.04e-11
 2.47878e+20	1.82e-01	8.18e-01	1.79e-11
 2.49632e+20	2.17e-01	7.83e-01	1.57e-11
 2.51193e+20	2.58e-01	7.42e-01	1.37e-11
 2.52627e+20	3.06e-01	6.94e-01	1.19e-11
 2.53968e+20	3.64e-01	6.36e-01	1.02e-11
 2.55210e+20	4.29e-01	5.71e-01	8.49e-12
 2.56360e+20	5.02e-01	4.98e-01	6.94e-12
 2.57447e+20	5.80e-01	4.20e-01	5.50e-12
 2.58510e+20	6.61e-01	3.39e-01	4.18e-12
 2.59569e+20	7.39e-01	2.61e-01	3.03e-12
 2.60785e+20	8.18e-01	1.82e-01	1.97e-12
 2.62117e+20	8.85e-01	1.15e-01	1.17e-12
 2.63303e+20	9.26e-01	7.40e-02	7.14e-13
 2.64345e+20	9.50e-01	4.95e-02	4.60e-13
 2.65331e+20	9.66e-01	3.38e-02	3.05e-13
 2.66274e+20	9.77e-01	2.35e-02	2.08e-13
 2.67105e+20	9.83e-01	1.71e-02	1.51e-13
 2.67776e+20	9.87e-01	1.34e-02	1.19e-13
 2.68155e+20	9.88e-01	1.19e-02	1.07e-13
 2.68278e+20	9.89e-01	1.14e-02	1.03e-13
 2.68354e+20	9.89e-01	1.11e-02	1.01e-13
 2.68444e+20	9.89e-01	1.08e-02	9.83e-14
 2.68562e+20	9.90e-01	1.03e-02	9.44e-14
 2.68700e+20	9.90e-01	9.81e-03	9.06e-14
 2.68841e+20	9.91e-01	9.35e-03	8.72e-14
 2.68975e+20	9.91e-01	8.94e-03	8.42e-14
 2.69100e+20	9.91e-01	8.59e-03	8.17e-14
 2.69221e+20	9.92e-01	8.25e-03	7.94e-14
 2.69341e+20	9.92e-01	7.94e-03	7.74e-14
 2.69458e+20	9.92e-01	7.66e-03	7.55e-14
 2.69572e+20	9.93e-01	7.40e-03	7.40e-14
 2.69684e+20	9.93e-01	7.16e-03	7.26e-14
 2.69795e+20	9.93e-01	6.93e-03	7.14e-14
 2.69903e+20	9.93e-01	6.72e-03	7.04e-14
 2.70010e+20	9.93e-01	6.53e-03	6.96e-14
 2.70114e+20	9.94e-01	6.35e-03	6.90e-14
 2.70218e+20	9.94e-01	6.18e-03	6.85e-14
 2.70321e+20	9.94e-01	6.03e-03	6.82e-14
 2.70422e+20	9.94e-01	5.89e-03	6.80e-14
 2.70523e+20	9.94e-01	5.76e-03	6.81e-14
 2.70623e+20	9.94e-01	5.63e-03	6.82e-14
 2.70712e+20	9.94e-01	5.55e-03	6.88e-14
 2.70786e+20	9.95e-01	5.47e-03	6.92e-14
 2.70857e+20	9.95e-01	5.40e-03	6.96e-14
 2.70930e+20	9.95e-01	5.32e-03	7.01e-14
 2.71005e+20	9.95e-01	5.25e-03	7.06e-14
 2.71079e+20	9.95e-01	5.19e-03	7.14e-14
 2.71150e+20	9.95e-01	5.14e-03	7.23e-14
 2.71222e+20	9.95e-01	5.08e-03	7.30e-14
 2.71293e+20	9.95e-01	5.03e-03	7.43e-14
 2.71363e+20	9.95e-01	4.99e-03	7.54e-14
 2.71434e+20	9.95e-01	4.94e-03	7.65e-14
 2.71502e+20	9.95e-01	4.90e-03	7.78e-14
 2.71570e+20	9.95e-01	4.87e-03	7.92e-14
 2.71638e+20	9.95e-01	4.84e-03	8.08e-14
 2.71706e+20	9.95e-01	4.81e-03	8.24e-14
 2.71773e+20	9.95e-01	4.78e-03	8.40e-14
 2.71839e+20	9.95e-01	4.76e-03	8.59e-14
 2.71905e+20	9.95e-01	4.73e-03	8.79e-14
 2.71971e+20	9.95e-01	4.71e-03	8.98e-14
 2.72037e+20	9.95e-01	4.69e-03	9.20e-14
 2.72101e+20	9.95e-01	4.68e-03	9.42e-14
 2.72166e+20	9.95e-01	4.67e-03	9.68e-14
 2.72229e+20	9.95e-01	4.66e-03	9.94e-14
 2.72292e+20	9.95e-01	4.64e-03	1.02e-13
 2.72353e+20	9.95e-01	4.63e-03	1.05e-13
 2.72414e+20	9.95e-01	4.63e-03	1.07e-13
 2.72474e+20	9.95e-01	4.62e-03	1.10e-13
 2.72533e+20	9.95e-01	4.61e-03	1.13e-13
 2.72592e+20	9.95e-01	4.61e-03	1.16e-13
 2.72650e+20	9.95e-01	4.60e-03	1.19e-13
 2.72708e+20	9.95e-01	4.60e-03	1.22e-13
 2.72765e+20	9.95e-01	4.59e-03	1.25e-13
 2.72821e+20	9.95e-01	4.59e-03	1.28e-13
 2.72876e+20	9.95e-01	4.59e-03	1.32e-13
 2.72931e+20	9.95e-01	4.59e-03	1.35e-13
 2.72986e+20	9.95e-01	4.58e-03	1.39e-13
 2.73040e+20	9.95e-01	4.58e-03	1.42e-13
 2.73093e+20	9.95e-01	4.58e-03	1.46e-13
 2.73146e+20	9.95e-01	4.58e-03	1.50e-13
 2.73198e+20	9.95e-01	4.58e-03	1.53e-13
 2.73249e+20	9.95e-01	4.58e-03	1.57e-13
 2.73300e+20	9.95e-01	4.58e-03	1.60e-13
 2.73351e+20	9.95e-01	4.58e-03	1.64e-13
 2.73401e+20	9.95e-01	4.58e-03	1.68e-13
 2.73450e+20	9.95e-01	4.57e-03	1.72e-13
 2.73499e+20	9.95e-01	4.57e-03	1.75e-13
 2.73547e+20	9.95e-01	4.56e-03	1.79e-13
 2.73594e+20	9.95e-01	4.56e-03	1.82e-13
 2.73641e+20	9.95e-01	4.55e-03	1.86e-13
 2.73686e+20	9.95e-01	4.54e-03	1.89e-13
 2.73731e+20	9.95e-01	4.52e-03	1.91e-13
 2.73773e+20	9.95e-01	4.51e-03	1.93e-13
 2.73813e+20	9.96e-01	4.49e-03	1.95e-13
 2.73849e+20	9.96e-01	4.47e-03	1.97e-13
 2.73881e+20	9.96e-01	4.45e-03	1.98e-13
 2.73909e+20	9.96e-01	4.44e-03	1.98e-13
 2.73935e+20	9.96e-01	4.41e-03	1.99e-13
 2.73958e+20	9.96e-01	4.39e-03	1.98e-13
 2.73979e+20	9.96e-01	4.37e-03	1.98e-13
 2.73998e+20	9.96e-01	4.35e-03	1.98e-13
 2.74015e+20	9.96e-01	4.33e-03	1.97e-13
 2.74031e+20	9.96e-01	4.31e-03	1.96e-13
 2.74045e+20	9.96e-01	4.29e-03	1.96e-13
 2.74058e+20	9.96e-01	4.27e-03	1.95e-13
 2.74070e+20	9.96e-01	4.25e-03	1.94e-13
 2.74081e+20	9.96e-01	4.23e-03	1.94e-13
 2.74090e+20	9.96e-01	4.22e-03	1.93e-13
 2.74101e+20	9.96e-01	4.20e-03	1.92e-13
 2.74113e+20	9.96e-01	4.18e-03	1.91e-13
 2.74123e+20	9.96e-01	4.16e-03	1.90e-13
 2.74133e+20	9.96e-01	4.14e-03	1.90e-13
 2.74142e+20	9.96e-01	4.12e-03	1.89e-13
 2.74150e+20	9.96e-01	4.12e-03	1.89e-13
 2.74158e+20	9.96e-01	4.11e-03	1.88e-13
 2.74170e+20	9.96e-01	4.09e-03	1.88e-13
 2.74182e+20	9.96e-01	4.07e-03	1.87e-13
 2.74193e+20	9.96e-01	4.05e-03	1.86e-13
 2.74203e+20	9.96e-01	4.03e-03	1.85e-13
 2.74213e+20	9.96e-01	4.02e-03	1.84e-13
 2.74221e+20	9.96e-01	4.01e-03	1.84e-13
 2.74230e+20	9.96e-01	3.99e-03	1.83e-13
 2.74240e+20	9.96e-01	3.97e-03	1.83e-13
 2.74249e+20	9.96e-01	3.96e-03	1.82e-13
 2.74259e+20	9.96e-01	3.94e-03	1.81e-13
 2.74270e+20	9.96e-01	3.93e-03	1.80e-13
 2.74280e+20	9.96e-01	3.91e-03	1.80e-13
 2.74288e+20	9.96e-01	3.89e-03	1.79e-13
 2.74297e+20	9.96e-01	3.89e-03	1.79e-13
 2.74305e+20	9.96e-01	3.87e-03	1.78e-13
 2.74315e+20	9.96e-01	3.85e-03	1.77e-13
 2.74324e+20	9.96e-01	3.84e-03	1.77e-13
 2.74333e+20	9.96e-01	3.82e-03	1.75e-13
 2.74343e+20	9.96e-01	3.80e-03	1.75e-13
 2.74353e+20	9.96e-01	3.79e-03	1.74e-13
 2.74363e+20	9.96e-01	3.77e-03	1.73e-13
 2.74374e+20	9.96e-01	3.75e-03	1.72e-13
 2.74384e+20	9.96e-01	3.73e-03	1.72e-13
 2.74393e+20	9.96e-01	3.72e-03	1.71e-13
 2.74402e+20	9.96e-01	3.71e-03	1.71e-13
 2.74411e+20	9.96e-01	3.69e-03	1.70e-13
 2.74421e+20	9.96e-01	3.67e-03	1.69e-13
 2.74430e+20	9.96e-01	3.67e-03	1.69e-13
 2.74439e+20	9.96e-01	3.64e-03	1.68e-13
 2.74450e+20	9.96e-01	3.63e-03	1.67e-13
 2.74460e+20	9.96e-01	3.61e-03	1.66e-13
 2.74470e+20	9.96e-01	3.58e-03	1.64e-13
 2.74482e+20	9.96e-01	3.60e-03	1.67e-13
 2.74494e+20	9.96e-01	3.60e-03	1.68e-13
 2.74510e+20	9.96e-01	3.62e-03	1.71e-13
 2.74532e+20	9.96e-01	3.63e-03	1.74e-13
 2.74559e+20	9.96e-01	3.65e-03	1.78e-13
 2.74595e+20	9.96e-01	3.67e-03	1.82e-13
 2.74641e+20	9.96e-01	3.70e-03	1.89e-13
 2.74699e+20	9.96e-01	3.73e-03	1.98e-13
 2.74762e+20	9.96e-01	3.77e-03	2.07e-13
 2.74822e+20	9.96e-01	3.80e-03	2.16e-13
 2.74879e+20	9.96e-01	3.83e-03	2.25e-13
 2.74937e+20	9.96e-01	3.86e-03	2.35e-13
 2.74996e+20	9.96e-01	3.90e-03	2.45e-13
 2.75055e+20	9.96e-01	3.93e-03	2.55e-13
 2.75114e+20	9.96e-01	3.96e-03	2.66e-13
 2.75173e+20	9.96e-01	3.99e-03	2.77e-13
 2.75233e+20	9.96e-01	4.02e-03	2.89e-13
 2.75292e+20	9.96e-01	4.06e-03	3.01e-13
 2.75352e+20	9.96e-01	4.09e-03	3.13e-13
 2.75413e+20	9.96e-01	4.12e-03	3.26e-13
 2.75473e+20	9.96e-01	4.15e-03	3.40e-13
 2.75534e+20	9.96e-01	4.17e-03	3.53e-13
 2.75595e+20	9.96e-01	4.20e-03	3.67e-13
 2.75656e+20	9.96e-01	4.23e-03	3.82e-13
 2.75717e+20	9.96e-01	4.26e-03	3.97e-13
 2.75779e+20	9.96e-01	4.28e-03	4.12e-13
 2.75842e+20	9.96e-01	4.31e-03	4.28e-13
 2.75904e+20	9.96e-01	4.33e-03	4.44e-13
 2.75967e+20	9.96e-01	4.35e-03	4.61e-13
 2.76031e+20	9.96e-01	4.37e-03	4.78e-13
 2.76095e+20	9.96e-01	4.39e-03	4.95e-13
 2.76159e+20	9.96e-01	4.41e-03	5.13e-13
 2.76224e+20	9.96e-01	4.43e-03	5.31e-13
 2.76289e+20	9.96e-01	4.44e-03	5.49e-13
 2.76355e+20	9.96e-01	4.46e-03	5.68e-13
 2.76421e+20	9.96e-01	4.47e-03	5.87e-13
 2.76488e+20	9.96e-01	4.48e-03	6.06e-13
 2.76556e+20	9.96e-01	4.49e-03	6.26e-13
 2.76624e+20	9.96e-01	4.49e-03	6.45e-13
 2.76693e+20	9.96e-01	4.50e-03	6.65e-13
 2.76763e+20	9.96e-01	4.50e-03	6.85e-13
 2.76833e+20	9.96e-01	4.50e-03	7.05e-13
 2.76904e+20	9.96e-01	4.49e-03	7.25e-13
 2.76977e+20	9.96e-01	4.49e-03	7.44e-13
 2.77050e+20	9.96e-01	4.48e-03	7.64e-13
 2.77124e+20	9.96e-01	4.47e-03	7.84e-13
 2.77199e+20	9.96e-01	4.45e-03	8.03e-13
 2.77276e+20	9.96e-01	4.44e-03	8.22e-13
 2.77353e+20	9.96e-01	4.42e-03	8.40e-13
 2.77432e+20	9.96e-01	4.39e-03	8.58e-13
 2.77513e+20	9.96e-01	4.36e-03	8.74e-13
 2.77595e+20	9.96e-01	4.33e-03	8.91e-13
 2.77678e+20	9.96e-01	4.30e-03	9.07e-13
 2.77763e+20	9.96e-01	4.26e-03	9.21e-13
 2.77849e+20	9.96e-01	4.22e-03	9.34e-13
 2.77938e+20	9.96e-01	4.17e-03	9.47e-13
 2.78029e+20	9.96e-01	4.12e-03	9.58e-13
 2.78121e+20	9.96e-01	4.07e-03	9.68e-13
 2.78216e+20	9.96e-01	4.01e-03	9.76e-13
 2.78313e+20	9.96e-01	3.94e-03	9.83e-13
 2.78413e+20	9.96e-01	3.88e-03	9.88e-13
 2.78515e+20	9.96e-01	3.81e-03	9.91e-13
 2.78620e+20	9.96e-01	3.73e-03	9.91e-13
 2.78729e+20	9.96e-01	3.65e-03	9.91e-13
 2.78841e+20	9.96e-01	3.57e-03	9.87e-13
 2.78957e+20	9.97e-01	3.48e-03	9.82e-13
 2.79075e+20	9.97e-01	3.39e-03	9.74e-13
 2.79198e+20	9.97e-01	3.29e-03	9.65e-13
 2.79324e+20	9.97e-01	3.20e-03	9.54e-13
 2.79453e+20	9.97e-01	3.10e-03	9.40e-13
 2.79586e+20	9.97e-01	3.00e-03	9.23e-13
 2.79727e+20	9.97e-01	2.89e-03	9.04e-13
 2.79873e+20	9.97e-01	2.78e-03	8.84e-13
 2.80022e+20	9.97e-01	2.67e-03	8.62e-13
 2.80174e+20	9.97e-01	2.56e-03	8.37e-13
 2.80332e+20	9.98e-01	2.45e-03	8.11e-13
 2.80497e+20	9.98e-01	2.33e-03	7.84e-13
 2.80668e+20	9.98e-01	2.22e-03	7.55e-13
 2.80841e+20	9.98e-01	2.11e-03	7.27e-13
 2.81018e+20	9.98e-01	2.00e-03	6.96e-13
 2.81202e+20	9.98e-01	1.89e-03	6.65e-13
 2.81393e+20	9.98e-01	1.79e-03	6.33e-13
 2.81588e+20	9.98e-01	1.68e-03	6.02e-13
 2.81786e+20	9.98e-01	1.58e-03	5.71e-13
 2.81987e+20	9.99e-01	1.49e-03	5.40e-13
 2.82194e+20	9.99e-01	1.39e-03	5.09e-13
 2.82408e+20	9.99e-01	1.31e-03	4.83e-13
 2.82607e+20	9.99e-01	1.23e-03	4.54e-13
 2.82814e+20	9.99e-01	1.14e-03	4.25e-13
 2.83064e+20	9.99e-01	1.06e-03	3.96e-13
