#depth	H	H+	H2
 9.71660e+11	4.26e-04	1.00e+00	6.85e-15
 5.82996e+12	4.26e-04	1.00e+00	6.85e-15
 2.52632e+13	4.26e-04	1.00e+00	6.86e-15
 1.02996e+14	4.25e-04	1.00e+00	6.86e-15
 2.46024e+14	4.25e-04	1.00e+00	6.86e-15
 4.31961e+14	4.25e-04	1.00e+00	6.86e-15
 6.73679e+14	4.24e-04	1.00e+00	6.87e-15
 9.87912e+14	4.24e-04	1.00e+00	6.88e-15
 1.39642e+15	4.24e-04	1.00e+00	6.90e-15
 1.92747e+15	4.23e-04	1.00e+00	6.91e-15
 2.61784e+15	4.23e-04	1.00e+00	6.94e-15
 3.51532e+15	4.22e-04	1.00e+00	6.97e-15
 4.68205e+15	4.22e-04	1.00e+00	7.01e-15
 6.19879e+15	4.22e-04	1.00e+00	7.06e-15
 8.17056e+15	4.21e-04	1.00e+00	7.13e-15
 1.07339e+16	4.22e-04	1.00e+00	7.22e-15
 1.40661e+16	4.22e-04	1.00e+00	7.34e-15
 1.83981e+16	4.23e-04	1.00e+00	7.50e-15
 2.40297e+16	4.25e-04	1.00e+00	7.72e-15
 3.13507e+16	4.29e-04	1.00e+00	8.02e-15
 3.72631e+16	4.28e-04	1.00e+00	8.24e-15
 4.09894e+16	4.30e-04	1.00e+00	8.39e-15
 4.50884e+16	4.33e-04	1.00e+00	8.61e-15
 4.95972e+16	4.36e-04	1.00e+00	8.82e-15
 5.45569e+16	4.40e-04	1.00e+00	9.03e-15
 6.00126e+16	4.43e-04	1.00e+00	9.25e-15
 6.60139e+16	4.49e-04	1.00e+00	9.57e-15
 7.26153e+16	4.55e-04	1.00e+00	9.89e-15
 7.98768e+16	4.62e-04	1.00e+00	1.03e-14
 8.78645e+16	4.70e-04	1.00e+00	1.07e-14
 9.66509e+16	4.80e-04	1.00e+00	1.12e-14
 1.06316e+17	4.91e-04	1.00e+00	1.18e-14
 1.16948e+17	5.05e-04	9.99e-01	1.25e-14
 1.28642e+17	5.22e-04	9.99e-01	1.33e-14
 1.41507e+17	5.42e-04	9.99e-01	1.43e-14
 1.55657e+17	5.65e-04	9.99e-01	1.54e-14
 1.71223e+17	5.94e-04	9.99e-01	1.68e-14
 1.88345e+17	6.30e-04	9.99e-01	1.85e-14
 2.07180e+17	6.74e-04	9.99e-01	2.05e-14
 2.27898e+17	7.30e-04	9.99e-01	2.32e-14
 2.50688e+17	8.01e-04	9.99e-01	2.65e-14
 2.75756e+17	8.95e-04	9.99e-01	3.10e-14
 3.01052e+17	1.01e-03	9.99e-01	3.63e-14
 3.23744e+17	1.13e-03	9.99e-01	4.22e-14
 3.43762e+17	1.27e-03	9.99e-01	4.85e-14
 3.62275e+17	1.42e-03	9.99e-01	5.56e-14
 3.79913e+17	1.59e-03	9.98e-01	6.38e-14
 3.96562e+17	1.79e-03	9.98e-01	7.32e-14
 4.11395e+17	2.00e-03	9.98e-01	8.32e-14
 4.24269e+17	2.23e-03	9.98e-01	9.36e-14
 4.36220e+17	2.48e-03	9.98e-01	1.05e-13
 4.47807e+17	2.77e-03	9.97e-01	1.19e-13
 4.58859e+17	3.10e-03	9.97e-01	1.35e-13
 4.68893e+17	3.48e-03	9.97e-01	1.53e-13
 4.77808e+17	3.88e-03	9.96e-01	1.73e-13
 4.85990e+17	4.33e-03	9.96e-01	1.94e-13
 4.93786e+17	4.84e-03	9.95e-01	2.19e-13
 5.01251e+17	5.44e-03	9.95e-01	2.48e-13
 5.08298e+17	6.15e-03	9.94e-01	2.84e-13
 5.13976e+17	6.83e-03	9.93e-01	3.17e-13
 5.17815e+17	7.38e-03	9.93e-01	3.45e-13
 5.20888e+17	7.88e-03	9.92e-01	3.70e-13
 5.24320e+17	8.51e-03	9.91e-01	4.02e-13
 5.27849e+17	9.25e-03	9.91e-01	4.39e-13
 5.30532e+17	9.89e-03	9.90e-01	4.72e-13
 5.32493e+17	1.04e-02	9.90e-01	4.99e-13
 5.34486e+17	1.10e-02	9.89e-01	5.29e-13
 5.36593e+17	1.16e-02	9.88e-01	5.63e-13
 5.38307e+17	1.22e-02	9.88e-01	5.95e-13
 5.39650e+17	1.27e-02	9.87e-01	6.21e-13
 5.40868e+17	1.32e-02	9.87e-01	6.47e-13
 5.42266e+17	1.38e-02	9.86e-01	6.79e-13
 5.43745e+17	1.44e-02	9.86e-01	7.16e-13
 5.44999e+17	1.50e-02	9.85e-01	7.50e-13
 5.46111e+17	1.56e-02	9.84e-01	7.84e-13
 5.47369e+17	1.63e-02	9.84e-01	8.25e-13
 5.49005e+17	1.73e-02	9.83e-01	8.86e-13
 5.51132e+17	1.88e-02	9.81e-01	9.74e-13
 5.53897e+17	2.12e-02	9.79e-01	1.11e-12
 5.57492e+17	2.51e-02	9.75e-01	1.35e-12
 5.61137e+17	3.10e-02	9.69e-01	1.68e-12
 5.64106e+17	3.81e-02	9.62e-01	2.11e-12
 5.66623e+17	4.68e-02	9.53e-01	2.66e-12
 5.68794e+17	5.76e-02	9.42e-01	3.37e-12
 5.70675e+17	7.12e-02	9.29e-01	4.32e-12
 5.72099e+17	8.63e-02	9.14e-01	5.46e-12
 5.73042e+17	1.00e-01	9.00e-01	6.55e-12
 5.73803e+17	1.13e-01	8.87e-01	7.69e-12
 5.74654e+17	1.32e-01	8.68e-01	9.47e-12
 5.75569e+17	1.59e-01	8.41e-01	1.22e-11
 5.76407e+17	1.92e-01	8.08e-01	1.62e-11
 5.77164e+17	2.33e-01	7.67e-01	2.20e-11
 5.77781e+17	2.77e-01	7.23e-01	2.96e-11
 5.78224e+17	3.15e-01	6.85e-01	3.78e-11
 5.78527e+17	3.45e-01	6.55e-01	4.53e-11
 5.78764e+17	3.71e-01	6.29e-01	5.27e-11
 5.78982e+17	3.96e-01	6.04e-01	6.08e-11
 5.79195e+17	4.22e-01	5.78e-01	7.09e-11
 5.79389e+17	4.48e-01	5.52e-01	8.22e-11
 5.79563e+17	4.71e-01	5.29e-01	9.30e-11
 5.79717e+17	4.93e-01	5.07e-01	1.06e-10
 5.79857e+17	5.13e-01	4.87e-01	1.18e-10
 5.79990e+17	5.33e-01	4.67e-01	1.32e-10
 5.80097e+17	5.48e-01	4.52e-01	1.44e-10
 5.80174e+17	5.60e-01	4.40e-01	1.54e-10
 5.80247e+17	5.71e-01	4.29e-01	1.65e-10
 5.80328e+17	5.84e-01	4.16e-01	1.78e-10
 5.80414e+17	5.96e-01	4.04e-01	1.92e-10
 5.80498e+17	6.09e-01	3.91e-01	2.07e-10
 5.80579e+17	6.22e-01	3.78e-01	2.24e-10
 5.80657e+17	6.34e-01	3.66e-01	2.41e-10
 5.80735e+17	6.45e-01	3.55e-01	2.59e-10
 5.80813e+17	6.57e-01	3.43e-01	2.80e-10
 5.80892e+17	6.69e-01	3.31e-01	3.03e-10
 5.80968e+17	6.80e-01	3.20e-01	3.26e-10
 5.81043e+17	6.91e-01	3.09e-01	3.50e-10
 5.81120e+17	7.02e-01	2.98e-01	3.79e-10
 5.81196e+17	7.13e-01	2.87e-01	4.10e-10
 5.81270e+17	7.23e-01	2.77e-01	4.40e-10
 5.81343e+17	7.34e-01	2.66e-01	4.79e-10
 5.81416e+17	7.43e-01	2.57e-01	5.12e-10
 5.81490e+17	7.53e-01	2.47e-01	5.54e-10
 5.81563e+17	7.63e-01	2.37e-01	6.03e-10
 5.81635e+17	7.72e-01	2.28e-01	6.46e-10
 5.81704e+17	7.81e-01	2.19e-01	7.01e-10
 5.81774e+17	7.89e-01	2.11e-01	7.47e-10
 5.81843e+17	7.97e-01	2.03e-01	8.09e-10
 5.81912e+17	8.05e-01	1.95e-01	8.78e-10
 5.81980e+17	8.13e-01	1.87e-01	9.41e-10
 5.82047e+17	8.20e-01	1.80e-01	1.02e-09
 5.82113e+17	8.27e-01	1.73e-01	1.09e-09
 5.82178e+17	8.34e-01	1.66e-01	1.18e-09
 5.82242e+17	8.40e-01	1.60e-01	1.26e-09
 5.82306e+17	8.46e-01	1.54e-01	1.36e-09
 5.82369e+17	8.52e-01	1.48e-01	1.46e-09
 5.82432e+17	8.58e-01	1.42e-01	1.57e-09
 5.82494e+17	8.64e-01	1.36e-01	1.68e-09
 5.82555e+17	8.69e-01	1.31e-01	1.82e-09
 5.82616e+17	8.74e-01	1.26e-01	1.94e-09
 5.82677e+17	8.79e-01	1.21e-01	2.10e-09
 5.82736e+17	8.84e-01	1.16e-01	2.24e-09
 5.82795e+17	8.88e-01	1.12e-01	2.41e-09
 5.82855e+17	8.92e-01	1.08e-01	2.60e-09
 5.82914e+17	8.97e-01	1.03e-01	2.78e-09
 5.82972e+17	9.01e-01	9.93e-02	3.00e-09
 5.83030e+17	9.04e-01	9.55e-02	3.19e-09
 5.83088e+17	9.08e-01	9.18e-02	3.44e-09
 5.83144e+17	9.12e-01	8.82e-02	3.70e-09
 5.83201e+17	9.15e-01	8.48e-02	3.96e-09
 5.83258e+17	9.19e-01	8.15e-02	4.25e-09
 5.83314e+17	9.22e-01	7.83e-02	4.57e-09
 5.83370e+17	9.25e-01	7.53e-02	4.89e-09
 5.83426e+17	9.28e-01	7.23e-02	5.23e-09
 5.83481e+17	9.31e-01	6.95e-02	5.60e-09
 5.83536e+17	9.33e-01	6.68e-02	5.98e-09
 5.83590e+17	9.36e-01	6.43e-02	6.37e-09
 5.83644e+17	9.38e-01	6.18e-02	6.78e-09
 5.83698e+17	9.41e-01	5.94e-02	7.21e-09
 5.83752e+17	9.43e-01	5.71e-02	7.66e-09
 5.83805e+17	9.45e-01	5.48e-02	8.12e-09
 5.83858e+17	9.47e-01	5.27e-02	8.59e-09
 5.83911e+17	9.49e-01	5.07e-02	9.07e-09
 5.83963e+17	9.51e-01	4.87e-02	9.54e-09
 5.84015e+17	9.53e-01	4.68e-02	1.00e-08
 5.84066e+17	9.55e-01	4.50e-02	1.05e-08
 5.84118e+17	9.57e-01	4.32e-02	1.10e-08
 5.84169e+17	9.58e-01	4.15e-02	1.14e-08
 5.84219e+17	9.60e-01	3.99e-02	1.18e-08
 5.84269e+17	9.62e-01	3.83e-02	1.22e-08
 5.84318e+17	9.63e-01	3.68e-02	1.26e-08
 5.84367e+17	9.65e-01	3.54e-02	1.29e-08
 5.84414e+17	9.66e-01	3.40e-02	1.33e-08
 5.84461e+17	9.67e-01	3.26e-02	1.35e-08
 5.84508e+17	9.69e-01	3.13e-02	1.38e-08
 5.84553e+17	9.70e-01	3.01e-02	1.40e-08
 5.84598e+17	9.71e-01	2.89e-02	1.42e-08
 5.84642e+17	9.72e-01	2.77e-02	1.44e-08
 5.84683e+17	9.73e-01	2.67e-02	1.47e-08
 5.84721e+17	9.74e-01	2.57e-02	1.49e-08
 5.84755e+17	9.75e-01	2.48e-02	1.51e-08
 5.84786e+17	9.76e-01	2.41e-02	1.54e-08
 5.84814e+17	9.77e-01	2.34e-02	1.56e-08
 5.84839e+17	9.77e-01	2.28e-02	1.59e-08
 5.84862e+17	9.78e-01	2.22e-02	1.62e-08
 5.84883e+17	9.78e-01	2.17e-02	1.65e-08
 5.84903e+17	9.79e-01	2.12e-02	1.68e-08
 5.84920e+17	9.79e-01	2.08e-02	1.71e-08
 5.84936e+17	9.80e-01	2.04e-02	1.73e-08
 5.84953e+17	9.80e-01	2.00e-02	1.77e-08
 5.84972e+17	9.80e-01	1.95e-02	1.81e-08
 5.84989e+17	9.81e-01	1.92e-02	1.84e-08
 5.85005e+17	9.81e-01	1.88e-02	1.88e-08
 5.85019e+17	9.82e-01	1.85e-02	1.91e-08
 5.85034e+17	9.82e-01	1.82e-02	1.95e-08
 5.85051e+17	9.82e-01	1.77e-02	2.00e-08
 5.85066e+17	9.83e-01	1.74e-02	2.05e-08
 5.85080e+17	9.83e-01	1.71e-02	2.08e-08
 5.85093e+17	9.83e-01	1.69e-02	2.12e-08
 5.85107e+17	9.83e-01	1.66e-02	2.16e-08
 5.85122e+17	9.84e-01	1.63e-02	2.20e-08
 5.85135e+17	9.84e-01	1.60e-02	2.25e-08
 5.85148e+17	9.84e-01	1.58e-02	2.29e-08
 5.85161e+17	9.84e-01	1.55e-02	2.33e-08
 5.85176e+17	9.85e-01	1.53e-02	2.39e-08
 5.85189e+17	9.85e-01	1.50e-02	2.43e-08
 5.85201e+17	9.85e-01	1.48e-02	2.48e-08
 5.85214e+17	9.85e-01	1.46e-02	2.53e-08
 5.85229e+17	9.86e-01	1.43e-02	2.59e-08
 5.85242e+17	9.86e-01	1.41e-02	2.64e-08
 5.85254e+17	9.86e-01	1.39e-02	2.69e-08
 5.85267e+17	9.86e-01	1.36e-02	2.75e-08
 5.85281e+17	9.87e-01	1.34e-02	2.82e-08
 5.85293e+17	9.87e-01	1.32e-02	2.88e-08
 5.85305e+17	9.87e-01	1.30e-02	2.93e-08
 5.85318e+17	9.87e-01	1.28e-02	3.01e-08
 5.85332e+17	9.87e-01	1.26e-02	3.07e-08
 5.85344e+17	9.88e-01	1.24e-02	3.13e-08
 5.85358e+17	9.88e-01	1.21e-02	3.22e-08
 5.85373e+17	9.88e-01	1.19e-02	3.30e-08
 5.85386e+17	9.88e-01	1.17e-02	3.38e-08
 5.85398e+17	9.88e-01	1.16e-02	3.44e-08
 5.85412e+17	9.89e-01	1.13e-02	3.52e-08
 5.85426e+17	9.89e-01	1.11e-02	3.60e-08
 5.85439e+17	9.89e-01	1.10e-02	3.67e-08
 5.85454e+17	9.89e-01	1.08e-02	3.78e-08
 5.85470e+17	9.89e-01	1.06e-02	3.86e-08
 5.85484e+17	9.90e-01	1.03e-02	3.99e-08
 5.85497e+17	9.90e-01	1.03e-02	3.99e-08
 5.85511e+17	9.90e-01	1.01e-02	3.99e-08
 5.85529e+17	9.90e-01	1.00e-02	3.99e-08
 5.85553e+17	9.90e-01	9.86e-03	3.99e-08
 5.85584e+17	9.90e-01	9.65e-03	3.99e-08
 5.85625e+17	9.91e-01	9.39e-03	3.98e-08
 5.85677e+17	9.91e-01	9.06e-03	3.98e-08
 5.85741e+17	9.91e-01	8.68e-03	3.98e-08
 5.85808e+17	9.92e-01	8.32e-03	3.98e-08
 5.85872e+17	9.92e-01	7.99e-03	3.98e-08
 5.85933e+17	9.92e-01	7.68e-03	3.98e-08
 5.85996e+17	9.93e-01	7.38e-03	3.97e-08
 5.86060e+17	9.93e-01	7.08e-03	3.97e-08
 5.86125e+17	9.93e-01	6.80e-03	3.97e-08
 5.86190e+17	9.93e-01	6.53e-03	3.97e-08
 5.86255e+17	9.94e-01	6.27e-03	3.97e-08
 5.86321e+17	9.94e-01	6.01e-03	3.97e-08
 5.86388e+17	9.94e-01	5.77e-03	3.97e-08
 5.86455e+17	9.94e-01	5.54e-03	3.97e-08
 5.86524e+17	9.95e-01	5.32e-03	3.96e-08
 5.86592e+17	9.95e-01	5.11e-03	3.96e-08
 5.86662e+17	9.95e-01	4.90e-03	3.96e-08
 5.86733e+17	9.95e-01	4.70e-03	3.96e-08
 5.86805e+17	9.95e-01	4.51e-03	3.96e-08
 5.86878e+17	9.96e-01	4.33e-03	3.96e-08
 5.86953e+17	9.96e-01	4.15e-03	3.96e-08
 5.87029e+17	9.96e-01	3.99e-03	3.96e-08
 5.87106e+17	9.96e-01	3.82e-03	3.96e-08
 5.87185e+17	9.96e-01	3.67e-03	3.96e-08
 5.87267e+17	9.96e-01	3.52e-03	3.96e-08
 5.87350e+17	9.97e-01	3.38e-03	3.96e-08
 5.87435e+17	9.97e-01	3.24e-03	3.96e-08
 5.87523e+17	9.97e-01	3.11e-03	3.96e-08
 5.87615e+17	9.97e-01	2.98e-03	3.96e-08
 5.87711e+17	9.97e-01	2.86e-03	3.96e-08
 5.87809e+17	9.97e-01	2.74e-03	3.96e-08
 5.87912e+17	9.97e-01	2.63e-03	3.96e-08
 5.88020e+17	9.97e-01	2.52e-03	3.96e-08
 5.88135e+17	9.98e-01	2.42e-03	3.96e-08
 5.88256e+17	9.98e-01	2.32e-03	3.96e-08
 5.88387e+17	9.98e-01	2.23e-03	3.96e-08
 5.88528e+17	9.98e-01	2.14e-03	3.96e-08
 5.88679e+17	9.98e-01	2.06e-03	3.96e-08
 5.88854e+17	9.98e-01	1.98e-03	3.96e-08
 5.89054e+17	9.98e-01	1.89e-03	3.96e-08
 5.89275e+17	9.98e-01	1.82e-03	3.96e-08
 5.89525e+17	9.98e-01	1.75e-03	3.97e-08
 5.89813e+17	9.98e-01	1.69e-03	3.97e-08
 5.90167e+17	9.98e-01	1.63e-03	3.97e-08
 5.90620e+17	9.98e-01	1.58e-03	3.97e-08
 5.91210e+17	9.98e-01	1.52e-03	3.98e-08
 5.91977e+17	9.99e-01	1.47e-03	3.98e-08
 5.92973e+17	9.99e-01	1.42e-03	3.99e-08
 5.94241e+17	9.99e-01	1.36e-03	4.00e-08
 5.95755e+17	9.99e-01	1.30e-03	4.01e-08
 5.97454e+17	9.99e-01	1.24e-03	4.03e-08
 5.99286e+17	9.99e-01	1.19e-03	4.04e-08
 6.01282e+17	9.99e-01	1.14e-03	4.06e-08
 6.03641e+17	9.99e-01	1.10e-03	4.08e-08
 6.06645e+17	9.99e-01	1.06e-03	4.11e-08
 6.10550e+17	9.99e-01	1.01e-03	4.14e-08
 6.15437e+17	9.99e-01	9.65e-04	4.18e-08
 6.20967e+17	9.99e-01	9.14e-04	4.23e-08
 6.26813e+17	9.99e-01	8.71e-04	4.29e-08
 6.33008e+17	9.99e-01	8.30e-04	4.35e-08
 6.39774e+17	9.99e-01	7.92e-04	4.41e-08
 6.47200e+17	9.99e-01	7.54e-04	4.48e-08
 6.55526e+17	9.99e-01	7.21e-04	4.56e-08
 6.63936e+17	9.99e-01	6.80e-04	4.65e-08
