#depth	H	H+	H2
 9.96512e+12	1.26e-04	1.00e+00	5.25e-16
 5.97907e+13	1.26e-04	1.00e+00	5.25e-16
 2.59093e+14	1.26e-04	1.00e+00	5.25e-16
 1.05630e+15	1.26e-04	1.00e+00	5.26e-16
 2.52317e+15	1.26e-04	1.00e+00	5.27e-16
 4.43009e+15	1.26e-04	1.00e+00	5.29e-16
 6.90910e+15	1.26e-04	1.00e+00	5.31e-16
 1.01318e+16	1.26e-04	1.00e+00	5.34e-16
 1.43213e+16	1.27e-04	1.00e+00	5.38e-16
 1.97677e+16	1.27e-04	1.00e+00	5.43e-16
 2.68480e+16	1.27e-04	1.00e+00	5.49e-16
 3.60523e+16	1.28e-04	1.00e+00	5.58e-16
 4.80180e+16	1.29e-04	1.00e+00	5.68e-16
 6.35734e+16	1.30e-04	1.00e+00	5.83e-16
 8.37954e+16	1.32e-04	1.00e+00	6.01e-16
 1.10084e+17	1.34e-04	1.00e+00	6.26e-16
 1.44259e+17	1.37e-04	1.00e+00	6.59e-16
 1.88687e+17	1.41e-04	1.00e+00	7.05e-16
 2.46443e+17	1.46e-04	1.00e+00	7.67e-16
 3.21526e+17	1.54e-04	1.00e+00	8.56e-16
 3.82162e+17	1.58e-04	1.00e+00	9.23e-16
 4.20378e+17	1.62e-04	1.00e+00	9.72e-16
 4.62416e+17	1.67e-04	1.00e+00	1.03e-15
 5.08658e+17	1.72e-04	1.00e+00	1.10e-15
 5.59523e+17	1.77e-04	1.00e+00	1.18e-15
 6.15476e+17	1.84e-04	1.00e+00	1.27e-15
 6.77023e+17	1.91e-04	1.00e+00	1.38e-15
 7.44726e+17	1.99e-04	1.00e+00	1.51e-15
 8.19198e+17	2.08e-04	1.00e+00	1.67e-15
 9.01118e+17	2.19e-04	1.00e+00	1.86e-15
 9.91230e+17	2.32e-04	1.00e+00	2.09e-15
 1.09035e+18	2.47e-04	1.00e+00	2.38e-15
 1.19939e+18	2.64e-04	1.00e+00	2.74e-15
 1.31933e+18	2.84e-04	1.00e+00	3.18e-15
 1.45126e+18	3.08e-04	1.00e+00	3.76e-15
 1.59639e+18	3.36e-04	1.00e+00	4.50e-15
 1.75602e+18	3.71e-04	1.00e+00	5.47e-15
 1.91967e+18	4.09e-04	1.00e+00	6.65e-15
 2.07551e+18	4.50e-04	1.00e+00	7.99e-15
 2.24989e+18	5.03e-04	9.99e-01	9.90e-15
 2.43494e+18	5.64e-04	9.99e-01	1.23e-14
 2.59412e+18	6.24e-04	9.99e-01	1.48e-14
 2.73876e+18	6.86e-04	9.99e-01	1.75e-14
 2.90428e+18	7.69e-04	9.99e-01	2.14e-14
 3.08305e+18	8.71e-04	9.99e-01	2.64e-14
 3.24007e+18	9.75e-04	9.99e-01	3.17e-14
 3.38045e+18	1.08e-03	9.99e-01	3.76e-14
 3.53817e+18	1.23e-03	9.99e-01	4.59e-14
 3.70599e+18	1.42e-03	9.99e-01	5.65e-14
 3.84921e+18	1.61e-03	9.98e-01	6.78e-14
 3.96447e+18	1.79e-03	9.98e-01	7.88e-14
 4.06367e+18	1.98e-03	9.98e-01	9.00e-14
 4.17517e+18	2.23e-03	9.98e-01	1.06e-13
 4.29410e+18	2.55e-03	9.97e-01	1.27e-13
 4.39085e+18	2.88e-03	9.97e-01	1.47e-13
 4.46713e+18	3.18e-03	9.97e-01	1.66e-13
 4.54866e+18	3.58e-03	9.96e-01	1.93e-13
 4.63631e+18	4.09e-03	9.96e-01	2.27e-13
 4.71161e+18	4.64e-03	9.95e-01	2.63e-13
 4.77571e+18	5.22e-03	9.95e-01	3.03e-13
 4.83248e+18	5.83e-03	9.94e-01	3.44e-13
 4.88177e+18	6.48e-03	9.94e-01	3.89e-13
 4.92520e+18	7.16e-03	9.93e-01	4.37e-13
 4.96396e+18	7.87e-03	9.92e-01	4.87e-13
 4.99832e+18	8.60e-03	9.91e-01	5.40e-13
 5.02918e+18	9.37e-03	9.91e-01	5.96e-13
 5.05684e+18	1.02e-02	9.90e-01	6.53e-13
 5.08116e+18	1.10e-02	9.89e-01	7.13e-13
 5.10260e+18	1.17e-02	9.88e-01	7.70e-13
 5.12178e+18	1.25e-02	9.87e-01	8.33e-13
 5.13947e+18	1.34e-02	9.87e-01	8.93e-13
 5.15576e+18	1.42e-02	9.86e-01	9.58e-13
 5.17050e+18	1.50e-02	9.85e-01	1.03e-12
 5.18396e+18	1.58e-02	9.84e-01	1.09e-12
 5.19645e+18	1.67e-02	9.83e-01	1.16e-12
 5.20834e+18	1.75e-02	9.82e-01	1.23e-12
 5.21990e+18	1.84e-02	9.82e-01	1.31e-12
 5.23306e+18	1.96e-02	9.80e-01	1.41e-12
 5.24719e+18	2.09e-02	9.79e-01	1.53e-12
 5.26010e+18	2.23e-02	9.78e-01	1.66e-12
 5.27442e+18	2.41e-02	9.76e-01	1.83e-12
 5.29303e+18	2.69e-02	9.73e-01	2.09e-12
 5.31723e+18	3.13e-02	9.69e-01	2.52e-12
 5.34322e+18	3.81e-02	9.62e-01	3.19e-12
 5.36676e+18	4.71e-02	9.53e-01	4.14e-12
 5.38746e+18	5.87e-02	9.41e-01	5.47e-12
 5.40463e+18	7.26e-02	9.27e-01	7.22e-12
 5.41717e+18	8.75e-02	9.12e-01	9.31e-12
 5.42559e+18	1.01e-01	8.99e-01	1.14e-11
 5.43256e+18	1.15e-01	8.85e-01	1.37e-11
 5.44041e+18	1.33e-01	8.67e-01	1.73e-11
 5.44892e+18	1.60e-01	8.40e-01	2.32e-11
 5.45676e+18	1.94e-01	8.06e-01	3.22e-11
 5.46375e+18	2.34e-01	7.66e-01	4.55e-11
 5.46944e+18	2.76e-01	7.24e-01	6.32e-11
 5.47360e+18	3.14e-01	6.86e-01	8.31e-11
 5.47651e+18	3.45e-01	6.55e-01	1.02e-10
 5.47885e+18	3.71e-01	6.29e-01	1.22e-10
 5.48098e+18	3.96e-01	6.04e-01	1.43e-10
 5.48297e+18	4.22e-01	5.78e-01	1.68e-10
 5.48480e+18	4.47e-01	5.53e-01	1.96e-10
 5.48648e+18	4.70e-01	5.30e-01	2.25e-10
 5.48800e+18	4.92e-01	5.08e-01	2.59e-10
 5.48938e+18	5.12e-01	4.88e-01	2.90e-10
 5.49068e+18	5.32e-01	4.68e-01	3.28e-10
 5.49171e+18	5.47e-01	4.53e-01	3.59e-10
 5.49246e+18	5.59e-01	4.41e-01	3.84e-10
 5.49318e+18	5.70e-01	4.30e-01	4.11e-10
 5.49398e+18	5.83e-01	4.17e-01	4.44e-10
 5.49482e+18	5.96e-01	4.04e-01	4.80e-10
 5.49564e+18	6.08e-01	3.92e-01	5.18e-10
 5.49642e+18	6.20e-01	3.80e-01	5.57e-10
 5.49721e+18	6.33e-01	3.67e-01	6.02e-10
 5.49798e+18	6.44e-01	3.56e-01	6.45e-10
 5.49876e+18	6.56e-01	3.44e-01	6.97e-10
 5.49953e+18	6.68e-01	3.32e-01	7.52e-10
 5.50028e+18	6.79e-01	3.21e-01	8.08e-10
 5.50103e+18	6.90e-01	3.10e-01	8.66e-10
 5.50178e+18	7.01e-01	2.99e-01	9.36e-10
 5.50252e+18	7.12e-01	2.88e-01	1.00e-09
 5.50326e+18	7.23e-01	2.77e-01	1.08e-09
 5.50400e+18	7.32e-01	2.68e-01	1.15e-09
 5.50473e+18	7.42e-01	2.58e-01	1.25e-09
 5.50546e+18	7.52e-01	2.48e-01	1.34e-09
 5.50618e+18	7.62e-01	2.38e-01	1.44e-09
 5.50689e+18	7.71e-01	2.29e-01	1.54e-09
 5.50760e+18	7.80e-01	2.20e-01	1.66e-09
 5.50830e+18	7.88e-01	2.12e-01	1.77e-09
 5.50899e+18	7.97e-01	2.03e-01	1.91e-09
 5.50967e+18	8.05e-01	1.95e-01	2.03e-09
 5.51034e+18	8.12e-01	1.88e-01	2.19e-09
 5.51101e+18	8.19e-01	1.81e-01	2.33e-09
 5.51166e+18	8.27e-01	1.73e-01	2.51e-09
 5.51231e+18	8.33e-01	1.67e-01	2.66e-09
 5.51295e+18	8.40e-01	1.60e-01	2.86e-09
 5.51358e+18	8.46e-01	1.54e-01	3.05e-09
 5.51421e+18	8.52e-01	1.48e-01	3.27e-09
 5.51483e+18	8.58e-01	1.42e-01	3.48e-09
 5.51545e+18	8.63e-01	1.37e-01	3.74e-09
 5.51605e+18	8.69e-01	1.31e-01	4.00e-09
 5.51665e+18	8.74e-01	1.26e-01	4.27e-09
 5.51726e+18	8.79e-01	1.21e-01	4.57e-09
 5.51785e+18	8.83e-01	1.17e-01	4.88e-09
 5.51844e+18	8.88e-01	1.12e-01	5.23e-09
 5.51902e+18	8.92e-01	1.08e-01	5.59e-09
 5.51960e+18	8.96e-01	1.04e-01	5.99e-09
 5.52018e+18	9.00e-01	9.97e-02	6.40e-09
 5.52075e+18	9.04e-01	9.57e-02	6.88e-09
 5.52132e+18	9.08e-01	9.21e-02	7.33e-09
 5.52189e+18	9.12e-01	8.84e-02	7.90e-09
 5.52245e+18	9.15e-01	8.51e-02	8.44e-09
 5.52301e+18	9.18e-01	8.17e-02	9.07e-09
 5.52356e+18	9.21e-01	7.86e-02	9.73e-09
 5.52412e+18	9.24e-01	7.55e-02	1.04e-08
 5.52467e+18	9.27e-01	7.26e-02	1.12e-08
 5.52522e+18	9.30e-01	6.98e-02	1.20e-08
 5.52576e+18	9.33e-01	6.70e-02	1.29e-08
 5.52630e+18	9.36e-01	6.44e-02	1.39e-08
 5.52684e+18	9.38e-01	6.20e-02	1.49e-08
 5.52737e+18	9.40e-01	5.96e-02	1.60e-08
 5.52790e+18	9.43e-01	5.73e-02	1.72e-08
 5.52843e+18	9.45e-01	5.51e-02	1.85e-08
 5.52896e+18	9.47e-01	5.29e-02	1.98e-08
 5.52948e+18	9.49e-01	5.09e-02	2.13e-08
 5.53001e+18	9.51e-01	4.89e-02	2.29e-08
 5.53052e+18	9.53e-01	4.70e-02	2.45e-08
 5.53104e+18	9.55e-01	4.52e-02	2.63e-08
 5.53155e+18	9.57e-01	4.34e-02	2.81e-08
 5.53206e+18	9.58e-01	4.17e-02	3.00e-08
 5.53257e+18	9.60e-01	4.01e-02	3.21e-08
 5.53307e+18	9.61e-01	3.85e-02	3.40e-08
 5.53357e+18	9.63e-01	3.70e-02	3.59e-08
 5.53406e+18	9.64e-01	3.56e-02	3.79e-08
 5.53455e+18	9.66e-01	3.42e-02	3.99e-08
 5.53504e+18	9.67e-01	3.29e-02	4.18e-08
 5.53552e+18	9.68e-01	3.16e-02	4.37e-08
 5.53600e+18	9.70e-01	3.03e-02	4.54e-08
 5.53646e+18	9.71e-01	2.91e-02	4.70e-08
 5.53693e+18	9.72e-01	2.80e-02	4.85e-08
 5.53738e+18	9.73e-01	2.69e-02	4.98e-08
 5.53783e+18	9.74e-01	2.58e-02	5.10e-08
 5.53827e+18	9.75e-01	2.48e-02	5.20e-08
 5.53870e+18	9.76e-01	2.38e-02	5.27e-08
 5.53912e+18	9.77e-01	2.29e-02	5.33e-08
 5.53951e+18	9.78e-01	2.20e-02	5.39e-08
 5.53987e+18	9.79e-01	2.12e-02	5.44e-08
 5.54020e+18	9.79e-01	2.06e-02	5.48e-08
 5.54050e+18	9.80e-01	1.99e-02	5.54e-08
 5.54079e+18	9.81e-01	1.93e-02	5.60e-08
 5.54105e+18	9.81e-01	1.87e-02	5.66e-08
 5.54129e+18	9.82e-01	1.82e-02	5.73e-08
 5.54151e+18	9.82e-01	1.78e-02	5.81e-08
 5.54171e+18	9.83e-01	1.73e-02	5.89e-08
 5.54189e+18	9.83e-01	1.70e-02	5.97e-08
 5.54206e+18	9.83e-01	1.66e-02	6.05e-08
 5.54221e+18	9.84e-01	1.63e-02	6.13e-08
 5.54234e+18	9.84e-01	1.61e-02	6.21e-08
 5.54247e+18	9.84e-01	1.58e-02	6.28e-08
 5.54260e+18	9.84e-01	1.56e-02	6.36e-08
 5.54278e+18	9.85e-01	1.51e-02	6.52e-08
 5.54297e+18	9.85e-01	1.48e-02	6.68e-08
 5.54314e+18	9.86e-01	1.44e-02	6.83e-08
 5.54330e+18	9.86e-01	1.41e-02	6.98e-08
 5.54345e+18	9.86e-01	1.39e-02	7.12e-08
 5.54358e+18	9.86e-01	1.36e-02	7.25e-08
 5.54370e+18	9.87e-01	1.34e-02	7.35e-08
 5.54383e+18	9.87e-01	1.32e-02	7.49e-08
 5.54397e+18	9.87e-01	1.30e-02	7.63e-08
 5.54410e+18	9.87e-01	1.28e-02	7.74e-08
 5.54424e+18	9.87e-01	1.26e-02	7.92e-08
 5.54439e+18	9.88e-01	1.23e-02	8.09e-08
 5.54453e+18	9.88e-01	1.21e-02	8.26e-08
 5.54465e+18	9.88e-01	1.19e-02	8.39e-08
 5.54479e+18	9.88e-01	1.17e-02	8.54e-08
 5.54497e+18	9.89e-01	1.14e-02	8.83e-08
 5.54516e+18	9.89e-01	1.11e-02	9.10e-08
 5.54534e+18	9.89e-01	1.09e-02	9.34e-08
 5.54550e+18	9.89e-01	1.07e-02	9.59e-08
 5.54565e+18	9.90e-01	1.05e-02	9.82e-08
 5.54578e+18	9.90e-01	1.03e-02	1.00e-07
 5.54590e+18	9.90e-01	1.02e-02	1.02e-07
 5.54603e+18	9.90e-01	9.97e-03	1.05e-07
 5.54617e+18	9.90e-01	9.79e-03	1.07e-07
 5.54630e+18	9.90e-01	9.65e-03	1.09e-07
 5.54645e+18	9.91e-01	9.44e-03	1.12e-07
 5.54660e+18	9.91e-01	9.25e-03	1.15e-07
 5.54674e+18	9.91e-01	9.09e-03	1.18e-07
 5.54687e+18	9.91e-01	8.95e-03	1.20e-07
 5.54698e+18	9.91e-01	8.81e-03	1.22e-07
 5.54711e+18	9.91e-01	8.66e-03	1.25e-07
 5.54725e+18	9.91e-01	8.51e-03	1.28e-07
 5.54737e+18	9.92e-01	8.40e-03	1.30e-07
 5.54751e+18	9.92e-01	8.22e-03	1.33e-07
 5.54766e+18	9.92e-01	8.08e-03	1.36e-07
 5.54779e+18	9.92e-01	7.97e-03	1.37e-07
 5.54794e+18	9.92e-01	7.89e-03	1.37e-07
 5.54813e+18	9.92e-01	7.80e-03	1.37e-07
 5.54838e+18	9.92e-01	7.66e-03	1.37e-07
 5.54870e+18	9.93e-01	7.49e-03	1.37e-07
 5.54912e+18	9.93e-01	7.27e-03	1.37e-07
 5.54967e+18	9.93e-01	6.99e-03	1.37e-07
 5.55030e+18	9.93e-01	6.69e-03	1.37e-07
 5.55092e+18	9.94e-01	6.42e-03	1.36e-07
 5.55150e+18	9.94e-01	6.17e-03	1.36e-07
 5.55208e+18	9.94e-01	5.93e-03	1.36e-07
 5.55267e+18	9.94e-01	5.69e-03	1.36e-07
 5.55327e+18	9.95e-01	5.47e-03	1.36e-07
 5.55387e+18	9.95e-01	5.25e-03	1.36e-07
 5.55446e+18	9.95e-01	5.04e-03	1.36e-07
 5.55506e+18	9.95e-01	4.84e-03	1.36e-07
 5.55566e+18	9.95e-01	4.65e-03	1.36e-07
 5.55626e+18	9.96e-01	4.46e-03	1.36e-07
 5.55686e+18	9.96e-01	4.28e-03	1.36e-07
 5.55747e+18	9.96e-01	4.11e-03	1.36e-07
 5.55807e+18	9.96e-01	3.94e-03	1.36e-07
 5.55868e+18	9.96e-01	3.79e-03	1.36e-07
 5.55929e+18	9.96e-01	3.63e-03	1.36e-07
 5.55990e+18	9.97e-01	3.49e-03	1.36e-07
 5.56052e+18	9.97e-01	3.34e-03	1.36e-07
 5.56113e+18	9.97e-01	3.21e-03	1.36e-07
 5.56175e+18	9.97e-01	3.08e-03	1.36e-07
 5.56237e+18	9.97e-01	2.95e-03	1.36e-07
 5.56300e+18	9.97e-01	2.83e-03	1.35e-07
 5.56362e+18	9.97e-01	2.72e-03	1.35e-07
 5.56425e+18	9.97e-01	2.60e-03	1.35e-07
 5.56488e+18	9.98e-01	2.50e-03	1.35e-07
 5.56552e+18	9.98e-01	2.39e-03	1.35e-07
 5.56616e+18	9.98e-01	2.29e-03	1.35e-07
 5.56680e+18	9.98e-01	2.20e-03	1.35e-07
 5.56745e+18	9.98e-01	2.11e-03	1.35e-07
 5.56810e+18	9.98e-01	2.02e-03	1.35e-07
 5.56876e+18	9.98e-01	1.94e-03	1.35e-07
 5.56942e+18	9.98e-01	1.85e-03	1.35e-07
 5.57008e+18	9.98e-01	1.78e-03	1.35e-07
 5.57075e+18	9.98e-01	1.70e-03	1.35e-07
 5.57143e+18	9.98e-01	1.63e-03	1.35e-07
 5.57211e+18	9.98e-01	1.56e-03	1.35e-07
 5.57280e+18	9.99e-01	1.49e-03	1.35e-07
 5.57350e+18	9.99e-01	1.43e-03	1.35e-07
 5.57420e+18	9.99e-01	1.37e-03	1.35e-07
 5.57491e+18	9.99e-01	1.31e-03	1.35e-07
 5.57563e+18	9.99e-01	1.25e-03	1.35e-07
 5.57636e+18	9.99e-01	1.20e-03	1.35e-07
 5.57710e+18	9.99e-01	1.14e-03	1.35e-07
 5.57785e+18	9.99e-01	1.09e-03	1.36e-07
 5.57861e+18	9.99e-01	1.04e-03	1.36e-07
 5.57938e+18	9.99e-01	9.97e-04	1.36e-07
 5.58016e+18	9.99e-01	9.52e-04	1.36e-07
 5.58096e+18	9.99e-01	9.12e-04	1.36e-07
 5.58176e+18	9.99e-01	8.69e-04	1.36e-07
 5.58258e+18	9.99e-01	8.29e-04	1.36e-07
 5.58343e+18	9.99e-01	7.92e-04	1.36e-07
