#depth	H	H+	H2
 1.85100e+12	9.50e-02	9.05e-01	2.98e-10
 1.11060e+13	9.44e-02	9.06e-01	2.96e-10
 4.81260e+13	9.43e-02	9.06e-01	2.96e-10
 1.96206e+14	9.44e-02	9.06e-01	2.98e-10
 4.68673e+14	9.38e-02	9.06e-01	3.01e-10
 8.22880e+14	9.34e-02	9.07e-01	3.06e-10
 1.28335e+15	9.32e-02	9.07e-01	3.13e-10
 1.88196e+15	9.33e-02	9.07e-01	3.22e-10
 2.66015e+15	9.37e-02	9.06e-01	3.34e-10
 3.67180e+15	9.47e-02	9.05e-01	3.50e-10
 4.98695e+15	9.65e-02	9.03e-01	3.74e-10
 6.69664e+15	9.97e-02	9.00e-01	4.08e-10
 8.91924e+15	1.05e-01	8.95e-01	4.58e-10
 1.18086e+16	1.14e-01	8.86e-01	5.38e-10
 1.55242e+16	1.29e-01	8.71e-01	6.76e-10
 1.94464e+16	1.50e-01	8.50e-01	8.78e-10
 2.28666e+16	1.76e-01	8.24e-01	1.15e-09
 2.57904e+16	2.07e-01	7.93e-01	1.50e-09
 2.82774e+16	2.41e-01	7.59e-01	1.94e-09
 3.04017e+16	2.78e-01	7.22e-01	2.48e-09
 3.21480e+16	3.14e-01	6.86e-01	3.13e-09
 3.34900e+16	3.47e-01	6.53e-01	3.78e-09
 3.45321e+16	3.74e-01	6.26e-01	4.43e-09
 3.54187e+16	4.00e-01	6.00e-01	5.11e-09
 3.61557e+16	4.22e-01	5.78e-01	5.76e-09
 3.67507e+16	4.40e-01	5.60e-01	6.39e-09
 3.73151e+16	4.59e-01	5.41e-01	7.08e-09
 3.78922e+16	4.78e-01	5.22e-01	7.91e-09
 3.84600e+16	4.97e-01	5.03e-01	8.79e-09
 3.90128e+16	5.17e-01	4.83e-01	9.77e-09
 3.95646e+16	5.36e-01	4.64e-01	1.09e-08
 4.00250e+16	5.51e-01	4.49e-01	1.18e-08
 4.03624e+16	5.63e-01	4.37e-01	1.27e-08
 4.06752e+16	5.75e-01	4.25e-01	1.36e-08
 4.10142e+16	5.87e-01	4.13e-01	1.47e-08
 4.13745e+16	5.99e-01	4.01e-01	1.57e-08
 4.17370e+16	6.12e-01	3.88e-01	1.71e-08
 4.20904e+16	6.25e-01	3.75e-01	1.85e-08
 4.24299e+16	6.36e-01	3.64e-01	1.99e-08
 4.27670e+16	6.48e-01	3.52e-01	2.14e-08
 4.31100e+16	6.60e-01	3.40e-01	2.31e-08
 4.34547e+16	6.71e-01	3.29e-01	2.50e-08
 4.37965e+16	6.83e-01	3.17e-01	2.71e-08
 4.41351e+16	6.94e-01	3.06e-01	2.93e-08
 4.44734e+16	7.04e-01	2.96e-01	3.17e-08
 4.48131e+16	7.15e-01	2.85e-01	3.43e-08
 4.51532e+16	7.25e-01	2.75e-01	3.72e-08
 4.54926e+16	7.35e-01	2.65e-01	4.04e-08
 4.58314e+16	7.45e-01	2.55e-01	4.39e-08
 4.61704e+16	7.55e-01	2.45e-01	4.77e-08
 4.65105e+16	7.64e-01	2.36e-01	5.19e-08
 4.68517e+16	7.73e-01	2.27e-01	5.65e-08
 4.71929e+16	7.82e-01	2.18e-01	6.15e-08
 4.75317e+16	7.91e-01	2.09e-01	6.71e-08
 4.78664e+16	7.99e-01	2.01e-01	7.31e-08
 4.81976e+16	8.06e-01	1.94e-01	7.96e-08
 4.85269e+16	8.14e-01	1.86e-01	8.68e-08
 4.88551e+16	8.21e-01	1.79e-01	9.47e-08
 4.91821e+16	8.28e-01	1.72e-01	1.03e-07
 4.95074e+16	8.35e-01	1.65e-01	1.13e-07
 4.98308e+16	8.41e-01	1.59e-01	1.23e-07
 5.01528e+16	8.47e-01	1.53e-01	1.35e-07
 5.04740e+16	8.53e-01	1.47e-01	1.48e-07
 5.07949e+16	8.59e-01	1.41e-01	1.62e-07
 5.11152e+16	8.64e-01	1.36e-01	1.77e-07
 5.14347e+16	8.69e-01	1.31e-01	1.95e-07
 5.17532e+16	8.75e-01	1.25e-01	2.14e-07
 5.20711e+16	8.79e-01	1.21e-01	2.35e-07
 5.23888e+16	8.84e-01	1.16e-01	2.59e-07
 5.27067e+16	8.88e-01	1.12e-01	2.86e-07
 5.30245e+16	8.93e-01	1.07e-01	3.16e-07
 5.33418e+16	8.97e-01	1.03e-01	3.50e-07
 5.36590e+16	9.01e-01	9.91e-02	3.88e-07
 5.39766e+16	9.05e-01	9.53e-02	4.30e-07
 5.42914e+16	9.08e-01	9.17e-02	4.77e-07
 5.46049e+16	9.12e-01	8.82e-02	5.30e-07
 5.49191e+16	9.15e-01	8.48e-02	5.91e-07
 5.52281e+16	9.18e-01	8.16e-02	6.58e-07
 5.55298e+16	9.21e-01	7.86e-02	7.31e-07
 5.58289e+16	9.24e-01	7.57e-02	8.13e-07
 5.61265e+16	9.27e-01	7.30e-02	9.05e-07
 5.64200e+16	9.30e-01	7.03e-02	1.01e-06
 5.67088e+16	9.32e-01	6.78e-02	1.12e-06
 5.69945e+16	9.35e-01	6.54e-02	1.24e-06
 5.72799e+16	9.37e-01	6.31e-02	1.39e-06
 5.75602e+16	9.39e-01	6.09e-02	1.54e-06
 5.78383e+16	9.41e-01	5.87e-02	1.70e-06
 5.81255e+16	9.43e-01	5.66e-02	1.88e-06
 5.84233e+16	9.46e-01	5.45e-02	2.08e-06
 5.87253e+16	9.48e-01	5.23e-02	2.29e-06
 5.90258e+16	9.50e-01	5.03e-02	2.49e-06
 5.93236e+16	9.52e-01	4.83e-02	2.68e-06
 5.96169e+16	9.54e-01	4.64e-02	2.83e-06
 5.98999e+16	9.55e-01	4.47e-02	2.95e-06
 6.01612e+16	9.57e-01	4.30e-02	3.02e-06
 6.03953e+16	9.58e-01	4.16e-02	3.06e-06
 6.06060e+16	9.60e-01	4.03e-02	3.08e-06
 6.07933e+16	9.61e-01	3.91e-02	3.07e-06
 6.09633e+16	9.62e-01	3.81e-02	3.07e-06
 6.11225e+16	9.63e-01	3.71e-02	3.05e-06
 6.12684e+16	9.64e-01	3.61e-02	3.02e-06
 6.14011e+16	9.65e-01	3.53e-02	2.99e-06
 6.15219e+16	9.66e-01	3.45e-02	2.97e-06
 6.16318e+16	9.66e-01	3.37e-02	2.94e-06
 6.17318e+16	9.67e-01	3.31e-02	2.92e-06
 6.18228e+16	9.68e-01	3.25e-02	2.91e-06
 6.19056e+16	9.68e-01	3.19e-02	2.89e-06
 6.19810e+16	9.69e-01	3.14e-02	2.88e-06
 6.20496e+16	9.69e-01	3.09e-02	2.88e-06
 6.21120e+16	9.70e-01	3.05e-02	2.87e-06
 6.21688e+16	9.70e-01	3.01e-02	2.87e-06
 6.22204e+16	9.70e-01	2.97e-02	2.87e-06
 6.22675e+16	9.71e-01	2.94e-02	2.87e-06
 6.23103e+16	9.71e-01	2.91e-02	2.87e-06
 6.23572e+16	9.71e-01	2.88e-02	2.87e-06
 6.24078e+16	9.71e-01	2.85e-02	2.87e-06
 6.24633e+16	9.72e-01	2.81e-02	2.88e-06
 6.25232e+16	9.72e-01	2.77e-02	2.88e-06
 6.25777e+16	9.73e-01	2.74e-02	2.89e-06
 6.26374e+16	9.73e-01	2.70e-02	2.90e-06
 6.27019e+16	9.73e-01	2.66e-02	2.92e-06
 6.27605e+16	9.74e-01	2.63e-02	2.93e-06
 6.28139e+16	9.74e-01	2.60e-02	2.94e-06
 6.28625e+16	9.74e-01	2.56e-02	2.96e-06
 6.29067e+16	9.75e-01	2.54e-02	2.97e-06
 6.29552e+16	9.75e-01	2.51e-02	2.99e-06
 6.30075e+16	9.75e-01	2.48e-02	3.01e-06
 6.30551e+16	9.75e-01	2.45e-02	3.03e-06
 6.30984e+16	9.76e-01	2.42e-02	3.06e-06
 6.31378e+16	9.76e-01	2.41e-02	3.07e-06
 6.31810e+16	9.76e-01	2.38e-02	3.10e-06
 6.32277e+16	9.77e-01	2.35e-02	3.12e-06
 6.32701e+16	9.77e-01	2.32e-02	3.16e-06
 6.33087e+16	9.77e-01	2.30e-02	3.17e-06
 6.33510e+16	9.77e-01	2.28e-02	3.20e-06
 6.33967e+16	9.77e-01	2.25e-02	3.23e-06
 6.34468e+16	9.78e-01	2.22e-02	3.26e-06
 6.35008e+16	9.78e-01	2.19e-02	3.30e-06
 6.35500e+16	9.78e-01	2.17e-02	3.34e-06
 6.35947e+16	9.79e-01	2.14e-02	3.38e-06
 6.36354e+16	9.79e-01	2.13e-02	3.40e-06
 6.36801e+16	9.79e-01	2.10e-02	3.43e-06
 6.37381e+16	9.79e-01	2.07e-02	3.49e-06
 6.38007e+16	9.80e-01	2.04e-02	3.54e-06
 6.38577e+16	9.80e-01	2.01e-02	3.58e-06
 6.39096e+16	9.80e-01	1.99e-02	3.62e-06
 6.39568e+16	9.80e-01	1.96e-02	3.67e-06
 6.39997e+16	9.80e-01	1.96e-02	3.66e-06
 6.40468e+16	9.81e-01	1.95e-02	3.66e-06
 6.41080e+16	9.81e-01	1.93e-02	3.66e-06
 6.41875e+16	9.81e-01	1.92e-02	3.66e-06
 6.42909e+16	9.81e-01	1.90e-02	3.65e-06
 6.44253e+16	9.81e-01	1.87e-02	3.65e-06
 6.46000e+16	9.82e-01	1.84e-02	3.64e-06
 6.48272e+16	9.82e-01	1.80e-02	3.63e-06
 6.51225e+16	9.83e-01	1.75e-02	3.62e-06
 6.55064e+16	9.83e-01	1.68e-02	3.61e-06
 6.59509e+16	9.84e-01	1.61e-02	3.60e-06
 6.63915e+16	9.84e-01	1.55e-02	3.58e-06
 6.68105e+16	9.85e-01	1.49e-02	3.57e-06
 6.72265e+16	9.86e-01	1.43e-02	3.56e-06
 6.76520e+16	9.86e-01	1.38e-02	3.54e-06
 6.80844e+16	9.87e-01	1.32e-02	3.53e-06
 6.85183e+16	9.87e-01	1.27e-02	3.52e-06
 6.89517e+16	9.88e-01	1.22e-02	3.51e-06
 6.93863e+16	9.88e-01	1.18e-02	3.50e-06
 6.98237e+16	9.89e-01	1.13e-02	3.49e-06
 7.02633e+16	9.89e-01	1.09e-02	3.48e-06
 7.07043e+16	9.90e-01	1.04e-02	3.46e-06
 7.11475e+16	9.90e-01	1.00e-02	3.45e-06
 7.15932e+16	9.90e-01	9.64e-03	3.44e-06
 7.20411e+16	9.91e-01	9.27e-03	3.43e-06
 7.24911e+16	9.91e-01	8.91e-03	3.42e-06
 7.29434e+16	9.91e-01	8.56e-03	3.41e-06
 7.33980e+16	9.92e-01	8.23e-03	3.41e-06
 7.38550e+16	9.92e-01	7.91e-03	3.40e-06
 7.43143e+16	9.92e-01	7.60e-03	3.39e-06
 7.47758e+16	9.93e-01	7.30e-03	3.38e-06
 7.52392e+16	9.93e-01	7.01e-03	3.37e-06
 7.57037e+16	9.93e-01	6.74e-03	3.36e-06
 7.61696e+16	9.94e-01	6.47e-03	3.36e-06
 7.66376e+16	9.94e-01	6.22e-03	3.35e-06
 7.71080e+16	9.94e-01	5.98e-03	3.34e-06
 7.75806e+16	9.94e-01	5.74e-03	3.33e-06
 7.80552e+16	9.94e-01	5.51e-03	3.33e-06
 7.85318e+16	9.95e-01	5.30e-03	3.32e-06
 7.90105e+16	9.95e-01	5.09e-03	3.32e-06
 7.94911e+16	9.95e-01	4.89e-03	3.31e-06
 7.99736e+16	9.95e-01	4.69e-03	3.30e-06
 8.04582e+16	9.95e-01	4.51e-03	3.30e-06
 8.09449e+16	9.96e-01	4.33e-03	3.29e-06
 8.14335e+16	9.96e-01	4.16e-03	3.29e-06
 8.19240e+16	9.96e-01	3.99e-03	3.28e-06
 8.24164e+16	9.96e-01	3.83e-03	3.28e-06
 8.29108e+16	9.96e-01	3.68e-03	3.27e-06
 8.34073e+16	9.96e-01	3.53e-03	3.27e-06
 8.39058e+16	9.97e-01	3.39e-03	3.27e-06
 8.44063e+16	9.97e-01	3.26e-03	3.26e-06
 8.49089e+16	9.97e-01	3.13e-03	3.26e-06
 8.54135e+16	9.97e-01	3.00e-03	3.26e-06
 8.59200e+16	9.97e-01	2.88e-03	3.25e-06
 8.64288e+16	9.97e-01	2.76e-03	3.25e-06
 8.69396e+16	9.97e-01	2.65e-03	3.25e-06
 8.74524e+16	9.97e-01	2.54e-03	3.24e-06
 8.79672e+16	9.98e-01	2.44e-03	3.24e-06
 8.84841e+16	9.98e-01	2.34e-03	3.24e-06
 8.90033e+16	9.98e-01	2.24e-03	3.24e-06
 8.95246e+16	9.98e-01	2.15e-03	3.24e-06
 9.00480e+16	9.98e-01	2.06e-03	3.23e-06
 9.05737e+16	9.98e-01	1.98e-03	3.23e-06
 9.11016e+16	9.98e-01	1.90e-03	3.23e-06
 9.16318e+16	9.98e-01	1.82e-03	3.23e-06
 9.21652e+16	9.98e-01	1.74e-03	3.23e-06
 9.27009e+16	9.98e-01	1.67e-03	3.23e-06
 9.32381e+16	9.98e-01	1.60e-03	3.23e-06
 9.37773e+16	9.98e-01	1.53e-03	3.22e-06
 9.43197e+16	9.99e-01	1.47e-03	3.22e-06
 9.48635e+16	9.99e-01	1.41e-03	3.22e-06
 9.54105e+16	9.99e-01	1.35e-03	3.22e-06
 9.59619e+16	9.99e-01	1.29e-03	3.22e-06
 9.65153e+16	9.99e-01	1.23e-03	3.22e-06
 9.70711e+16	9.99e-01	1.18e-03	3.22e-06
 9.76293e+16	9.99e-01	1.13e-03	3.22e-06
 9.81869e+16	9.99e-01	1.08e-03	3.22e-06
 9.87480e+16	9.99e-01	1.03e-03	3.22e-06
 9.93152e+16	9.99e-01	9.88e-04	3.22e-06
 9.98806e+16	9.99e-01	9.45e-04	3.22e-06
 1.00445e+17	9.99e-01	9.05e-04	3.22e-06
 1.01020e+17	9.99e-01	8.62e-04	3.22e-06
 1.01597e+17	9.99e-01	8.23e-04	3.22e-06
