#depth	He	He+	He+2
 1.35011e+13	1.27e-04	7.12e-01	2.88e-01
 8.10066e+13	1.27e-04	7.12e-01	2.88e-01
 3.51029e+14	1.28e-04	7.12e-01	2.88e-01
 1.43112e+15	1.28e-04	7.13e-01	2.87e-01
 3.41848e+15	1.28e-04	7.12e-01	2.88e-01
 6.00205e+15	1.28e-04	7.12e-01	2.88e-01
 9.36069e+15	1.29e-04	7.13e-01	2.86e-01
 1.37269e+16	1.30e-04	7.16e-01	2.84e-01
 1.94030e+16	1.31e-04	7.21e-01	2.79e-01
 2.67820e+16	1.33e-04	7.28e-01	2.72e-01
 3.63746e+16	1.36e-04	7.39e-01	2.61e-01
 4.88450e+16	1.41e-04	7.55e-01	2.44e-01
 6.50565e+16	1.47e-04	7.79e-01	2.21e-01
 8.61315e+16	1.55e-04	8.09e-01	1.90e-01
 1.13529e+17	1.65e-04	8.48e-01	1.52e-01
 1.49146e+17	1.78e-04	8.92e-01	1.07e-01
 1.95447e+17	1.92e-04	9.35e-01	6.48e-02
 2.55640e+17	2.07e-04	9.68e-01	3.15e-02
 3.33890e+17	2.22e-04	9.88e-01	1.19e-02
 4.35615e+17	2.39e-04	9.96e-01	3.38e-03
 5.17767e+17	2.51e-04	9.99e-01	1.20e-03
 5.69543e+17	2.60e-04	9.99e-01	6.61e-04
 6.26498e+17	2.69e-04	9.99e-01	3.53e-04
 6.89148e+17	2.80e-04	1.00e+00	1.83e-04
 7.58062e+17	2.92e-04	1.00e+00	9.22e-05
 8.33869e+17	3.05e-04	1.00e+00	4.53e-05
 9.17255e+17	3.20e-04	1.00e+00	2.18e-05
 1.00898e+18	3.37e-04	1.00e+00	1.03e-05
 1.10988e+18	3.57e-04	1.00e+00	4.75e-06
 1.22087e+18	3.79e-04	1.00e+00	2.16e-06
 1.34295e+18	4.05e-04	1.00e+00	9.62e-07
 1.47725e+18	4.35e-04	1.00e+00	4.20e-07
 1.62497e+18	4.70e-04	1.00e+00	1.80e-07
 1.78747e+18	5.10e-04	9.99e-01	7.52e-08
 1.96622e+18	5.58e-04	9.99e-01	3.08e-08
 2.16104e+18	6.13e-04	9.99e-01	1.24e-08
 2.36749e+18	6.77e-04	9.99e-01	5.07e-09
 2.58219e+18	7.48e-04	9.99e-01	2.12e-09
 2.80547e+18	8.29e-04	9.99e-01	9.03e-10
 3.03769e+18	9.21e-04	9.99e-01	3.92e-10
 3.27920e+18	1.03e-03	9.99e-01	1.73e-10
 3.53037e+18	1.15e-03	9.99e-01	7.75e-11
 3.79158e+18	1.29e-03	9.99e-01	3.54e-11
 4.06325e+18	1.45e-03	9.99e-01	1.65e-11
 4.33827e+18	1.65e-03	9.98e-01	8.04e-12
 4.60522e+18	1.86e-03	9.98e-01	4.24e-12
 4.86146e+18	2.09e-03	9.98e-01	2.42e-12
 5.07775e+18	2.31e-03	9.98e-01	1.59e-12
 5.24614e+18	2.50e-03	9.97e-01	1.18e-12
 5.42538e+18	2.74e-03	9.97e-01	8.74e-13
 5.62381e+18	3.04e-03	9.97e-01	6.47e-13
 5.80353e+18	3.34e-03	9.97e-01	5.09e-13
 5.96164e+18	3.65e-03	9.96e-01	4.21e-13
 6.13531e+18	4.04e-03	9.96e-01	3.50e-13
 6.31602e+18	4.51e-03	9.95e-01	2.89e-13
 6.46304e+18	4.96e-03	9.95e-01	2.52e-13
 6.58688e+18	5.39e-03	9.95e-01	2.28e-13
 6.72343e+18	5.97e-03	9.94e-01	2.05e-13
 6.86744e+18	6.68e-03	9.93e-01	1.80e-13
 6.97728e+18	7.32e-03	9.93e-01	1.65e-13
 7.05539e+18	7.87e-03	9.92e-01	1.56e-13
 7.13616e+18	8.53e-03	9.91e-01	1.48e-13
 7.22662e+18	9.37e-03	9.91e-01	1.37e-13
 7.30912e+18	1.03e-02	9.90e-01	1.29e-13
 7.37945e+18	1.12e-02	9.89e-01	1.22e-13
 7.44345e+18	1.22e-02	9.88e-01	1.16e-13
 7.51553e+18	1.35e-02	9.87e-01	1.10e-13
 7.58927e+18	1.51e-02	9.85e-01	1.02e-13
 7.64650e+18	1.67e-02	9.83e-01	9.65e-14
 7.69235e+18	1.82e-02	9.82e-01	9.28e-14
 7.74205e+18	2.02e-02	9.80e-01	8.88e-14
 7.79539e+18	2.28e-02	9.77e-01	8.31e-14
 7.84037e+18	2.56e-02	9.74e-01	7.86e-14
 7.87724e+18	2.84e-02	9.72e-01	7.51e-14
 7.91147e+18	3.16e-02	9.68e-01	7.17e-14
 7.95079e+18	3.64e-02	9.64e-01	6.78e-14
 7.99098e+18	4.26e-02	9.57e-01	6.24e-14
 8.02175e+18	4.92e-02	9.51e-01	5.84e-14
 8.04536e+18	5.57e-02	9.44e-01	5.55e-14
 8.06421e+18	6.21e-02	9.38e-01	5.27e-14
 8.07903e+18	6.82e-02	9.32e-01	5.05e-14
 8.09463e+18	7.62e-02	9.24e-01	4.82e-14
 8.11086e+18	8.61e-02	9.14e-01	4.49e-14
 8.12363e+18	9.58e-02	9.04e-01	4.24e-14
 8.13328e+18	1.05e-01	8.95e-01	4.05e-14
 8.14185e+18	1.14e-01	8.86e-01	3.87e-14
 8.15167e+18	1.27e-01	8.73e-01	3.66e-14
 8.16171e+18	1.41e-01	8.59e-01	3.37e-14
 8.16940e+18	1.55e-01	8.45e-01	3.17e-14
 8.17523e+18	1.67e-01	8.33e-01	3.01e-14
 8.18126e+18	1.82e-01	8.18e-01	2.85e-14
 8.18774e+18	1.98e-01	8.02e-01	2.64e-14
 8.19330e+18	2.14e-01	7.86e-01	2.46e-14
 8.19792e+18	2.29e-01	7.71e-01	2.32e-14
 8.20216e+18	2.44e-01	7.56e-01	2.19e-14
 8.20624e+18	2.58e-01	7.42e-01	2.06e-14
 8.20986e+18	2.72e-01	7.28e-01	1.95e-14
 8.21287e+18	2.84e-01	7.16e-01	1.86e-14
 8.21547e+18	2.95e-01	7.05e-01	1.78e-14
 8.21795e+18	3.05e-01	6.95e-01	1.71e-14
 8.22033e+18	3.15e-01	6.85e-01	1.64e-14
 8.22258e+18	3.25e-01	6.75e-01	1.58e-14
 8.22469e+18	3.34e-01	6.66e-01	1.52e-14
 8.22630e+18	3.41e-01	6.59e-01	1.48e-14
 8.22739e+18	3.46e-01	6.54e-01	1.46e-14
 8.22845e+18	3.51e-01	6.49e-01	1.44e-14
 8.22972e+18	3.58e-01	6.42e-01	1.40e-14
 8.23110e+18	3.64e-01	6.36e-01	1.37e-14
 8.23244e+18	3.71e-01	6.29e-01	1.33e-14
 8.23372e+18	3.77e-01	6.23e-01	1.31e-14
 8.23499e+18	3.83e-01	6.17e-01	1.28e-14
 8.23630e+18	3.90e-01	6.10e-01	1.25e-14
 8.23765e+18	3.97e-01	6.03e-01	1.22e-14
 8.23899e+18	4.04e-01	5.96e-01	1.19e-14
 8.24032e+18	4.11e-01	5.89e-01	1.16e-14
 8.24168e+18	4.18e-01	5.82e-01	1.13e-14
 8.24307e+18	4.26e-01	5.74e-01	1.11e-14
 8.24446e+18	4.34e-01	5.66e-01	1.08e-14
 8.24586e+18	4.42e-01	5.58e-01	1.05e-14
 8.24729e+18	4.50e-01	5.50e-01	1.03e-14
 8.24875e+18	4.59e-01	5.41e-01	1.00e-14
 8.25022e+18	4.67e-01	5.33e-01	9.76e-15
 8.25172e+18	4.76e-01	5.24e-01	9.50e-15
 8.25325e+18	4.85e-01	5.15e-01	9.24e-15
 8.25478e+18	4.94e-01	5.06e-01	8.99e-15
 8.25632e+18	5.04e-01	4.96e-01	8.76e-15
 8.25792e+18	5.14e-01	4.86e-01	8.51e-15
 8.25954e+18	5.24e-01	4.76e-01	8.28e-15
 8.26118e+18	5.34e-01	4.66e-01	8.04e-15
 8.26284e+18	5.45e-01	4.55e-01	7.83e-15
 8.26453e+18	5.56e-01	4.44e-01	7.60e-15
 8.26624e+18	5.66e-01	4.34e-01	7.39e-15
 8.26795e+18	5.77e-01	4.23e-01	7.18e-15
 8.26969e+18	5.89e-01	4.11e-01	6.98e-15
 8.27147e+18	6.00e-01	4.00e-01	6.78e-15
 8.27327e+18	6.11e-01	3.89e-01	6.59e-15
 8.27504e+18	6.22e-01	3.78e-01	6.41e-15
 8.27679e+18	6.33e-01	3.67e-01	6.23e-15
 8.27856e+18	6.44e-01	3.56e-01	6.07e-15
 8.28035e+18	6.56e-01	3.44e-01	5.90e-15
 8.28215e+18	6.66e-01	3.34e-01	5.75e-15
 8.28393e+18	6.77e-01	3.23e-01	5.61e-15
 8.28570e+18	6.87e-01	3.13e-01	5.47e-15
 8.28747e+18	6.98e-01	3.02e-01	5.33e-15
 8.28926e+18	7.08e-01	2.92e-01	5.21e-15
 8.29104e+18	7.18e-01	2.82e-01	5.08e-15
 8.29281e+18	7.28e-01	2.72e-01	4.97e-15
 8.29458e+18	7.37e-01	2.63e-01	4.86e-15
 8.29635e+18	7.47e-01	2.53e-01	4.76e-15
 8.29811e+18	7.56e-01	2.44e-01	4.65e-15
 8.29986e+18	7.64e-01	2.36e-01	4.55e-15
 8.30161e+18	7.73e-01	2.27e-01	4.46e-15
 8.30337e+18	7.82e-01	2.18e-01	4.37e-15
 8.30513e+18	7.90e-01	2.10e-01	4.28e-15
 8.30687e+18	7.98e-01	2.02e-01	4.20e-15
 8.30860e+18	8.05e-01	1.95e-01	4.12e-15
 8.31033e+18	8.13e-01	1.87e-01	4.04e-15
 8.31206e+18	8.20e-01	1.80e-01	3.97e-15
 8.31378e+18	8.27e-01	1.73e-01	3.89e-15
 8.31550e+18	8.33e-01	1.67e-01	3.82e-15
 8.31721e+18	8.40e-01	1.60e-01	3.75e-15
 8.31891e+18	8.46e-01	1.54e-01	3.69e-15
 8.32061e+18	8.52e-01	1.48e-01	3.62e-15
 8.32231e+18	8.58e-01	1.42e-01	3.56e-15
 8.32400e+18	8.63e-01	1.37e-01	3.49e-15
 8.32568e+18	8.69e-01	1.31e-01	3.43e-15
 8.32736e+18	8.74e-01	1.26e-01	3.37e-15
 8.32904e+18	8.79e-01	1.21e-01	3.31e-15
 8.33070e+18	8.84e-01	1.16e-01	3.25e-15
 8.33235e+18	8.88e-01	1.12e-01	3.20e-15
 8.33400e+18	8.93e-01	1.07e-01	3.14e-15
 8.33566e+18	8.97e-01	1.03e-01	3.08e-15
 8.33731e+18	9.01e-01	9.89e-02	3.03e-15
 8.33894e+18	9.05e-01	9.50e-02	2.97e-15
 8.34056e+18	9.09e-01	9.12e-02	2.92e-15
 8.34219e+18	9.12e-01	8.76e-02	2.86e-15
 8.34381e+18	9.16e-01	8.41e-02	2.81e-15
 8.34542e+18	9.19e-01	8.08e-02	2.76e-15
 8.34703e+18	9.22e-01	7.75e-02	2.70e-15
 8.34862e+18	9.26e-01	7.44e-02	2.65e-15
 8.35021e+18	9.29e-01	7.14e-02	2.60e-15
 8.35179e+18	9.31e-01	6.86e-02	2.55e-15
 8.35336e+18	9.34e-01	6.59e-02	2.49e-15
 8.35492e+18	9.37e-01	6.33e-02	2.44e-15
 8.35647e+18	9.39e-01	6.08e-02	2.39e-15
 8.35801e+18	9.42e-01	5.84e-02	2.34e-15
 8.35954e+18	9.44e-01	5.61e-02	2.29e-15
 8.36106e+18	9.46e-01	5.39e-02	2.24e-15
 8.36257e+18	9.48e-01	5.18e-02	2.19e-15
 8.36409e+18	9.50e-01	4.98e-02	2.14e-15
 8.36553e+18	9.52e-01	4.80e-02	2.09e-15
 8.36691e+18	9.54e-01	4.62e-02	2.05e-15
 8.36829e+18	9.55e-01	4.46e-02	2.00e-15
 8.36962e+18	9.57e-01	4.30e-02	1.95e-15
 8.37082e+18	9.58e-01	4.17e-02	1.91e-15
 8.37191e+18	9.60e-01	4.05e-02	1.87e-15
 8.37293e+18	9.61e-01	3.94e-02	1.83e-15
 8.37390e+18	9.62e-01	3.84e-02	1.79e-15
 8.37479e+18	9.63e-01	3.75e-02	1.76e-15
 8.37564e+18	9.63e-01	3.66e-02	1.73e-15
 8.37644e+18	9.64e-01	3.58e-02	1.70e-15
 8.37718e+18	9.65e-01	3.51e-02	1.67e-15
 8.37787e+18	9.66e-01	3.44e-02	1.64e-15
 8.37853e+18	9.66e-01	3.37e-02	1.61e-15
 8.37915e+18	9.67e-01	3.31e-02	1.58e-15
 8.37971e+18	9.67e-01	3.26e-02	1.56e-15
 8.38022e+18	9.68e-01	3.21e-02	1.53e-15
 8.38068e+18	9.68e-01	3.17e-02	1.51e-15
 8.38110e+18	9.69e-01	3.13e-02	1.49e-15
 8.38149e+18	9.69e-01	3.10e-02	1.48e-15
 8.38184e+18	9.69e-01	3.06e-02	1.46e-15
 8.38222e+18	9.70e-01	3.02e-02	1.44e-15
 8.38263e+18	9.70e-01	2.99e-02	1.42e-15
 8.38301e+18	9.70e-01	2.95e-02	1.41e-15
 8.38335e+18	9.71e-01	2.92e-02	1.39e-15
 8.38373e+18	9.71e-01	2.88e-02	1.37e-15
 8.38413e+18	9.72e-01	2.85e-02	1.35e-15
 8.38450e+18	9.72e-01	2.82e-02	1.34e-15
 8.38484e+18	9.72e-01	2.79e-02	1.32e-15
 8.38514e+18	9.72e-01	2.76e-02	1.31e-15
 8.38548e+18	9.73e-01	2.73e-02	1.30e-15
 8.38591e+18	9.73e-01	2.69e-02	1.28e-15
 8.38638e+18	9.73e-01	2.65e-02	1.26e-15
 8.38681e+18	9.74e-01	2.62e-02	1.24e-15
 8.38720e+18	9.74e-01	2.59e-02	1.23e-15
 8.38755e+18	9.74e-01	2.56e-02	1.21e-15
 8.38794e+18	9.75e-01	2.53e-02	1.20e-15
 8.38836e+18	9.75e-01	2.49e-02	1.18e-15
 8.38874e+18	9.75e-01	2.46e-02	1.17e-15
 8.38916e+18	9.76e-01	2.43e-02	1.15e-15
 8.38961e+18	9.76e-01	2.40e-02	1.14e-15
 8.39002e+18	9.76e-01	2.36e-02	1.13e-15
 8.39039e+18	9.77e-01	2.34e-02	1.11e-15
 8.39080e+18	9.77e-01	2.30e-02	1.10e-15
 8.39124e+18	9.77e-01	2.27e-02	1.08e-15
 8.39164e+18	9.78e-01	2.24e-02	1.07e-15
 8.39201e+18	9.78e-01	2.21e-02	1.05e-15
 8.39234e+18	9.78e-01	2.19e-02	1.04e-15
 8.39271e+18	9.78e-01	2.16e-02	1.03e-15
 8.39310e+18	9.79e-01	2.13e-02	1.01e-15
 8.39346e+18	9.79e-01	2.11e-02	1.00e-15
 8.39385e+18	9.79e-01	2.08e-02	9.90e-16
 8.39427e+18	9.79e-01	2.05e-02	9.77e-16
 8.39466e+18	9.80e-01	2.03e-02	9.64e-16
 8.39501e+18	9.80e-01	2.00e-02	9.53e-16
 8.39539e+18	9.80e-01	1.97e-02	9.40e-16
 8.39589e+18	9.81e-01	1.94e-02	9.22e-16
 8.39643e+18	9.81e-01	1.90e-02	9.06e-16
 8.39692e+18	9.81e-01	1.87e-02	8.92e-16
 8.39737e+18	9.82e-01	1.85e-02	8.80e-16
 8.39778e+18	9.82e-01	1.82e-02	8.68e-16
 8.39815e+18	9.82e-01	1.80e-02	8.59e-16
 8.39855e+18	9.82e-01	1.78e-02	8.56e-16
 8.39908e+18	9.82e-01	1.75e-02	8.45e-16
 8.39976e+18	9.83e-01	1.73e-02	8.46e-16
 8.40066e+18	9.83e-01	1.69e-02	8.40e-16
 8.40181e+18	9.84e-01	1.65e-02	8.33e-16
 8.40332e+18	9.84e-01	1.60e-02	8.26e-16
 8.40519e+18	9.85e-01	1.53e-02	8.20e-16
 8.40715e+18	9.85e-01	1.48e-02	8.17e-16
 8.40890e+18	9.86e-01	1.42e-02	8.11e-16
 8.41055e+18	9.86e-01	1.37e-02	8.00e-16
 8.41239e+18	9.87e-01	1.31e-02	7.87e-16
 8.41447e+18	9.87e-01	1.25e-02	7.75e-16
 8.41653e+18	9.88e-01	1.20e-02	7.64e-16
 8.41842e+18	9.89e-01	1.15e-02	7.52e-16
 8.42028e+18	9.89e-01	1.10e-02	7.37e-16
 8.42232e+18	9.90e-01	1.05e-02	7.21e-16
 8.42447e+18	9.90e-01	9.96e-03	7.06e-16
 8.42655e+18	9.91e-01	9.50e-03	6.92e-16
 8.42852e+18	9.91e-01	9.06e-03	6.77e-16
 8.43052e+18	9.91e-01	8.63e-03	6.60e-16
 8.43265e+18	9.92e-01	8.20e-03	6.44e-16
 8.43481e+18	9.92e-01	7.79e-03	6.28e-16
 8.43690e+18	9.93e-01	7.41e-03	6.13e-16
 8.43894e+18	9.93e-01	7.05e-03	5.97e-16
 8.44103e+18	9.93e-01	6.69e-03	5.80e-16
 8.44320e+18	9.94e-01	6.34e-03	5.64e-16
 8.44536e+18	9.94e-01	6.01e-03	5.48e-16
 8.44747e+18	9.94e-01	5.71e-03	5.32e-16
 8.44958e+18	9.95e-01	5.41e-03	5.16e-16
 8.45174e+18	9.95e-01	5.12e-03	5.00e-16
 8.45393e+18	9.95e-01	4.85e-03	4.84e-16
 8.45611e+18	9.95e-01	4.59e-03	4.68e-16
 8.45826e+18	9.96e-01	4.34e-03	4.52e-16
 8.46044e+18	9.96e-01	4.10e-03	4.37e-16
 8.46264e+18	9.96e-01	3.88e-03	4.21e-16
 8.46484e+18	9.96e-01	3.66e-03	4.06e-16
 8.46704e+18	9.97e-01	3.45e-03	3.91e-16
 8.46928e+18	9.97e-01	3.26e-03	3.76e-16
 8.47153e+18	9.97e-01	3.07e-03	3.61e-16
 8.47374e+18	9.97e-01	2.89e-03	3.47e-16
 8.47597e+18	9.97e-01	2.73e-03	3.33e-16
 8.47824e+18	9.97e-01	2.56e-03	3.19e-16
 8.48051e+18	9.98e-01	2.41e-03	3.05e-16
 8.48280e+18	9.98e-01	2.27e-03	2.92e-16
 8.48511e+18	9.98e-01	2.13e-03	2.79e-16
 8.48745e+18	9.98e-01	1.99e-03	2.66e-16
 8.48975e+18	9.98e-01	1.87e-03	2.53e-16
 8.49206e+18	9.98e-01	1.75e-03	2.41e-16
 8.49442e+18	9.98e-01	1.64e-03	2.29e-16
 8.49681e+18	9.98e-01	1.54e-03	2.18e-16
 8.49921e+18	9.99e-01	1.44e-03	2.06e-16
 8.50158e+18	9.99e-01	1.34e-03	1.96e-16
 8.50396e+18	9.99e-01	1.25e-03	1.85e-16
