#depth	He	He+	He+2
 1.04728e+13	4.16e-04	9.19e-01	8.08e-02
 6.28370e+13	4.15e-04	9.19e-01	8.08e-02
 2.72293e+14	4.16e-04	9.19e-01	8.07e-02
 1.11012e+15	4.16e-04	9.19e-01	8.04e-02
 2.65172e+15	4.16e-04	9.19e-01	8.08e-02
 4.65580e+15	4.17e-04	9.19e-01	8.08e-02
 7.26110e+15	4.18e-04	9.19e-01	8.04e-02
 1.06480e+16	4.19e-04	9.20e-01	7.95e-02
 1.50510e+16	4.21e-04	9.22e-01	7.79e-02
 2.07748e+16	4.24e-04	9.24e-01	7.54e-02
 2.82158e+16	4.28e-04	9.28e-01	7.16e-02
 3.78891e+16	4.33e-04	9.33e-01	6.63e-02
 5.04644e+16	4.40e-04	9.40e-01	5.91e-02
 6.68123e+16	4.49e-04	9.49e-01	5.01e-02
 8.80646e+16	4.61e-04	9.60e-01	3.96e-02
 1.15693e+17	4.75e-04	9.71e-01	2.85e-02
 1.51609e+17	4.92e-04	9.81e-01	1.81e-02
 1.98300e+17	5.11e-04	9.90e-01	9.87e-03
 2.58999e+17	5.36e-04	9.95e-01	4.44e-03
 3.37907e+17	5.66e-04	9.98e-01	1.59e-03
 4.01633e+17	5.88e-04	9.99e-01	6.78e-04
 4.41796e+17	6.03e-04	9.99e-01	4.10e-04
 4.85975e+17	6.21e-04	9.99e-01	2.39e-04
 5.34573e+17	6.40e-04	9.99e-01	1.35e-04
 5.88030e+17	6.62e-04	9.99e-01	7.29e-05
 6.46833e+17	6.86e-04	9.99e-01	3.82e-05
 7.11516e+17	7.14e-04	9.99e-01	1.94e-05
 7.82668e+17	7.45e-04	9.99e-01	9.54e-06
 8.60935e+17	7.81e-04	9.99e-01	4.58e-06
 9.47028e+17	8.22e-04	9.99e-01	2.14e-06
 1.04173e+18	8.69e-04	9.99e-01	9.83e-07
 1.14590e+18	9.23e-04	9.99e-01	4.41e-07
 1.26049e+18	9.85e-04	9.99e-01	1.94e-07
 1.38654e+18	1.06e-03	9.99e-01	8.34e-08
 1.52520e+18	1.14e-03	9.99e-01	3.51e-08
 1.67772e+18	1.24e-03	9.99e-01	1.44e-08
 1.84549e+18	1.36e-03	9.99e-01	5.79e-09
 2.03004e+18	1.50e-03	9.98e-01	2.27e-09
 2.22924e+18	1.67e-03	9.98e-01	8.84e-10
 2.43841e+18	1.87e-03	9.98e-01	3.51e-10
 2.62866e+18	2.06e-03	9.98e-01	1.61e-10
 2.78663e+18	2.24e-03	9.98e-01	8.65e-11
 2.95762e+18	2.46e-03	9.98e-01	4.48e-11
 3.14840e+18	2.73e-03	9.97e-01	2.26e-11
 3.32469e+18	3.01e-03	9.97e-01	1.24e-11
 3.48479e+18	3.30e-03	9.97e-01	7.38e-12
 3.66400e+18	3.67e-03	9.96e-01	4.17e-12
 3.85467e+18	4.12e-03	9.96e-01	2.39e-12
 4.01780e+18	4.56e-03	9.95e-01	1.53e-12
 4.16200e+18	5.01e-03	9.95e-01	1.05e-12
 4.32403e+18	5.62e-03	9.94e-01	6.96e-13
 4.49632e+18	6.37e-03	9.94e-01	4.69e-13
 4.64239e+18	7.14e-03	9.93e-01	3.45e-13
 4.76853e+18	7.93e-03	9.92e-01	2.70e-13
 4.88165e+18	8.76e-03	9.91e-01	2.19e-13
 4.98264e+18	9.64e-03	9.90e-01	1.84e-13
 5.07983e+18	1.06e-02	9.89e-01	1.56e-13
 5.17608e+18	1.18e-02	9.88e-01	1.34e-13
 5.26864e+18	1.32e-02	9.87e-01	1.16e-13
 5.35420e+18	1.47e-02	9.85e-01	1.02e-13
 5.43281e+18	1.65e-02	9.84e-01	9.12e-14
 5.50619e+18	1.84e-02	9.82e-01	8.22e-14
 5.57603e+18	2.07e-02	9.79e-01	7.45e-14
 5.64320e+18	2.34e-02	9.77e-01	6.75e-14
 5.70639e+18	2.66e-02	9.73e-01	6.17e-14
 5.76549e+18	3.04e-02	9.70e-01	5.64e-14
 5.82112e+18	3.50e-02	9.65e-01	5.17e-14
 5.87384e+18	4.07e-02	9.59e-01	4.73e-14
 5.92404e+18	4.79e-02	9.52e-01	4.31e-14
 5.97132e+18	5.70e-02	9.43e-01	3.92e-14
 6.01568e+18	6.88e-02	9.31e-01	3.55e-14
 6.05725e+18	8.45e-02	9.16e-01	3.18e-14
 6.09057e+18	1.02e-01	8.98e-01	2.84e-14
 6.11269e+18	1.18e-01	8.82e-01	2.63e-14
 6.12983e+18	1.33e-01	8.67e-01	2.46e-14
 6.14880e+18	1.55e-01	8.45e-01	2.26e-14
 6.16921e+18	1.84e-01	8.16e-01	2.00e-14
 6.18618e+18	2.16e-01	7.84e-01	1.77e-14
 6.19955e+18	2.49e-01	7.51e-01	1.59e-14
 6.21140e+18	2.84e-01	7.16e-01	1.42e-14
 6.22465e+18	3.32e-01	6.68e-01	1.23e-14
 6.23832e+18	3.91e-01	6.09e-01	9.95e-15
 6.24902e+18	4.49e-01	5.51e-01	8.26e-15
 6.25742e+18	5.00e-01	5.00e-01	7.00e-15
 6.26632e+18	5.58e-01	4.42e-01	5.72e-15
 6.27621e+18	6.26e-01	3.74e-01	4.36e-15
 6.28501e+18	6.87e-01	3.13e-01	3.31e-15
 6.29241e+18	7.38e-01	2.62e-01	2.59e-15
 6.29923e+18	7.81e-01	2.19e-01	2.03e-15
 6.30700e+18	8.25e-01	1.75e-01	1.52e-15
 6.31521e+18	8.64e-01	1.36e-01	1.10e-15
 6.32182e+18	8.89e-01	1.11e-01	8.57e-16
 6.32671e+18	9.05e-01	9.51e-02	7.24e-16
 6.33045e+18	9.15e-01	8.47e-02	6.43e-16
 6.33345e+18	9.23e-01	7.72e-02	5.88e-16
 6.33606e+18	9.29e-01	7.14e-02	5.48e-16
 6.33839e+18	9.33e-01	6.68e-02	5.18e-16
 6.34044e+18	9.37e-01	6.31e-02	4.97e-16
 6.34227e+18	9.40e-01	6.02e-02	4.82e-16
 6.34390e+18	9.42e-01	5.76e-02	4.69e-16
 6.34546e+18	9.45e-01	5.55e-02	4.61e-16
 6.34692e+18	9.46e-01	5.36e-02	4.55e-16
 6.34827e+18	9.48e-01	5.21e-02	4.53e-16
 6.34936e+18	9.49e-01	5.10e-02	4.52e-16
 6.35013e+18	9.50e-01	5.02e-02	4.52e-16
 6.35084e+18	9.50e-01	4.95e-02	4.53e-16
 6.35163e+18	9.51e-01	4.87e-02	4.53e-16
 6.35249e+18	9.52e-01	4.79e-02	4.55e-16
 6.35333e+18	9.53e-01	4.72e-02	4.58e-16
 6.35413e+18	9.53e-01	4.66e-02	4.61e-16
 6.35491e+18	9.54e-01	4.60e-02	4.66e-16
 6.35570e+18	9.55e-01	4.55e-02	4.70e-16
 6.35649e+18	9.55e-01	4.50e-02	4.77e-16
 6.35727e+18	9.56e-01	4.45e-02	4.83e-16
 6.35805e+18	9.56e-01	4.40e-02	4.90e-16
 6.35881e+18	9.56e-01	4.36e-02	4.98e-16
 6.35956e+18	9.57e-01	4.33e-02	5.07e-16
 6.36032e+18	9.57e-01	4.29e-02	5.15e-16
 6.36108e+18	9.57e-01	4.26e-02	5.27e-16
 6.36182e+18	9.58e-01	4.22e-02	5.37e-16
 6.36257e+18	9.58e-01	4.20e-02	5.50e-16
 6.36331e+18	9.58e-01	4.17e-02	5.63e-16
 6.36406e+18	9.59e-01	4.14e-02	5.76e-16
 6.36479e+18	9.59e-01	4.12e-02	5.91e-16
 6.36552e+18	9.59e-01	4.10e-02	6.06e-16
 6.36625e+18	9.59e-01	4.08e-02	6.22e-16
 6.36697e+18	9.59e-01	4.07e-02	6.40e-16
 6.36769e+18	9.60e-01	4.05e-02	6.58e-16
 6.36839e+18	9.60e-01	4.04e-02	6.77e-16
 6.36909e+18	9.60e-01	4.02e-02	6.96e-16
 6.36979e+18	9.60e-01	4.01e-02	7.18e-16
 6.37047e+18	9.60e-01	3.99e-02	7.38e-16
 6.37116e+18	9.60e-01	3.99e-02	7.62e-16
 6.37183e+18	9.60e-01	3.98e-02	7.84e-16
 6.37249e+18	9.60e-01	3.97e-02	8.08e-16
 6.37316e+18	9.60e-01	3.96e-02	8.31e-16
 6.37383e+18	9.60e-01	3.95e-02	8.59e-16
 6.37449e+18	9.61e-01	3.94e-02	8.85e-16
 6.37514e+18	9.61e-01	3.93e-02	9.11e-16
 6.37578e+18	9.61e-01	3.93e-02	9.40e-16
 6.37643e+18	9.61e-01	3.92e-02	9.69e-16
 6.37708e+18	9.61e-01	3.91e-02	9.98e-16
 6.37772e+18	9.61e-01	3.91e-02	1.03e-15
 6.37836e+18	9.61e-01	3.90e-02	1.06e-15
 6.37900e+18	9.61e-01	3.89e-02	1.09e-15
 6.37964e+18	9.61e-01	3.88e-02	1.13e-15
 6.38028e+18	9.61e-01	3.88e-02	1.16e-15
 6.38092e+18	9.61e-01	3.87e-02	1.20e-15
 6.38155e+18	9.61e-01	3.86e-02	1.23e-15
 6.38219e+18	9.61e-01	3.85e-02	1.27e-15
 6.38283e+18	9.62e-01	3.85e-02	1.31e-15
 6.38346e+18	9.62e-01	3.84e-02	1.35e-15
 6.38409e+18	9.62e-01	3.83e-02	1.39e-15
 6.38473e+18	9.62e-01	3.82e-02	1.42e-15
 6.38537e+18	9.62e-01	3.81e-02	1.47e-15
 6.38602e+18	9.62e-01	3.80e-02	1.51e-15
 6.38666e+18	9.62e-01	3.79e-02	1.55e-15
 6.38730e+18	9.62e-01	3.78e-02	1.59e-15
 6.38794e+18	9.62e-01	3.76e-02	1.64e-15
 6.38858e+18	9.63e-01	3.75e-02	1.68e-15
 6.38924e+18	9.63e-01	3.74e-02	1.73e-15
 6.38989e+18	9.63e-01	3.72e-02	1.77e-15
 6.39055e+18	9.63e-01	3.70e-02	1.81e-15
 6.39120e+18	9.63e-01	3.68e-02	1.86e-15
 6.39186e+18	9.63e-01	3.67e-02	1.90e-15
 6.39253e+18	9.64e-01	3.64e-02	1.95e-15
 6.39320e+18	9.64e-01	3.62e-02	1.99e-15
 6.39387e+18	9.64e-01	3.60e-02	2.04e-15
 6.39454e+18	9.64e-01	3.58e-02	2.08e-15
 6.39522e+18	9.64e-01	3.56e-02	2.12e-15
 6.39590e+18	9.65e-01	3.53e-02	2.17e-15
 6.39659e+18	9.65e-01	3.50e-02	2.21e-15
 6.39729e+18	9.65e-01	3.47e-02	2.25e-15
 6.39798e+18	9.66e-01	3.45e-02	2.29e-15
 6.39868e+18	9.66e-01	3.41e-02	2.33e-15
 6.39939e+18	9.66e-01	3.38e-02	2.37e-15
 6.40010e+18	9.66e-01	3.35e-02	2.40e-15
 6.40082e+18	9.67e-01	3.32e-02	2.43e-15
 6.40154e+18	9.67e-01	3.28e-02	2.46e-15
 6.40226e+18	9.68e-01	3.24e-02	2.49e-15
 6.40299e+18	9.68e-01	3.21e-02	2.52e-15
 6.40372e+18	9.68e-01	3.17e-02	2.54e-15
 6.40445e+18	9.69e-01	3.13e-02	2.56e-15
 6.40519e+18	9.69e-01	3.09e-02	2.58e-15
 6.40592e+18	9.70e-01	3.05e-02	2.59e-15
 6.40666e+18	9.70e-01	3.01e-02	2.60e-15
 6.40739e+18	9.70e-01	2.97e-02	2.61e-15
 6.40812e+18	9.71e-01	2.92e-02	2.61e-15
 6.40882e+18	9.71e-01	2.88e-02	2.61e-15
 6.40946e+18	9.72e-01	2.85e-02	2.61e-15
 6.41005e+18	9.72e-01	2.81e-02	2.60e-15
 6.41061e+18	9.72e-01	2.78e-02	2.59e-15
 6.41115e+18	9.73e-01	2.74e-02	2.58e-15
 6.41165e+18	9.73e-01	2.71e-02	2.57e-15
 6.41212e+18	9.73e-01	2.68e-02	2.55e-15
 6.41256e+18	9.73e-01	2.65e-02	2.53e-15
 6.41297e+18	9.74e-01	2.63e-02	2.52e-15
 6.41335e+18	9.74e-01	2.60e-02	2.50e-15
 6.41369e+18	9.74e-01	2.58e-02	2.48e-15
 6.41400e+18	9.74e-01	2.56e-02	2.47e-15
 6.41428e+18	9.75e-01	2.54e-02	2.46e-15
 6.41454e+18	9.75e-01	2.52e-02	2.44e-15
 6.41477e+18	9.75e-01	2.50e-02	2.43e-15
 6.41503e+18	9.75e-01	2.48e-02	2.41e-15
 6.41530e+18	9.75e-01	2.46e-02	2.39e-15
 6.41555e+18	9.76e-01	2.45e-02	2.38e-15
 6.41578e+18	9.76e-01	2.43e-02	2.36e-15
 6.41603e+18	9.76e-01	2.41e-02	2.35e-15
 6.41630e+18	9.76e-01	2.39e-02	2.33e-15
 6.41655e+18	9.76e-01	2.38e-02	2.32e-15
 6.41682e+18	9.76e-01	2.36e-02	2.30e-15
 6.41711e+18	9.77e-01	2.33e-02	2.28e-15
 6.41738e+18	9.77e-01	2.32e-02	2.26e-15
 6.41762e+18	9.77e-01	2.30e-02	2.25e-15
 6.41788e+18	9.77e-01	2.28e-02	2.23e-15
 6.41823e+18	9.77e-01	2.25e-02	2.21e-15
 6.41860e+18	9.78e-01	2.23e-02	2.19e-15
 6.41894e+18	9.78e-01	2.21e-02	2.17e-15
 6.41924e+18	9.78e-01	2.19e-02	2.15e-15
 6.41952e+18	9.78e-01	2.17e-02	2.14e-15
 6.41983e+18	9.79e-01	2.15e-02	2.12e-15
 6.42023e+18	9.79e-01	2.12e-02	2.09e-15
 6.42066e+18	9.79e-01	2.09e-02	2.07e-15
 6.42105e+18	9.79e-01	2.06e-02	2.04e-15
 6.42141e+18	9.80e-01	2.04e-02	2.03e-15
 6.42173e+18	9.80e-01	2.02e-02	2.00e-15
 6.42203e+18	9.80e-01	2.00e-02	1.99e-15
 6.42230e+18	9.80e-01	1.98e-02	1.97e-15
 6.42259e+18	9.80e-01	1.96e-02	1.95e-15
 6.42297e+18	9.81e-01	1.93e-02	1.92e-15
 6.42339e+18	9.81e-01	1.90e-02	1.90e-15
 6.42376e+18	9.81e-01	1.88e-02	1.88e-15
 6.42410e+18	9.81e-01	1.86e-02	1.85e-15
 6.42441e+18	9.82e-01	1.84e-02	1.84e-15
 6.42470e+18	9.82e-01	1.82e-02	1.82e-15
 6.42501e+18	9.82e-01	1.80e-02	1.80e-15
 6.42534e+18	9.82e-01	1.78e-02	1.78e-15
 6.42565e+18	9.82e-01	1.76e-02	1.76e-15
 6.42593e+18	9.83e-01	1.74e-02	1.75e-15
 6.42623e+18	9.83e-01	1.72e-02	1.73e-15
 6.42663e+18	9.83e-01	1.70e-02	1.70e-15
 6.42705e+18	9.83e-01	1.67e-02	1.67e-15
 6.42744e+18	9.83e-01	1.66e-02	1.68e-15
 6.42787e+18	9.84e-01	1.64e-02	1.67e-15
 6.42842e+18	9.84e-01	1.62e-02	1.67e-15
 6.42914e+18	9.84e-01	1.59e-02	1.66e-15
 6.43007e+18	9.84e-01	1.56e-02	1.66e-15
 6.43129e+18	9.85e-01	1.51e-02	1.65e-15
 6.43283e+18	9.85e-01	1.46e-02	1.64e-15
 6.43452e+18	9.86e-01	1.41e-02	1.64e-15
 6.43607e+18	9.86e-01	1.37e-02	1.64e-15
 6.43749e+18	9.87e-01	1.33e-02	1.63e-15
 6.43902e+18	9.87e-01	1.28e-02	1.61e-15
 6.44075e+18	9.88e-01	1.23e-02	1.59e-15
 6.44255e+18	9.88e-01	1.18e-02	1.57e-15
 6.44425e+18	9.89e-01	1.13e-02	1.55e-15
 6.44590e+18	9.89e-01	1.09e-02	1.52e-15
 6.44764e+18	9.90e-01	1.04e-02	1.50e-15
 6.44949e+18	9.90e-01	9.93e-03	1.47e-15
 6.45136e+18	9.91e-01	9.49e-03	1.44e-15
 6.45318e+18	9.91e-01	9.07e-03	1.41e-15
 6.45498e+18	9.91e-01	8.66e-03	1.38e-15
 6.45685e+18	9.92e-01	8.26e-03	1.35e-15
 6.45878e+18	9.92e-01	7.86e-03	1.32e-15
 6.46071e+18	9.93e-01	7.48e-03	1.29e-15
 6.46261e+18	9.93e-01	7.13e-03	1.25e-15
 6.46451e+18	9.93e-01	6.78e-03	1.22e-15
 6.46647e+18	9.94e-01	6.44e-03	1.19e-15
 6.46846e+18	9.94e-01	6.11e-03	1.15e-15
 6.47044e+18	9.94e-01	5.80e-03	1.12e-15
 6.47240e+18	9.94e-01	5.51e-03	1.09e-15
 6.47439e+18	9.95e-01	5.22e-03	1.05e-15
 6.47641e+18	9.95e-01	4.95e-03	1.02e-15
 6.47844e+18	9.95e-01	4.69e-03	9.84e-16
 6.48048e+18	9.96e-01	4.44e-03	9.51e-16
 6.48252e+18	9.96e-01	4.20e-03	9.18e-16
 6.48457e+18	9.96e-01	3.97e-03	8.86e-16
 6.48663e+18	9.96e-01	3.75e-03	8.54e-16
 6.48871e+18	9.96e-01	3.54e-03	8.22e-16
 6.49078e+18	9.97e-01	3.34e-03	7.90e-16
 6.49289e+18	9.97e-01	3.15e-03	7.59e-16
 6.49502e+18	9.97e-01	2.97e-03	7.29e-16
 6.49714e+18	9.97e-01	2.80e-03	6.99e-16
 6.49926e+18	9.97e-01	2.64e-03	6.69e-16
 6.50141e+18	9.98e-01	2.48e-03	6.40e-16
 6.50358e+18	9.98e-01	2.33e-03	6.11e-16
 6.50578e+18	9.98e-01	2.19e-03	5.83e-16
 6.50799e+18	9.98e-01	2.06e-03	5.56e-16
 6.51020e+18	9.98e-01	1.93e-03	5.29e-16
 6.51242e+18	9.98e-01	1.81e-03	5.04e-16
 6.51466e+18	9.98e-01	1.69e-03	4.79e-16
 6.51691e+18	9.98e-01	1.59e-03	4.54e-16
 6.51920e+18	9.99e-01	1.48e-03	4.30e-16
 6.52149e+18	9.99e-01	1.39e-03	4.07e-16
 6.52377e+18	9.99e-01	1.29e-03	3.85e-16
