#depth	H	H+	H2
 6.99050e+11	3.38e-01	6.62e-01	2.14e-08
 4.19430e+12	3.38e-01	6.62e-01	2.14e-08
 1.81753e+13	3.38e-01	6.62e-01	2.15e-08
 7.40993e+13	3.39e-01	6.61e-01	2.18e-08
 1.77000e+14	3.37e-01	6.63e-01	2.23e-08
 3.10770e+14	3.37e-01	6.63e-01	2.31e-08
 4.84671e+14	3.37e-01	6.63e-01	2.41e-08
 7.10743e+14	3.38e-01	6.62e-01	2.55e-08
 1.00464e+15	3.41e-01	6.59e-01	2.73e-08
 1.38670e+15	3.45e-01	6.55e-01	2.98e-08
 1.85548e+15	3.51e-01	6.49e-01	3.30e-08
 2.36807e+15	3.59e-01	6.41e-01	3.70e-08
 2.87118e+15	3.68e-01	6.32e-01	4.11e-08
 3.35920e+15	3.79e-01	6.21e-01	4.60e-08
 3.83160e+15	3.90e-01	6.10e-01	5.12e-08
 4.28647e+15	4.02e-01	5.98e-01	5.68e-08
 4.74375e+15	4.16e-01	5.84e-01	6.31e-08
 5.20190e+15	4.30e-01	5.70e-01	7.02e-08
 5.65548e+15	4.45e-01	5.55e-01	7.82e-08
 6.10198e+15	4.60e-01	5.40e-01	8.78e-08
 6.52547e+15	4.75e-01	5.25e-01	9.71e-08
 6.93828e+15	4.91e-01	5.09e-01	1.08e-07
 7.34980e+15	5.07e-01	4.93e-01	1.20e-07
 7.75504e+15	5.23e-01	4.77e-01	1.35e-07
 8.14683e+15	5.39e-01	4.61e-01	1.49e-07
 8.48866e+15	5.54e-01	4.46e-01	1.65e-07
 8.77862e+15	5.65e-01	4.35e-01	1.77e-07
 9.05959e+15	5.78e-01	4.22e-01	1.93e-07
 9.35299e+15	5.91e-01	4.09e-01	2.12e-07
 9.64384e+15	6.03e-01	3.97e-01	2.31e-07
 9.92632e+15	6.15e-01	3.85e-01	2.50e-07
 1.02077e+16	6.28e-01	3.72e-01	2.75e-07
 1.04847e+16	6.40e-01	3.60e-01	2.98e-07
 1.07578e+16	6.52e-01	3.48e-01	3.29e-07
 1.10276e+16	6.63e-01	3.37e-01	3.55e-07
 1.12955e+16	6.75e-01	3.25e-01	3.91e-07
 1.15644e+16	6.86e-01	3.14e-01	4.29e-07
 1.18260e+16	6.97e-01	3.03e-01	4.69e-07
 1.20832e+16	7.08e-01	2.92e-01	5.14e-07
 1.23415e+16	7.18e-01	2.82e-01	5.64e-07
 1.26005e+16	7.29e-01	2.71e-01	6.20e-07
 1.28566e+16	7.39e-01	2.61e-01	6.81e-07
 1.31098e+16	7.49e-01	2.51e-01	7.49e-07
 1.33626e+16	7.58e-01	2.42e-01	8.26e-07
 1.36147e+16	7.68e-01	2.32e-01	9.13e-07
 1.38652e+16	7.77e-01	2.23e-01	1.01e-06
 1.41129e+16	7.85e-01	2.15e-01	1.12e-06
 1.43569e+16	7.94e-01	2.06e-01	1.24e-06
 1.45972e+16	8.02e-01	1.98e-01	1.37e-06
 1.48348e+16	8.09e-01	1.91e-01	1.51e-06
 1.50701e+16	8.17e-01	1.83e-01	1.68e-06
 1.53026e+16	8.24e-01	1.76e-01	1.87e-06
 1.55320e+16	8.31e-01	1.69e-01	2.08e-06
 1.57586e+16	8.37e-01	1.63e-01	2.32e-06
 1.59818e+16	8.44e-01	1.56e-01	2.58e-06
 1.61991e+16	8.50e-01	1.50e-01	2.88e-06
 1.64095e+16	8.55e-01	1.45e-01	3.21e-06
 1.66141e+16	8.60e-01	1.40e-01	3.58e-06
 1.68137e+16	8.65e-01	1.35e-01	3.99e-06
 1.70077e+16	8.70e-01	1.30e-01	4.45e-06
 1.71947e+16	8.74e-01	1.26e-01	4.95e-06
 1.73767e+16	8.79e-01	1.21e-01	5.50e-06
 1.75580e+16	8.83e-01	1.17e-01	6.14e-06
 1.77356e+16	8.87e-01	1.13e-01	6.86e-06
 1.79051e+16	8.90e-01	1.10e-01	7.70e-06
 1.80637e+16	8.94e-01	1.06e-01	8.55e-06
 1.82163e+16	8.97e-01	1.03e-01	9.49e-06
 1.83705e+16	9.00e-01	1.00e-01	1.05e-05
 1.84948e+16	9.02e-01	9.76e-02	1.14e-05
 1.85695e+16	9.04e-01	9.62e-02	1.20e-05
 1.86251e+16	9.05e-01	9.52e-02	1.24e-05
 1.86882e+16	9.06e-01	9.38e-02	1.31e-05
 1.87575e+16	9.07e-01	9.26e-02	1.35e-05
 1.88349e+16	9.09e-01	9.10e-02	1.42e-05
 1.89238e+16	9.11e-01	8.93e-02	1.49e-05
 1.90132e+16	9.12e-01	8.76e-02	1.56e-05
 1.91040e+16	9.14e-01	8.59e-02	1.63e-05
 1.92026e+16	9.16e-01	8.41e-02	1.71e-05
 1.93100e+16	9.18e-01	8.22e-02	1.78e-05
 1.94296e+16	9.20e-01	8.01e-02	1.85e-05
 1.95717e+16	9.22e-01	7.76e-02	1.92e-05
 1.97466e+16	9.25e-01	7.46e-02	1.99e-05
 1.99335e+16	9.28e-01	7.16e-02	2.03e-05
 2.01001e+16	9.31e-01	6.89e-02	2.05e-05
 2.02467e+16	9.33e-01	6.67e-02	2.05e-05
 2.03793e+16	9.35e-01	6.46e-02	2.05e-05
 2.05000e+16	9.37e-01	6.28e-02	2.03e-05
 2.06098e+16	9.39e-01	6.11e-02	2.02e-05
 2.07098e+16	9.40e-01	5.96e-02	2.00e-05
 2.08007e+16	9.42e-01	5.82e-02	1.98e-05
 2.08835e+16	9.43e-01	5.70e-02	1.96e-05
 2.09588e+16	9.44e-01	5.59e-02	1.94e-05
 2.10273e+16	9.45e-01	5.48e-02	1.93e-05
 2.10897e+16	9.46e-01	5.39e-02	1.92e-05
 2.11464e+16	9.47e-01	5.30e-02	1.90e-05
 2.11981e+16	9.48e-01	5.22e-02	1.89e-05
 2.12451e+16	9.49e-01	5.15e-02	1.88e-05
 2.12878e+16	9.49e-01	5.09e-02	1.87e-05
 2.13347e+16	9.50e-01	5.01e-02	1.86e-05
 2.13853e+16	9.51e-01	4.93e-02	1.85e-05
 2.14313e+16	9.51e-01	4.86e-02	1.85e-05
 2.14732e+16	9.52e-01	4.80e-02	1.84e-05
 2.15114e+16	9.52e-01	4.75e-02	1.83e-05
 2.15531e+16	9.53e-01	4.68e-02	1.83e-05
 2.15983e+16	9.54e-01	4.61e-02	1.83e-05
 2.16393e+16	9.54e-01	4.55e-02	1.82e-05
 2.16766e+16	9.55e-01	4.49e-02	1.82e-05
 2.17106e+16	9.55e-01	4.45e-02	1.82e-05
 2.17479e+16	9.56e-01	4.38e-02	1.82e-05
 2.17881e+16	9.57e-01	4.32e-02	1.82e-05
 2.18247e+16	9.57e-01	4.27e-02	1.82e-05
 2.18580e+16	9.58e-01	4.22e-02	1.82e-05
 2.18883e+16	9.58e-01	4.18e-02	1.82e-05
 2.19215e+16	9.59e-01	4.12e-02	1.83e-05
 2.19573e+16	9.59e-01	4.07e-02	1.83e-05
 2.19899e+16	9.60e-01	4.02e-02	1.84e-05
 2.20196e+16	9.60e-01	3.97e-02	1.84e-05
 2.20466e+16	9.61e-01	3.94e-02	1.85e-05
 2.20762e+16	9.61e-01	3.89e-02	1.86e-05
 2.21082e+16	9.62e-01	3.84e-02	1.87e-05
 2.21373e+16	9.62e-01	3.80e-02	1.87e-05
 2.21691e+16	9.62e-01	3.75e-02	1.89e-05
 2.22035e+16	9.63e-01	3.70e-02	1.90e-05
 2.22348e+16	9.63e-01	3.65e-02	1.91e-05
 2.22633e+16	9.64e-01	3.61e-02	1.92e-05
 2.22893e+16	9.64e-01	3.57e-02	1.93e-05
 2.23128e+16	9.64e-01	3.55e-02	1.94e-05
 2.23387e+16	9.65e-01	3.51e-02	1.95e-05
 2.23666e+16	9.65e-01	3.47e-02	1.96e-05
 2.23920e+16	9.66e-01	3.44e-02	1.98e-05
 2.24198e+16	9.66e-01	3.39e-02	1.99e-05
 2.24499e+16	9.66e-01	3.36e-02	2.01e-05
 2.24772e+16	9.67e-01	3.32e-02	2.02e-05
 2.25021e+16	9.67e-01	3.30e-02	2.03e-05
 2.25293e+16	9.67e-01	3.29e-02	2.03e-05
 2.25648e+16	9.67e-01	3.26e-02	2.03e-05
 2.26109e+16	9.68e-01	3.23e-02	2.03e-05
 2.26708e+16	9.68e-01	3.21e-02	2.03e-05
 2.27486e+16	9.68e-01	3.17e-02	2.03e-05
 2.28498e+16	9.69e-01	3.12e-02	2.02e-05
 2.29814e+16	9.69e-01	3.06e-02	2.02e-05
 2.31525e+16	9.70e-01	2.98e-02	2.02e-05
 2.33749e+16	9.71e-01	2.88e-02	2.01e-05
 2.36464e+16	9.72e-01	2.76e-02	2.01e-05
 2.39332e+16	9.73e-01	2.65e-02	2.00e-05
 2.42072e+16	9.75e-01	2.55e-02	1.99e-05
 2.44731e+16	9.75e-01	2.45e-02	1.99e-05
 2.47434e+16	9.76e-01	2.36e-02	1.98e-05
 2.50216e+16	9.77e-01	2.27e-02	1.98e-05
 2.53037e+16	9.78e-01	2.18e-02	1.97e-05
 2.55869e+16	9.79e-01	2.09e-02	1.96e-05
 2.58716e+16	9.80e-01	2.01e-02	1.96e-05
 2.61594e+16	9.81e-01	1.94e-02	1.95e-05
 2.64506e+16	9.81e-01	1.86e-02	1.95e-05
 2.67448e+16	9.82e-01	1.79e-02	1.94e-05
 2.70417e+16	9.83e-01	1.72e-02	1.93e-05
 2.73414e+16	9.83e-01	1.65e-02	1.93e-05
 2.76441e+16	9.84e-01	1.59e-02	1.92e-05
 2.79499e+16	9.85e-01	1.53e-02	1.91e-05
 2.82587e+16	9.85e-01	1.47e-02	1.91e-05
 2.85708e+16	9.86e-01	1.41e-02	1.90e-05
 2.88861e+16	9.86e-01	1.36e-02	1.90e-05
 2.92047e+16	9.87e-01	1.31e-02	1.89e-05
 2.95264e+16	9.87e-01	1.26e-02	1.88e-05
 2.98510e+16	9.88e-01	1.21e-02	1.88e-05
 3.01786e+16	9.88e-01	1.16e-02	1.87e-05
 3.05097e+16	9.89e-01	1.12e-02	1.87e-05
 3.08445e+16	9.89e-01	1.07e-02	1.86e-05
 3.11830e+16	9.90e-01	1.03e-02	1.86e-05
 3.15251e+16	9.90e-01	9.92e-03	1.85e-05
 3.18708e+16	9.90e-01	9.53e-03	1.84e-05
 3.22195e+16	9.91e-01	9.16e-03	1.84e-05
 3.25710e+16	9.91e-01	8.80e-03	1.83e-05
 3.29254e+16	9.92e-01	8.46e-03	1.83e-05
 3.32828e+16	9.92e-01	8.13e-03	1.83e-05
 3.36435e+16	9.92e-01	7.82e-03	1.82e-05
 3.40082e+16	9.92e-01	7.51e-03	1.82e-05
 3.43766e+16	9.93e-01	7.22e-03	1.81e-05
 3.47484e+16	9.93e-01	6.94e-03	1.81e-05
 3.51235e+16	9.93e-01	6.67e-03	1.80e-05
 3.55013e+16	9.94e-01	6.41e-03	1.80e-05
 3.58817e+16	9.94e-01	6.16e-03	1.80e-05
 3.62652e+16	9.94e-01	5.92e-03	1.79e-05
 3.66525e+16	9.94e-01	5.68e-03	1.79e-05
 3.70434e+16	9.95e-01	5.46e-03	1.79e-05
 3.74375e+16	9.95e-01	5.25e-03	1.78e-05
 3.78345e+16	9.95e-01	5.04e-03	1.78e-05
 3.82345e+16	9.95e-01	4.84e-03	1.78e-05
 3.86379e+16	9.95e-01	4.65e-03	1.78e-05
 3.90449e+16	9.95e-01	4.47e-03	1.77e-05
 3.94555e+16	9.96e-01	4.29e-03	1.77e-05
 3.98685e+16	9.96e-01	4.12e-03	1.77e-05
 4.02839e+16	9.96e-01	3.96e-03	1.77e-05
 4.07032e+16	9.96e-01	3.80e-03	1.76e-05
 4.11270e+16	9.96e-01	3.65e-03	1.76e-05
 4.15547e+16	9.96e-01	3.51e-03	1.76e-05
 4.19862e+16	9.97e-01	3.37e-03	1.76e-05
 4.24221e+16	9.97e-01	3.23e-03	1.76e-05
 4.28620e+16	9.97e-01	3.10e-03	1.76e-05
 4.33051e+16	9.97e-01	2.98e-03	1.76e-05
 4.37515e+16	9.97e-01	2.86e-03	1.76e-05
 4.41983e+16	9.97e-01	2.74e-03	1.76e-05
 4.46444e+16	9.97e-01	2.63e-03	1.75e-05
 4.50938e+16	9.97e-01	2.52e-03	1.75e-05
 4.55445e+16	9.98e-01	2.42e-03	1.75e-05
 4.59938e+16	9.98e-01	2.32e-03	1.75e-05
 4.64455e+16	9.98e-01	2.23e-03	1.75e-05
 4.69020e+16	9.98e-01	2.14e-03	1.75e-05
 4.73623e+16	9.98e-01	2.05e-03	1.75e-05
 4.78245e+16	9.98e-01	1.97e-03	1.75e-05
 4.82891e+16	9.98e-01	1.88e-03	1.75e-05
 4.87575e+16	9.98e-01	1.81e-03	1.75e-05
 4.92305e+16	9.98e-01	1.73e-03	1.75e-05
 4.97074e+16	9.98e-01	1.66e-03	1.76e-05
 5.01869e+16	9.98e-01	1.59e-03	1.76e-05
 5.06689e+16	9.98e-01	1.52e-03	1.76e-05
 5.11521e+16	9.99e-01	1.46e-03	1.76e-05
 5.16340e+16	9.99e-01	1.39e-03	1.76e-05
 5.21177e+16	9.99e-01	1.34e-03	1.76e-05
 5.26068e+16	9.99e-01	1.28e-03	1.76e-05
 5.30992e+16	9.99e-01	1.23e-03	1.76e-05
 5.35944e+16	9.99e-01	1.17e-03	1.76e-05
 5.40927e+16	9.99e-01	1.12e-03	1.77e-05
 5.45934e+16	9.99e-01	1.07e-03	1.77e-05
 5.50966e+16	9.99e-01	1.03e-03	1.77e-05
 5.56017e+16	9.99e-01	9.82e-04	1.77e-05
 5.61074e+16	9.99e-01	9.38e-04	1.77e-05
 5.66210e+16	9.99e-01	8.97e-04	1.77e-05
 5.71326e+16	9.99e-01	8.57e-04	1.78e-05
 5.76496e+16	9.99e-01	8.19e-04	1.78e-05
