#depth	H	H+	H2
 1.04728e+13	8.75e-05	1.00e+00	2.62e-16
 6.28370e+13	8.75e-05	1.00e+00	2.62e-16
 2.72293e+14	8.75e-05	1.00e+00	2.62e-16
 1.11012e+15	8.76e-05	1.00e+00	2.63e-16
 2.65172e+15	8.76e-05	1.00e+00	2.63e-16
 4.65580e+15	8.77e-05	1.00e+00	2.64e-16
 7.26110e+15	8.79e-05	1.00e+00	2.66e-16
 1.06480e+16	8.81e-05	1.00e+00	2.67e-16
 1.50510e+16	8.83e-05	1.00e+00	2.70e-16
 2.07748e+16	8.86e-05	1.00e+00	2.73e-16
 2.82158e+16	8.90e-05	1.00e+00	2.76e-16
 3.78891e+16	8.95e-05	1.00e+00	2.81e-16
 5.04644e+16	9.02e-05	1.00e+00	2.87e-16
 6.68123e+16	9.11e-05	1.00e+00	2.95e-16
 8.80646e+16	9.23e-05	1.00e+00	3.05e-16
 1.15693e+17	9.39e-05	1.00e+00	3.19e-16
 1.51609e+17	9.60e-05	1.00e+00	3.37e-16
 1.98300e+17	9.89e-05	1.00e+00	3.62e-16
 2.58999e+17	1.03e-04	1.00e+00	3.96e-16
 3.37907e+17	1.08e-04	1.00e+00	4.43e-16
 4.01633e+17	1.12e-04	1.00e+00	4.80e-16
 4.41796e+17	1.15e-04	1.00e+00	5.06e-16
 4.85975e+17	1.18e-04	1.00e+00	5.38e-16
 5.34573e+17	1.22e-04	1.00e+00	5.74e-16
 5.88030e+17	1.26e-04	1.00e+00	6.18e-16
 6.46833e+17	1.31e-04	1.00e+00	6.67e-16
 7.11516e+17	1.36e-04	1.00e+00	7.27e-16
 7.82668e+17	1.42e-04	1.00e+00	7.96e-16
 8.60935e+17	1.49e-04	1.00e+00	8.81e-16
 9.47028e+17	1.57e-04	1.00e+00	9.83e-16
 1.04173e+18	1.66e-04	1.00e+00	1.11e-15
 1.14590e+18	1.77e-04	1.00e+00	1.26e-15
 1.26049e+18	1.89e-04	1.00e+00	1.45e-15
 1.38654e+18	2.04e-04	1.00e+00	1.69e-15
 1.52520e+18	2.21e-04	1.00e+00	2.00e-15
 1.67772e+18	2.41e-04	1.00e+00	2.39e-15
 1.84549e+18	2.66e-04	1.00e+00	2.91e-15
 2.03004e+18	2.96e-04	1.00e+00	3.61e-15
 2.22924e+18	3.32e-04	1.00e+00	4.53e-15
 2.43841e+18	3.74e-04	1.00e+00	5.72e-15
 2.62866e+18	4.16e-04	1.00e+00	7.03e-15
 2.78663e+18	4.56e-04	1.00e+00	8.37e-15
 2.95762e+18	5.06e-04	9.99e-01	1.02e-14
 3.14840e+18	5.67e-04	9.99e-01	1.25e-14
 3.32469e+18	6.31e-04	9.99e-01	1.52e-14
 3.48479e+18	6.98e-04	9.99e-01	1.81e-14
 3.66400e+18	7.86e-04	9.99e-01	2.22e-14
 3.85467e+18	8.93e-04	9.99e-01	2.74e-14
 4.01780e+18	1.00e-03	9.99e-01	3.28e-14
 4.16200e+18	1.11e-03	9.99e-01	3.87e-14
 4.32403e+18	1.26e-03	9.99e-01	4.70e-14
 4.49632e+18	1.45e-03	9.99e-01	5.76e-14
 4.64239e+18	1.64e-03	9.98e-01	6.88e-14
 4.76853e+18	1.84e-03	9.98e-01	8.08e-14
 4.88165e+18	2.06e-03	9.98e-01	9.36e-14
 4.98264e+18	2.28e-03	9.98e-01	1.07e-13
 5.07983e+18	2.54e-03	9.97e-01	1.23e-13
 5.17608e+18	2.84e-03	9.97e-01	1.42e-13
 5.26864e+18	3.18e-03	9.97e-01	1.64e-13
 5.35420e+18	3.56e-03	9.96e-01	1.88e-13
 5.43281e+18	4.00e-03	9.96e-01	2.17e-13
 5.50619e+18	4.47e-03	9.96e-01	2.48e-13
 5.57603e+18	5.02e-03	9.95e-01	2.84e-13
 5.64320e+18	5.67e-03	9.94e-01	3.29e-13
 5.70639e+18	6.41e-03	9.94e-01	3.78e-13
 5.76549e+18	7.29e-03	9.93e-01	4.40e-13
 5.82112e+18	8.29e-03	9.92e-01	5.09e-13
 5.87384e+18	9.50e-03	9.90e-01	5.97e-13
 5.92404e+18	1.10e-02	9.89e-01	7.04e-13
 5.97132e+18	1.27e-02	9.87e-01	8.37e-13
 6.01568e+18	1.49e-02	9.85e-01	1.00e-12
 6.05725e+18	1.76e-02	9.82e-01	1.22e-12
 6.09057e+18	2.05e-02	9.80e-01	1.46e-12
 6.11269e+18	2.29e-02	9.77e-01	1.66e-12
 6.12983e+18	2.52e-02	9.75e-01	1.85e-12
 6.14880e+18	2.81e-02	9.72e-01	2.12e-12
 6.16921e+18	3.21e-02	9.68e-01	2.48e-12
 6.18618e+18	3.62e-02	9.64e-01	2.87e-12
 6.19955e+18	4.02e-02	9.60e-01	3.27e-12
 6.21140e+18	4.44e-02	9.56e-01	3.71e-12
 6.22465e+18	4.99e-02	9.50e-01	4.31e-12
 6.23832e+18	5.72e-02	9.43e-01	5.14e-12
 6.24902e+18	6.46e-02	9.35e-01	6.04e-12
 6.25742e+18	7.17e-02	9.28e-01	6.95e-12
 6.26632e+18	8.03e-02	9.20e-01	8.16e-12
 6.27621e+18	9.24e-02	9.08e-01	9.97e-12
 6.28501e+18	1.06e-01	8.94e-01	1.23e-11
 6.29241e+18	1.22e-01	8.78e-01	1.51e-11
 6.29923e+18	1.39e-01	8.61e-01	1.86e-11
 6.30700e+18	1.63e-01	8.37e-01	2.42e-11
 6.31521e+18	1.98e-01	8.02e-01	3.40e-11
 6.32182e+18	2.37e-01	7.63e-01	4.73e-11
 6.32671e+18	2.73e-01	7.27e-01	6.28e-11
 6.33045e+18	3.06e-01	6.94e-01	7.95e-11
 6.33345e+18	3.36e-01	6.64e-01	9.77e-11
 6.33606e+18	3.64e-01	6.36e-01	1.18e-10
 6.33839e+18	3.92e-01	6.08e-01	1.40e-10
 6.34044e+18	4.18e-01	5.82e-01	1.65e-10
 6.34227e+18	4.41e-01	5.59e-01	1.90e-10
 6.34390e+18	4.65e-01	5.35e-01	2.20e-10
 6.34546e+18	4.86e-01	5.14e-01	2.50e-10
 6.34692e+18	5.08e-01	4.92e-01	2.85e-10
 6.34827e+18	5.28e-01	4.72e-01	3.19e-10
 6.34936e+18	5.44e-01	4.56e-01	3.50e-10
 6.35013e+18	5.56e-01	4.44e-01	3.76e-10
 6.35084e+18	5.67e-01	4.33e-01	4.01e-10
 6.35163e+18	5.79e-01	4.21e-01	4.31e-10
 6.35249e+18	5.92e-01	4.08e-01	4.66e-10
 6.35333e+18	6.05e-01	3.95e-01	5.03e-10
 6.35413e+18	6.17e-01	3.83e-01	5.41e-10
 6.35491e+18	6.29e-01	3.71e-01	5.80e-10
 6.35570e+18	6.41e-01	3.59e-01	6.26e-10
 6.35649e+18	6.53e-01	3.47e-01	6.69e-10
 6.35727e+18	6.65e-01	3.35e-01	7.21e-10
 6.35805e+18	6.76e-01	3.24e-01	7.75e-10
 6.35881e+18	6.87e-01	3.13e-01	8.31e-10
 6.35956e+18	6.98e-01	3.02e-01	8.88e-10
 6.36032e+18	7.09e-01	2.91e-01	9.56e-10
 6.36108e+18	7.19e-01	2.81e-01	1.02e-09
 6.36182e+18	7.30e-01	2.70e-01	1.10e-09
 6.36257e+18	7.40e-01	2.60e-01	1.17e-09
 6.36331e+18	7.50e-01	2.50e-01	1.25e-09
 6.36406e+18	7.59e-01	2.41e-01	1.34e-09
 6.36479e+18	7.69e-01	2.31e-01	1.43e-09
 6.36552e+18	7.77e-01	2.23e-01	1.53e-09
 6.36625e+18	7.86e-01	2.14e-01	1.64e-09
 6.36697e+18	7.95e-01	2.05e-01	1.74e-09
 6.36769e+18	8.03e-01	1.97e-01	1.87e-09
 6.36839e+18	8.10e-01	1.90e-01	1.98e-09
 6.36909e+18	8.18e-01	1.82e-01	2.12e-09
 6.36979e+18	8.25e-01	1.75e-01	2.24e-09
 6.37047e+18	8.32e-01	1.68e-01	2.40e-09
 6.37116e+18	8.39e-01	1.61e-01	2.53e-09
 6.37183e+18	8.45e-01	1.55e-01	2.71e-09
 6.37249e+18	8.51e-01	1.49e-01	2.86e-09
 6.37316e+18	8.57e-01	1.43e-01	3.06e-09
 6.37383e+18	8.63e-01	1.37e-01	3.22e-09
 6.37449e+18	8.68e-01	1.32e-01	3.43e-09
 6.37514e+18	8.74e-01	1.26e-01	3.65e-09
 6.37578e+18	8.79e-01	1.21e-01	3.87e-09
 6.37643e+18	8.83e-01	1.17e-01	4.10e-09
 6.37708e+18	8.88e-01	1.12e-01	4.35e-09
 6.37772e+18	8.93e-01	1.07e-01	4.61e-09
 6.37836e+18	8.97e-01	1.03e-01	4.90e-09
 6.37900e+18	9.01e-01	9.90e-02	5.18e-09
 6.37964e+18	9.05e-01	9.50e-02	5.51e-09
 6.38028e+18	9.09e-01	9.13e-02	5.82e-09
 6.38092e+18	9.12e-01	8.76e-02	6.20e-09
 6.38155e+18	9.16e-01	8.41e-02	6.55e-09
 6.38219e+18	9.19e-01	8.07e-02	6.98e-09
 6.38283e+18	9.23e-01	7.75e-02	7.37e-09
 6.38346e+18	9.26e-01	7.44e-02	7.85e-09
 6.38409e+18	9.29e-01	7.14e-02	8.32e-09
 6.38473e+18	9.32e-01	6.85e-02	8.86e-09
 6.38537e+18	9.34e-01	6.57e-02	9.38e-09
 6.38602e+18	9.37e-01	6.30e-02	1.00e-08
 6.38666e+18	9.39e-01	6.05e-02	1.06e-08
 6.38730e+18	9.42e-01	5.80e-02	1.13e-08
 6.38794e+18	9.44e-01	5.57e-02	1.20e-08
 6.38858e+18	9.47e-01	5.34e-02	1.28e-08
 6.38924e+18	9.49e-01	5.12e-02	1.36e-08
 6.38989e+18	9.51e-01	4.91e-02	1.45e-08
 6.39055e+18	9.53e-01	4.71e-02	1.54e-08
 6.39120e+18	9.55e-01	4.52e-02	1.64e-08
 6.39186e+18	9.57e-01	4.33e-02	1.75e-08
 6.39253e+18	9.58e-01	4.15e-02	1.86e-08
 6.39320e+18	9.60e-01	3.98e-02	1.99e-08
 6.39387e+18	9.62e-01	3.82e-02	2.12e-08
 6.39454e+18	9.63e-01	3.66e-02	2.25e-08
 6.39522e+18	9.65e-01	3.51e-02	2.39e-08
 6.39590e+18	9.66e-01	3.37e-02	2.55e-08
 6.39659e+18	9.68e-01	3.22e-02	2.71e-08
 6.39729e+18	9.69e-01	3.09e-02	2.88e-08
 6.39798e+18	9.70e-01	2.96e-02	3.06e-08
 6.39868e+18	9.72e-01	2.84e-02	3.24e-08
 6.39939e+18	9.73e-01	2.72e-02	3.43e-08
 6.40010e+18	9.74e-01	2.61e-02	3.62e-08
 6.40082e+18	9.75e-01	2.50e-02	3.81e-08
 6.40154e+18	9.76e-01	2.39e-02	3.99e-08
 6.40226e+18	9.77e-01	2.29e-02	4.18e-08
 6.40299e+18	9.78e-01	2.19e-02	4.36e-08
 6.40372e+18	9.79e-01	2.10e-02	4.54e-08
 6.40445e+18	9.80e-01	2.01e-02	4.70e-08
 6.40519e+18	9.81e-01	1.92e-02	4.86e-08
 6.40592e+18	9.82e-01	1.84e-02	5.00e-08
 6.40666e+18	9.82e-01	1.76e-02	5.14e-08
 6.40739e+18	9.83e-01	1.69e-02	5.26e-08
 6.40812e+18	9.84e-01	1.61e-02	5.37e-08
 6.40882e+18	9.85e-01	1.55e-02	5.46e-08
 6.40946e+18	9.85e-01	1.49e-02	5.54e-08
 6.41005e+18	9.86e-01	1.43e-02	5.61e-08
 6.41061e+18	9.86e-01	1.39e-02	5.69e-08
 6.41115e+18	9.87e-01	1.34e-02	5.77e-08
 6.41165e+18	9.87e-01	1.30e-02	5.85e-08
 6.41212e+18	9.87e-01	1.26e-02	5.94e-08
 6.41256e+18	9.88e-01	1.22e-02	6.04e-08
 6.41297e+18	9.88e-01	1.19e-02	6.13e-08
 6.41335e+18	9.88e-01	1.16e-02	6.23e-08
 6.41369e+18	9.89e-01	1.13e-02	6.33e-08
 6.41400e+18	9.89e-01	1.11e-02	6.42e-08
 6.41428e+18	9.89e-01	1.09e-02	6.51e-08
 6.41454e+18	9.89e-01	1.07e-02	6.60e-08
 6.41477e+18	9.89e-01	1.05e-02	6.67e-08
 6.41503e+18	9.90e-01	1.04e-02	6.78e-08
 6.41530e+18	9.90e-01	1.02e-02	6.89e-08
 6.41555e+18	9.90e-01	1.00e-02	6.99e-08
 6.41578e+18	9.90e-01	9.85e-03	7.09e-08
 6.41603e+18	9.90e-01	9.68e-03	7.20e-08
 6.41630e+18	9.91e-01	9.50e-03	7.34e-08
 6.41655e+18	9.91e-01	9.35e-03	7.45e-08
 6.41682e+18	9.91e-01	9.18e-03	7.58e-08
 6.41711e+18	9.91e-01	8.99e-03	7.77e-08
 6.41738e+18	9.91e-01	8.85e-03	7.90e-08
 6.41762e+18	9.91e-01	8.72e-03	8.00e-08
 6.41788e+18	9.91e-01	8.58e-03	8.12e-08
 6.41823e+18	9.92e-01	8.39e-03	8.32e-08
 6.41860e+18	9.92e-01	8.21e-03	8.51e-08
 6.41894e+18	9.92e-01	8.05e-03	8.68e-08
 6.41924e+18	9.92e-01	7.90e-03	8.86e-08
 6.41952e+18	9.92e-01	7.78e-03	9.01e-08
 6.41983e+18	9.92e-01	7.65e-03	9.16e-08
 6.42023e+18	9.93e-01	7.45e-03	9.45e-08
 6.42066e+18	9.93e-01	7.26e-03	9.72e-08
 6.42105e+18	9.93e-01	7.10e-03	9.97e-08
 6.42141e+18	9.93e-01	6.96e-03	1.02e-07
 6.42173e+18	9.93e-01	6.83e-03	1.04e-07
 6.42203e+18	9.93e-01	6.71e-03	1.07e-07
 6.42230e+18	9.93e-01	6.61e-03	1.08e-07
 6.42259e+18	9.93e-01	6.51e-03	1.10e-07
 6.42297e+18	9.94e-01	6.35e-03	1.14e-07
 6.42339e+18	9.94e-01	6.21e-03	1.17e-07
 6.42376e+18	9.94e-01	6.08e-03	1.20e-07
 6.42410e+18	9.94e-01	5.96e-03	1.23e-07
 6.42441e+18	9.94e-01	5.87e-03	1.25e-07
 6.42470e+18	9.94e-01	5.78e-03	1.27e-07
 6.42501e+18	9.94e-01	5.68e-03	1.30e-07
 6.42534e+18	9.94e-01	5.58e-03	1.33e-07
 6.42565e+18	9.95e-01	5.48e-03	1.36e-07
 6.42593e+18	9.95e-01	5.41e-03	1.38e-07
 6.42623e+18	9.95e-01	5.33e-03	1.40e-07
 6.42663e+18	9.95e-01	5.21e-03	1.44e-07
 6.42705e+18	9.95e-01	5.08e-03	1.47e-07
 6.42744e+18	9.95e-01	5.06e-03	1.47e-07
 6.42787e+18	9.95e-01	4.98e-03	1.47e-07
 6.42842e+18	9.95e-01	4.93e-03	1.47e-07
 6.42914e+18	9.95e-01	4.84e-03	1.47e-07
 6.43007e+18	9.95e-01	4.71e-03	1.47e-07
 6.43129e+18	9.95e-01	4.56e-03	1.47e-07
 6.43283e+18	9.96e-01	4.36e-03	1.47e-07
 6.43452e+18	9.96e-01	4.14e-03	1.47e-07
 6.43607e+18	9.96e-01	3.97e-03	1.46e-07
 6.43749e+18	9.96e-01	3.83e-03	1.46e-07
 6.43902e+18	9.96e-01	3.69e-03	1.46e-07
 6.44075e+18	9.96e-01	3.54e-03	1.46e-07
 6.44255e+18	9.97e-01	3.38e-03	1.46e-07
 6.44425e+18	9.97e-01	3.25e-03	1.46e-07
 6.44590e+18	9.97e-01	3.14e-03	1.46e-07
 6.44764e+18	9.97e-01	3.02e-03	1.46e-07
 6.44949e+18	9.97e-01	2.90e-03	1.46e-07
 6.45136e+18	9.97e-01	2.79e-03	1.45e-07
 6.45318e+18	9.97e-01	2.68e-03	1.45e-07
 6.45498e+18	9.97e-01	2.59e-03	1.45e-07
 6.45685e+18	9.98e-01	2.49e-03	1.45e-07
 6.45878e+18	9.98e-01	2.39e-03	1.45e-07
 6.46071e+18	9.98e-01	2.30e-03	1.45e-07
 6.46261e+18	9.98e-01	2.22e-03	1.45e-07
 6.46451e+18	9.98e-01	2.14e-03	1.45e-07
 6.46647e+18	9.98e-01	2.06e-03	1.45e-07
 6.46846e+18	9.98e-01	1.98e-03	1.45e-07
 6.47044e+18	9.98e-01	1.90e-03	1.45e-07
 6.47240e+18	9.98e-01	1.83e-03	1.45e-07
 6.47439e+18	9.98e-01	1.76e-03	1.45e-07
 6.47641e+18	9.98e-01	1.70e-03	1.45e-07
 6.47844e+18	9.98e-01	1.63e-03	1.45e-07
 6.48048e+18	9.98e-01	1.57e-03	1.45e-07
 6.48252e+18	9.98e-01	1.51e-03	1.45e-07
 6.48457e+18	9.99e-01	1.46e-03	1.45e-07
 6.48663e+18	9.99e-01	1.40e-03	1.45e-07
 6.48871e+18	9.99e-01	1.35e-03	1.45e-07
 6.49078e+18	9.99e-01	1.30e-03	1.45e-07
 6.49289e+18	9.99e-01	1.25e-03	1.45e-07
 6.49502e+18	9.99e-01	1.20e-03	1.45e-07
 6.49714e+18	9.99e-01	1.15e-03	1.45e-07
 6.49926e+18	9.99e-01	1.11e-03	1.45e-07
 6.50141e+18	9.99e-01	1.07e-03	1.45e-07
 6.50358e+18	9.99e-01	1.02e-03	1.45e-07
 6.50578e+18	9.99e-01	9.84e-04	1.45e-07
 6.50799e+18	9.99e-01	9.47e-04	1.45e-07
 6.51020e+18	9.99e-01	9.08e-04	1.45e-07
 6.51242e+18	9.99e-01	8.74e-04	1.45e-07
 6.51466e+18	9.99e-01	8.38e-04	1.46e-07
 6.51691e+18	9.99e-01	8.03e-04	1.46e-07
 6.51920e+18	9.99e-01	7.71e-04	1.46e-07
 6.52149e+18	9.99e-01	7.40e-04	1.46e-07
 6.52377e+18	9.99e-01	7.09e-04	1.46e-07
