#depth	H	H+	H2
 9.37157e+12	5.22e-03	9.95e-01	5.69e-13
 5.62294e+13	5.21e-03	9.95e-01	5.68e-13
 2.43661e+14	5.21e-03	9.95e-01	5.69e-13
 9.93387e+14	5.21e-03	9.95e-01	5.70e-13
 2.37288e+15	5.20e-03	9.95e-01	5.72e-13
 4.16623e+15	5.18e-03	9.95e-01	5.74e-13
 6.49757e+15	5.18e-03	9.95e-01	5.79e-13
 9.52833e+15	5.17e-03	9.95e-01	5.84e-13
 1.34683e+16	5.17e-03	9.95e-01	5.91e-13
 1.85903e+16	5.17e-03	9.95e-01	6.00e-13
 2.52488e+16	5.18e-03	9.95e-01	6.13e-13
 3.39050e+16	5.21e-03	9.95e-01	6.30e-13
 4.51579e+16	5.26e-03	9.95e-01	6.53e-13
 5.97868e+16	5.34e-03	9.95e-01	6.84e-13
 7.88043e+16	5.47e-03	9.95e-01	7.28e-13
 9.75747e+16	5.55e-03	9.94e-01	7.66e-13
 1.10613e+17	5.59e-03	9.94e-01	7.90e-13
 1.19484e+17	5.63e-03	9.94e-01	8.09e-13
 1.28347e+17	5.71e-03	9.94e-01	8.33e-13
 1.39869e+17	5.82e-03	9.94e-01	8.68e-13
 1.51567e+17	5.90e-03	9.94e-01	9.00e-13
 1.61111e+17	5.98e-03	9.94e-01	9.30e-13
 1.71137e+17	6.09e-03	9.94e-01	9.64e-13
 1.84169e+17	6.26e-03	9.94e-01	1.02e-12
 2.01112e+17	6.53e-03	9.93e-01	1.09e-12
 2.21222e+17	6.89e-03	9.93e-01	1.17e-12
 2.43344e+17	7.36e-03	9.93e-01	1.28e-12
 2.67679e+17	7.97e-03	9.92e-01	1.42e-12
 2.94447e+17	8.77e-03	9.91e-01	1.60e-12
 3.23891e+17	9.86e-03	9.90e-01	1.84e-12
 3.56281e+17	1.14e-02	9.89e-01	2.17e-12
 3.89463e+17	1.36e-02	9.86e-01	2.61e-12
 4.18634e+17	1.62e-02	9.84e-01	3.15e-12
 4.41548e+17	1.91e-02	9.81e-01	3.72e-12
 4.59865e+17	2.22e-02	9.78e-01	4.34e-12
 4.75925e+17	2.58e-02	9.74e-01	5.07e-12
 4.90798e+17	3.01e-02	9.70e-01	5.95e-12
 5.04345e+17	3.54e-02	9.65e-01	7.05e-12
 5.16145e+17	4.15e-02	9.58e-01	8.33e-12
 5.26285e+17	4.86e-02	9.51e-01	9.90e-12
 5.35157e+17	5.67e-02	9.43e-01	1.17e-11
 5.43069e+17	6.61e-02	9.34e-01	1.40e-11
 5.50230e+17	7.72e-02	9.23e-01	1.68e-11
 5.56658e+17	9.00e-02	9.10e-01	2.04e-11
 5.62414e+17	1.05e-01	8.95e-01	2.48e-11
 5.67630e+17	1.22e-01	8.78e-01	3.03e-11
 5.72415e+17	1.42e-01	8.58e-01	3.75e-11
 5.76834e+17	1.65e-01	8.35e-01	4.75e-11
 5.80869e+17	1.92e-01	8.08e-01	6.04e-11
 5.84573e+17	2.22e-01	7.78e-01	7.76e-11
 5.88067e+17	2.56e-01	7.44e-01	1.01e-10
 5.91260e+17	2.94e-01	7.06e-01	1.32e-10
 5.93871e+17	3.29e-01	6.71e-01	1.68e-10
 5.95863e+17	3.58e-01	6.42e-01	2.04e-10
 5.97480e+17	3.84e-01	6.16e-01	2.41e-10
 5.98975e+17	4.10e-01	5.90e-01	2.83e-10
 6.00413e+17	4.35e-01	5.65e-01	3.30e-10
 6.01730e+17	4.59e-01	5.41e-01	3.82e-10
 6.02914e+17	4.81e-01	5.19e-01	4.37e-10
 6.03997e+17	5.02e-01	4.98e-01	4.96e-10
 6.05018e+17	5.22e-01	4.78e-01	5.59e-10
 6.05998e+17	5.41e-01	4.59e-01	6.28e-10
 6.06803e+17	5.56e-01	4.44e-01	6.87e-10
 6.07404e+17	5.67e-01	4.33e-01	7.39e-10
 6.07977e+17	5.79e-01	4.21e-01	7.91e-10
 6.08602e+17	5.91e-01	4.09e-01	8.58e-10
 6.09254e+17	6.04e-01	3.96e-01	9.31e-10
 6.09885e+17	6.16e-01	3.84e-01	1.00e-09
 6.10504e+17	6.29e-01	3.71e-01	1.09e-09
 6.11123e+17	6.40e-01	3.60e-01	1.17e-09
 6.11742e+17	6.52e-01	3.48e-01	1.27e-09
 6.12364e+17	6.64e-01	3.36e-01	1.37e-09
 6.12973e+17	6.75e-01	3.25e-01	1.48e-09
 6.13575e+17	6.86e-01	3.14e-01	1.60e-09
 6.14183e+17	6.97e-01	3.03e-01	1.72e-09
 6.14792e+17	7.08e-01	2.92e-01	1.86e-09
 6.15400e+17	7.19e-01	2.81e-01	2.02e-09
 6.16000e+17	7.29e-01	2.71e-01	2.17e-09
 6.16599e+17	7.39e-01	2.61e-01	2.36e-09
 6.17199e+17	7.49e-01	2.51e-01	2.53e-09
 6.17797e+17	7.58e-01	2.42e-01	2.74e-09
 6.18397e+17	7.68e-01	2.32e-01	2.97e-09
 6.18989e+17	7.77e-01	2.23e-01	3.21e-09
 6.19575e+17	7.85e-01	2.15e-01	3.46e-09
 6.20157e+17	7.94e-01	2.06e-01	3.74e-09
 6.20734e+17	8.02e-01	1.98e-01	4.03e-09
 6.21304e+17	8.09e-01	1.91e-01	4.35e-09
 6.21868e+17	8.17e-01	1.83e-01	4.69e-09
 6.22426e+17	8.24e-01	1.76e-01	5.05e-09
 6.22978e+17	8.31e-01	1.69e-01	5.44e-09
 6.23525e+17	8.37e-01	1.63e-01	5.86e-09
 6.24069e+17	8.44e-01	1.56e-01	6.31e-09
 6.24609e+17	8.50e-01	1.50e-01	6.81e-09
 6.25144e+17	8.55e-01	1.45e-01	7.32e-09
 6.25675e+17	8.61e-01	1.39e-01	7.90e-09
 6.26202e+17	8.66e-01	1.34e-01	8.47e-09
 6.26727e+17	8.72e-01	1.28e-01	9.16e-09
 6.27250e+17	8.77e-01	1.23e-01	9.81e-09
 6.27769e+17	8.81e-01	1.19e-01	1.06e-08
 6.28284e+17	8.86e-01	1.14e-01	1.14e-08
 6.28798e+17	8.90e-01	1.10e-01	1.23e-08
 6.29306e+17	8.95e-01	1.05e-01	1.33e-08
 6.29814e+17	8.99e-01	1.01e-01	1.43e-08
 6.30321e+17	9.03e-01	9.74e-02	1.54e-08
 6.30825e+17	9.06e-01	9.36e-02	1.66e-08
 6.31328e+17	9.10e-01	9.00e-02	1.79e-08
 6.31828e+17	9.13e-01	8.65e-02	1.94e-08
 6.32326e+17	9.17e-01	8.32e-02	2.09e-08
 6.32822e+17	9.20e-01	7.99e-02	2.26e-08
 6.33317e+17	9.23e-01	7.69e-02	2.44e-08
 6.33811e+17	9.26e-01	7.39e-02	2.63e-08
 6.34303e+17	9.29e-01	7.10e-02	2.85e-08
 6.34794e+17	9.32e-01	6.83e-02	3.08e-08
 6.35282e+17	9.34e-01	6.56e-02	3.33e-08
 6.35768e+17	9.37e-01	6.31e-02	3.60e-08
 6.36250e+17	9.39e-01	6.07e-02	3.89e-08
 6.36729e+17	9.42e-01	5.83e-02	4.21e-08
 6.37210e+17	9.44e-01	5.61e-02	4.56e-08
 6.37691e+17	9.46e-01	5.39e-02	4.94e-08
 6.38168e+17	9.48e-01	5.18e-02	5.35e-08
 6.38642e+17	9.50e-01	4.98e-02	5.79e-08
 6.39115e+17	9.52e-01	4.79e-02	6.26e-08
 6.39585e+17	9.54e-01	4.60e-02	6.77e-08
 6.40054e+17	9.56e-01	4.42e-02	7.32e-08
 6.40519e+17	9.57e-01	4.25e-02	7.88e-08
 6.40983e+17	9.59e-01	4.09e-02	8.47e-08
 6.41443e+17	9.61e-01	3.93e-02	9.09e-08
 6.41901e+17	9.62e-01	3.78e-02	9.72e-08
 6.42355e+17	9.64e-01	3.63e-02	1.04e-07
 6.42806e+17	9.65e-01	3.49e-02	1.10e-07
 6.43252e+17	9.66e-01	3.35e-02	1.17e-07
 6.43694e+17	9.68e-01	3.22e-02	1.23e-07
 6.44130e+17	9.69e-01	3.09e-02	1.29e-07
 6.44560e+17	9.70e-01	2.97e-02	1.34e-07
 6.44985e+17	9.71e-01	2.86e-02	1.39e-07
 6.45403e+17	9.73e-01	2.74e-02	1.43e-07
 6.45814e+17	9.74e-01	2.63e-02	1.46e-07
 6.46217e+17	9.75e-01	2.53e-02	1.48e-07
 6.46611e+17	9.76e-01	2.43e-02	1.49e-07
 6.46984e+17	9.77e-01	2.34e-02	1.50e-07
 6.47321e+17	9.77e-01	2.25e-02	1.50e-07
 6.47623e+17	9.78e-01	2.18e-02	1.51e-07
 6.47904e+17	9.79e-01	2.11e-02	1.51e-07
 6.48168e+17	9.80e-01	2.05e-02	1.51e-07
 6.48412e+17	9.80e-01	1.99e-02	1.51e-07
 6.48634e+17	9.81e-01	1.93e-02	1.52e-07
 6.48836e+17	9.81e-01	1.89e-02	1.53e-07
 6.49019e+17	9.82e-01	1.84e-02	1.53e-07
 6.49187e+17	9.82e-01	1.80e-02	1.54e-07
 6.49339e+17	9.82e-01	1.76e-02	1.55e-07
 6.49477e+17	9.83e-01	1.73e-02	1.57e-07
 6.49603e+17	9.83e-01	1.70e-02	1.58e-07
 6.49718e+17	9.83e-01	1.68e-02	1.59e-07
 6.49843e+17	9.84e-01	1.65e-02	1.60e-07
 6.49979e+17	9.84e-01	1.61e-02	1.62e-07
 6.50102e+17	9.84e-01	1.59e-02	1.64e-07
 6.50215e+17	9.84e-01	1.56e-02	1.65e-07
 6.50317e+17	9.85e-01	1.54e-02	1.67e-07
 6.50429e+17	9.85e-01	1.52e-02	1.69e-07
 6.50574e+17	9.85e-01	1.48e-02	1.72e-07
 6.50732e+17	9.86e-01	1.45e-02	1.75e-07
 6.50875e+17	9.86e-01	1.42e-02	1.77e-07
 6.51005e+17	9.86e-01	1.40e-02	1.80e-07
 6.51123e+17	9.86e-01	1.38e-02	1.82e-07
 6.51253e+17	9.86e-01	1.35e-02	1.84e-07
 6.51393e+17	9.87e-01	1.32e-02	1.88e-07
 6.51521e+17	9.87e-01	1.30e-02	1.91e-07
 6.51637e+17	9.87e-01	1.28e-02	1.94e-07
 6.51764e+17	9.87e-01	1.26e-02	1.97e-07
 6.51901e+17	9.88e-01	1.24e-02	2.01e-07
 6.52026e+17	9.88e-01	1.22e-02	2.04e-07
 6.52140e+17	9.88e-01	1.20e-02	2.07e-07
 6.52264e+17	9.88e-01	1.18e-02	2.10e-07
 6.52399e+17	9.88e-01	1.15e-02	2.15e-07
 6.52521e+17	9.89e-01	1.13e-02	2.20e-07
 6.52632e+17	9.89e-01	1.12e-02	2.23e-07
 6.52754e+17	9.89e-01	1.10e-02	2.27e-07
 6.52886e+17	9.89e-01	1.08e-02	2.33e-07
 6.53006e+17	9.89e-01	1.06e-02	2.37e-07
 6.53115e+17	9.90e-01	1.05e-02	2.41e-07
 6.53235e+17	9.90e-01	1.03e-02	2.45e-07
 6.53364e+17	9.90e-01	1.01e-02	2.51e-07
 6.53481e+17	9.90e-01	9.92e-03	2.56e-07
 6.53588e+17	9.90e-01	9.79e-03	2.60e-07
 6.53705e+17	9.90e-01	9.62e-03	2.65e-07
 6.53832e+17	9.91e-01	9.45e-03	2.70e-07
 6.53947e+17	9.91e-01	9.30e-03	2.75e-07
 6.54051e+17	9.91e-01	9.18e-03	2.79e-07
 6.54166e+17	9.91e-01	9.03e-03	2.84e-07
 6.54290e+17	9.91e-01	8.88e-03	2.90e-07
 6.54402e+17	9.91e-01	8.75e-03	2.95e-07
 6.54526e+17	9.91e-01	8.63e-03	2.98e-07
 6.54687e+17	9.92e-01	8.49e-03	2.98e-07
 6.54895e+17	9.92e-01	8.39e-03	2.98e-07
 6.55167e+17	9.92e-01	8.22e-03	2.98e-07
 6.55519e+17	9.92e-01	8.00e-03	2.97e-07
 6.55978e+17	9.92e-01	7.72e-03	2.97e-07
 6.56535e+17	9.93e-01	7.41e-03	2.96e-07
 6.57120e+17	9.93e-01	7.10e-03	2.96e-07
 6.57676e+17	9.93e-01	6.82e-03	2.96e-07
 6.58214e+17	9.93e-01	6.56e-03	2.95e-07
 6.58756e+17	9.94e-01	6.30e-03	2.95e-07
 6.59307e+17	9.94e-01	6.05e-03	2.95e-07
 6.59862e+17	9.94e-01	5.81e-03	2.94e-07
 6.60415e+17	9.94e-01	5.59e-03	2.94e-07
 6.60967e+17	9.95e-01	5.37e-03	2.94e-07
 6.61521e+17	9.95e-01	5.15e-03	2.94e-07
 6.62076e+17	9.95e-01	4.95e-03	2.93e-07
 6.62632e+17	9.95e-01	4.75e-03	2.93e-07
 6.63189e+17	9.95e-01	4.57e-03	2.93e-07
 6.63747e+17	9.96e-01	4.38e-03	2.93e-07
 6.64306e+17	9.96e-01	4.21e-03	2.92e-07
 6.64866e+17	9.96e-01	4.04e-03	2.92e-07
 6.65427e+17	9.96e-01	3.88e-03	2.92e-07
 6.65989e+17	9.96e-01	3.73e-03	2.92e-07
 6.66552e+17	9.96e-01	3.58e-03	2.92e-07
 6.67116e+17	9.97e-01	3.44e-03	2.92e-07
 6.67681e+17	9.97e-01	3.30e-03	2.92e-07
 6.68248e+17	9.97e-01	3.16e-03	2.91e-07
 6.68815e+17	9.97e-01	3.04e-03	2.91e-07
 6.69384e+17	9.97e-01	2.92e-03	2.91e-07
 6.69953e+17	9.97e-01	2.80e-03	2.91e-07
 6.70525e+17	9.97e-01	2.68e-03	2.91e-07
 6.71097e+17	9.97e-01	2.58e-03	2.91e-07
 6.71671e+17	9.98e-01	2.47e-03	2.91e-07
 6.72246e+17	9.98e-01	2.37e-03	2.91e-07
 6.72823e+17	9.98e-01	2.27e-03	2.91e-07
 6.73400e+17	9.98e-01	2.18e-03	2.91e-07
 6.73980e+17	9.98e-01	2.09e-03	2.91e-07
 6.74560e+17	9.98e-01	2.00e-03	2.91e-07
 6.75143e+17	9.98e-01	1.92e-03	2.91e-07
 6.75727e+17	9.98e-01	1.84e-03	2.90e-07
 6.76313e+17	9.98e-01	1.77e-03	2.90e-07
 6.76901e+17	9.98e-01	1.69e-03	2.90e-07
 6.77491e+17	9.98e-01	1.62e-03	2.90e-07
 6.78083e+17	9.98e-01	1.55e-03	2.90e-07
 6.78676e+17	9.99e-01	1.49e-03	2.90e-07
 6.79271e+17	9.99e-01	1.43e-03	2.90e-07
 6.79869e+17	9.99e-01	1.36e-03	2.90e-07
 6.80468e+17	9.99e-01	1.31e-03	2.91e-07
 6.81069e+17	9.99e-01	1.25e-03	2.91e-07
 6.81674e+17	9.99e-01	1.20e-03	2.91e-07
 6.82281e+17	9.99e-01	1.14e-03	2.91e-07
 6.82889e+17	9.99e-01	1.09e-03	2.91e-07
 6.83499e+17	9.99e-01	1.05e-03	2.91e-07
 6.84115e+17	9.99e-01	9.99e-04	2.91e-07
 6.84732e+17	9.99e-01	9.56e-04	2.91e-07
 6.85349e+17	9.99e-01	9.12e-04	2.91e-07
 6.85971e+17	9.99e-01	8.71e-04	2.91e-07
 6.86597e+17	9.99e-01	8.32e-04	2.91e-07
