#depth	H	H+	H2
 1.35011e+13	4.36e-05	1.00e+00	6.55e-17
 8.10066e+13	4.36e-05	1.00e+00	6.56e-17
 3.51029e+14	4.36e-05	1.00e+00	6.57e-17
 1.43112e+15	4.37e-05	1.00e+00	6.60e-17
 3.41848e+15	4.38e-05	1.00e+00	6.64e-17
 6.00205e+15	4.38e-05	1.00e+00	6.68e-17
 9.36069e+15	4.39e-05	1.00e+00	6.75e-17
 1.37269e+16	4.41e-05	1.00e+00	6.82e-17
 1.94030e+16	4.43e-05	1.00e+00	6.92e-17
 2.67820e+16	4.45e-05	1.00e+00	7.05e-17
 3.63746e+16	4.48e-05	1.00e+00	7.21e-17
 4.88450e+16	4.52e-05	1.00e+00	7.40e-17
 6.50565e+16	4.57e-05	1.00e+00	7.66e-17
 8.61315e+16	4.63e-05	1.00e+00	7.99e-17
 1.13529e+17	4.71e-05	1.00e+00	8.41e-17
 1.49146e+17	4.82e-05	1.00e+00	8.96e-17
 1.95447e+17	4.96e-05	1.00e+00	9.68e-17
 2.55640e+17	5.15e-05	1.00e+00	1.06e-16
 3.33890e+17	5.41e-05	1.00e+00	1.19e-16
 4.35615e+17	5.77e-05	1.00e+00	1.37e-16
 5.17767e+17	6.03e-05	1.00e+00	1.51e-16
 5.69543e+17	6.23e-05	1.00e+00	1.62e-16
 6.26498e+17	6.46e-05	1.00e+00	1.74e-16
 6.89148e+17	6.71e-05	1.00e+00	1.88e-16
 7.58062e+17	7.00e-05	1.00e+00	2.06e-16
 8.33869e+17	7.32e-05	1.00e+00	2.26e-16
 9.17255e+17	7.70e-05	1.00e+00	2.51e-16
 1.00898e+18	8.13e-05	1.00e+00	2.80e-16
 1.10988e+18	8.62e-05	1.00e+00	3.16e-16
 1.22087e+18	9.19e-05	1.00e+00	3.60e-16
 1.34295e+18	9.85e-05	1.00e+00	4.16e-16
 1.47725e+18	1.06e-04	1.00e+00	4.85e-16
 1.62497e+18	1.15e-04	1.00e+00	5.73e-16
 1.78747e+18	1.26e-04	1.00e+00	6.87e-16
 1.96622e+18	1.39e-04	1.00e+00	8.35e-16
 2.16104e+18	1.54e-04	1.00e+00	1.03e-15
 2.36749e+18	1.71e-04	1.00e+00	1.28e-15
 2.58219e+18	1.91e-04	1.00e+00	1.59e-15
 2.80547e+18	2.15e-04	1.00e+00	2.00e-15
 3.03769e+18	2.41e-04	1.00e+00	2.53e-15
 3.27920e+18	2.73e-04	1.00e+00	3.21e-15
 3.53037e+18	3.10e-04	1.00e+00	4.11e-15
 3.79158e+18	3.55e-04	1.00e+00	5.31e-15
 4.06325e+18	4.09e-04	1.00e+00	6.92e-15
 4.33827e+18	4.73e-04	1.00e+00	9.04e-15
 4.60522e+18	5.47e-04	9.99e-01	1.17e-14
 4.86146e+18	6.31e-04	9.99e-01	1.50e-14
 5.07775e+18	7.14e-04	9.99e-01	1.85e-14
 5.24614e+18	7.88e-04	9.99e-01	2.17e-14
 5.42538e+18	8.82e-04	9.99e-01	2.62e-14
 5.62381e+18	1.00e-03	9.99e-01	3.21e-14
 5.80353e+18	1.13e-03	9.99e-01	3.86e-14
 5.96164e+18	1.26e-03	9.99e-01	4.56e-14
 6.13531e+18	1.44e-03	9.99e-01	5.53e-14
 6.31602e+18	1.66e-03	9.98e-01	6.76e-14
 6.46304e+18	1.88e-03	9.98e-01	8.02e-14
 6.58688e+18	2.09e-03	9.98e-01	9.30e-14
 6.72343e+18	2.39e-03	9.98e-01	1.11e-13
 6.86744e+18	2.77e-03	9.97e-01	1.34e-13
 6.97728e+18	3.12e-03	9.97e-01	1.56e-13
 7.05539e+18	3.42e-03	9.97e-01	1.75e-13
 7.13616e+18	3.79e-03	9.96e-01	2.00e-13
 7.22662e+18	4.27e-03	9.96e-01	2.30e-13
 7.30912e+18	4.80e-03	9.95e-01	2.66e-13
 7.37945e+18	5.36e-03	9.95e-01	3.03e-13
 7.44345e+18	5.95e-03	9.94e-01	3.44e-13
 7.51553e+18	6.77e-03	9.93e-01	4.00e-13
 7.58927e+18	7.82e-03	9.92e-01	4.75e-13
 7.64650e+18	8.85e-03	9.91e-01	5.48e-13
 7.69235e+18	9.85e-03	9.90e-01	6.22e-13
 7.74205e+18	1.12e-02	9.89e-01	7.22e-13
 7.79539e+18	1.30e-02	9.87e-01	8.60e-13
 7.84037e+18	1.49e-02	9.85e-01	1.01e-12
 7.87724e+18	1.70e-02	9.83e-01	1.18e-12
 7.91147e+18	1.94e-02	9.81e-01	1.38e-12
 7.95079e+18	2.28e-02	9.77e-01	1.68e-12
 7.99098e+18	2.78e-02	9.72e-01	2.13e-12
 8.02175e+18	3.32e-02	9.67e-01	2.63e-12
 8.04536e+18	3.89e-02	9.61e-01	3.19e-12
 8.06421e+18	4.47e-02	9.55e-01	3.79e-12
 8.07903e+18	5.05e-02	9.50e-01	4.40e-12
 8.09463e+18	5.79e-02	9.42e-01	5.24e-12
 8.11086e+18	6.81e-02	9.32e-01	6.46e-12
 8.12363e+18	7.89e-02	9.21e-01	7.85e-12
 8.13328e+18	8.91e-02	9.11e-01	9.23e-12
 8.14185e+18	1.00e-01	9.00e-01	1.09e-11
 8.15167e+18	1.16e-01	8.84e-01	1.33e-11
 8.16171e+18	1.36e-01	8.64e-01	1.69e-11
 8.16940e+18	1.57e-01	8.43e-01	2.10e-11
 8.17523e+18	1.75e-01	8.25e-01	2.50e-11
 8.18126e+18	1.98e-01	8.02e-01	3.07e-11
 8.18774e+18	2.27e-01	7.73e-01	3.88e-11
 8.19330e+18	2.58e-01	7.42e-01	4.88e-11
 8.19792e+18	2.88e-01	7.12e-01	5.98e-11
 8.20216e+18	3.19e-01	6.81e-01	7.33e-11
 8.20624e+18	3.51e-01	6.49e-01	8.94e-11
 8.20986e+18	3.83e-01	6.17e-01	1.08e-10
 8.21287e+18	4.11e-01	5.89e-01	1.26e-10
 8.21547e+18	4.37e-01	5.63e-01	1.45e-10
 8.21795e+18	4.61e-01	5.39e-01	1.65e-10
 8.22033e+18	4.85e-01	5.15e-01	1.89e-10
 8.22258e+18	5.08e-01	4.92e-01	2.12e-10
 8.22469e+18	5.29e-01	4.71e-01	2.37e-10
 8.22630e+18	5.45e-01	4.55e-01	2.56e-10
 8.22739e+18	5.56e-01	4.44e-01	2.71e-10
 8.22845e+18	5.66e-01	4.34e-01	2.86e-10
 8.22972e+18	5.79e-01	4.21e-01	3.06e-10
 8.23110e+18	5.92e-01	4.08e-01	3.26e-10
 8.23244e+18	6.05e-01	3.95e-01	3.49e-10
 8.23372e+18	6.17e-01	3.83e-01	3.70e-10
 8.23499e+18	6.29e-01	3.71e-01	3.93e-10
 8.23630e+18	6.40e-01	3.60e-01	4.16e-10
 8.23765e+18	6.52e-01	3.48e-01	4.44e-10
 8.23899e+18	6.64e-01	3.36e-01	4.70e-10
 8.24032e+18	6.75e-01	3.25e-01	4.98e-10
 8.24168e+18	6.86e-01	3.14e-01	5.26e-10
 8.24307e+18	6.97e-01	3.03e-01	5.60e-10
 8.24446e+18	7.07e-01	2.93e-01	5.90e-10
 8.24586e+18	7.18e-01	2.82e-01	6.25e-10
 8.24729e+18	7.27e-01	2.73e-01	6.58e-10
 8.24875e+18	7.38e-01	2.62e-01	6.98e-10
 8.25022e+18	7.47e-01	2.53e-01	7.33e-10
 8.25172e+18	7.57e-01	2.43e-01	7.76e-10
 8.25325e+18	7.66e-01	2.34e-01	8.20e-10
 8.25478e+18	7.75e-01	2.25e-01	8.63e-10
 8.25632e+18	7.83e-01	2.17e-01	9.08e-10
 8.25792e+18	7.92e-01	2.08e-01	9.59e-10
 8.25954e+18	8.00e-01	2.00e-01	1.01e-09
 8.26118e+18	8.08e-01	1.92e-01	1.06e-09
 8.26284e+18	8.16e-01	1.84e-01	1.12e-09
 8.26453e+18	8.23e-01	1.77e-01	1.18e-09
 8.26624e+18	8.30e-01	1.70e-01	1.23e-09
 8.26795e+18	8.37e-01	1.63e-01	1.30e-09
 8.26969e+18	8.44e-01	1.56e-01	1.37e-09
 8.27147e+18	8.50e-01	1.50e-01	1.44e-09
 8.27327e+18	8.57e-01	1.43e-01	1.51e-09
 8.27504e+18	8.63e-01	1.37e-01	1.59e-09
 8.27679e+18	8.68e-01	1.32e-01	1.67e-09
 8.27856e+18	8.73e-01	1.27e-01	1.75e-09
 8.28035e+18	8.79e-01	1.21e-01	1.84e-09
 8.28215e+18	8.84e-01	1.16e-01	1.92e-09
 8.28393e+18	8.88e-01	1.12e-01	2.02e-09
 8.28570e+18	8.93e-01	1.07e-01	2.11e-09
 8.28747e+18	8.97e-01	1.03e-01	2.22e-09
 8.28926e+18	9.01e-01	9.89e-02	2.32e-09
 8.29104e+18	9.05e-01	9.48e-02	2.44e-09
 8.29281e+18	9.09e-01	9.11e-02	2.55e-09
 8.29458e+18	9.13e-01	8.74e-02	2.69e-09
 8.29635e+18	9.16e-01	8.41e-02	2.81e-09
 8.29811e+18	9.19e-01	8.07e-02	2.96e-09
 8.29986e+18	9.22e-01	7.76e-02	3.10e-09
 8.30161e+18	9.25e-01	7.46e-02	3.26e-09
 8.30337e+18	9.28e-01	7.16e-02	3.43e-09
 8.30513e+18	9.31e-01	6.88e-02	3.60e-09
 8.30687e+18	9.34e-01	6.61e-02	3.80e-09
 8.30860e+18	9.36e-01	6.35e-02	4.00e-09
 8.31033e+18	9.39e-01	6.11e-02	4.22e-09
 8.31206e+18	9.41e-01	5.87e-02	4.45e-09
 8.31378e+18	9.44e-01	5.64e-02	4.70e-09
 8.31550e+18	9.46e-01	5.42e-02	4.98e-09
 8.31721e+18	9.48e-01	5.21e-02	5.27e-09
 8.31891e+18	9.50e-01	5.01e-02	5.59e-09
 8.32061e+18	9.52e-01	4.82e-02	5.94e-09
 8.32231e+18	9.54e-01	4.63e-02	6.32e-09
 8.32400e+18	9.55e-01	4.45e-02	6.73e-09
 8.32568e+18	9.57e-01	4.28e-02	7.19e-09
 8.32736e+18	9.59e-01	4.12e-02	7.69e-09
 8.32904e+18	9.60e-01	3.96e-02	8.23e-09
 8.33070e+18	9.62e-01	3.81e-02	8.82e-09
 8.33235e+18	9.63e-01	3.66e-02	9.48e-09
 8.33400e+18	9.65e-01	3.52e-02	1.02e-08
 8.33566e+18	9.66e-01	3.39e-02	1.10e-08
 8.33731e+18	9.67e-01	3.26e-02	1.19e-08
 8.33894e+18	9.69e-01	3.13e-02	1.29e-08
 8.34056e+18	9.70e-01	3.01e-02	1.40e-08
 8.34219e+18	9.71e-01	2.90e-02	1.52e-08
 8.34381e+18	9.72e-01	2.78e-02	1.65e-08
 8.34542e+18	9.73e-01	2.68e-02	1.80e-08
 8.34703e+18	9.74e-01	2.57e-02	1.95e-08
 8.34862e+18	9.75e-01	2.48e-02	2.13e-08
 8.35021e+18	9.76e-01	2.38e-02	2.32e-08
 8.35179e+18	9.77e-01	2.29e-02	2.53e-08
 8.35336e+18	9.78e-01	2.20e-02	2.75e-08
 8.35492e+18	9.79e-01	2.11e-02	2.99e-08
 8.35647e+18	9.80e-01	2.03e-02	3.25e-08
 8.35801e+18	9.80e-01	1.95e-02	3.51e-08
 8.35954e+18	9.81e-01	1.88e-02	3.78e-08
 8.36106e+18	9.82e-01	1.80e-02	4.05e-08
 8.36257e+18	9.83e-01	1.73e-02	4.32e-08
 8.36409e+18	9.83e-01	1.66e-02	4.60e-08
 8.36553e+18	9.84e-01	1.59e-02	4.85e-08
 8.36691e+18	9.85e-01	1.53e-02	5.07e-08
 8.36829e+18	9.85e-01	1.47e-02	5.29e-08
 8.36962e+18	9.86e-01	1.42e-02	5.48e-08
 8.37082e+18	9.86e-01	1.37e-02	5.65e-08
 8.37191e+18	9.87e-01	1.32e-02	5.78e-08
 8.37293e+18	9.87e-01	1.28e-02	5.90e-08
 8.37390e+18	9.88e-01	1.24e-02	6.01e-08
 8.37479e+18	9.88e-01	1.21e-02	6.10e-08
 8.37564e+18	9.88e-01	1.17e-02	6.20e-08
 8.37644e+18	9.89e-01	1.14e-02	6.31e-08
 8.37718e+18	9.89e-01	1.11e-02	6.41e-08
 8.37787e+18	9.89e-01	1.08e-02	6.52e-08
 8.37853e+18	9.89e-01	1.06e-02	6.63e-08
 8.37915e+18	9.90e-01	1.03e-02	6.75e-08
 8.37971e+18	9.90e-01	1.01e-02	6.87e-08
 8.38022e+18	9.90e-01	9.90e-03	6.98e-08
 8.38068e+18	9.90e-01	9.73e-03	7.09e-08
 8.38110e+18	9.90e-01	9.57e-03	7.20e-08
 8.38149e+18	9.91e-01	9.42e-03	7.30e-08
 8.38184e+18	9.91e-01	9.29e-03	7.40e-08
 8.38222e+18	9.91e-01	9.15e-03	7.51e-08
 8.38263e+18	9.91e-01	8.98e-03	7.66e-08
 8.38301e+18	9.91e-01	8.84e-03	7.79e-08
 8.38335e+18	9.91e-01	8.73e-03	7.90e-08
 8.38373e+18	9.91e-01	8.59e-03	8.02e-08
 8.38413e+18	9.92e-01	8.43e-03	8.21e-08
 8.38450e+18	9.92e-01	8.31e-03	8.35e-08
 8.38484e+18	9.92e-01	8.19e-03	8.50e-08
 8.38514e+18	9.92e-01	8.09e-03	8.62e-08
 8.38548e+18	9.92e-01	7.99e-03	8.75e-08
 8.38591e+18	9.92e-01	7.83e-03	8.96e-08
 8.38638e+18	9.92e-01	7.69e-03	9.15e-08
 8.38681e+18	9.92e-01	7.56e-03	9.32e-08
 8.38720e+18	9.93e-01	7.45e-03	9.48e-08
 8.38755e+18	9.93e-01	7.35e-03	9.63e-08
 8.38794e+18	9.93e-01	7.24e-03	9.81e-08
 8.38836e+18	9.93e-01	7.11e-03	1.00e-07
 8.38874e+18	9.93e-01	7.01e-03	1.02e-07
 8.38916e+18	9.93e-01	6.90e-03	1.04e-07
 8.38961e+18	9.93e-01	6.77e-03	1.07e-07
 8.39002e+18	9.93e-01	6.66e-03	1.09e-07
 8.39039e+18	9.93e-01	6.57e-03	1.11e-07
 8.39080e+18	9.94e-01	6.46e-03	1.13e-07
 8.39124e+18	9.94e-01	6.34e-03	1.16e-07
 8.39164e+18	9.94e-01	6.23e-03	1.18e-07
 8.39201e+18	9.94e-01	6.15e-03	1.21e-07
 8.39234e+18	9.94e-01	6.06e-03	1.23e-07
 8.39271e+18	9.94e-01	5.98e-03	1.25e-07
 8.39310e+18	9.94e-01	5.87e-03	1.28e-07
 8.39346e+18	9.94e-01	5.80e-03	1.30e-07
 8.39385e+18	9.94e-01	5.71e-03	1.33e-07
 8.39427e+18	9.94e-01	5.61e-03	1.36e-07
 8.39466e+18	9.94e-01	5.52e-03	1.39e-07
 8.39501e+18	9.95e-01	5.44e-03	1.42e-07
 8.39539e+18	9.95e-01	5.36e-03	1.44e-07
 8.39589e+18	9.95e-01	5.25e-03	1.49e-07
 8.39643e+18	9.95e-01	5.13e-03	1.53e-07
 8.39692e+18	9.95e-01	5.03e-03	1.57e-07
 8.39737e+18	9.95e-01	4.94e-03	1.60e-07
 8.39778e+18	9.95e-01	4.86e-03	1.63e-07
 8.39815e+18	9.95e-01	4.80e-03	1.65e-07
 8.39855e+18	9.95e-01	4.78e-03	1.65e-07
 8.39908e+18	9.95e-01	4.71e-03	1.65e-07
 8.39976e+18	9.95e-01	4.67e-03	1.65e-07
 8.40066e+18	9.95e-01	4.59e-03	1.65e-07
 8.40181e+18	9.96e-01	4.48e-03	1.65e-07
 8.40332e+18	9.96e-01	4.33e-03	1.65e-07
 8.40519e+18	9.96e-01	4.14e-03	1.65e-07
 8.40715e+18	9.96e-01	3.93e-03	1.64e-07
 8.40890e+18	9.96e-01	3.78e-03	1.64e-07
 8.41055e+18	9.96e-01	3.66e-03	1.64e-07
 8.41239e+18	9.96e-01	3.53e-03	1.64e-07
 8.41447e+18	9.97e-01	3.38e-03	1.64e-07
 8.41653e+18	9.97e-01	3.23e-03	1.64e-07
 8.41842e+18	9.97e-01	3.12e-03	1.64e-07
 8.42028e+18	9.97e-01	3.02e-03	1.63e-07
 8.42232e+18	9.97e-01	2.91e-03	1.63e-07
 8.42447e+18	9.97e-01	2.79e-03	1.63e-07
 8.42655e+18	9.97e-01	2.68e-03	1.63e-07
 8.42852e+18	9.97e-01	2.59e-03	1.63e-07
 8.43052e+18	9.98e-01	2.50e-03	1.63e-07
 8.43265e+18	9.98e-01	2.40e-03	1.63e-07
 8.43481e+18	9.98e-01	2.31e-03	1.63e-07
 8.43690e+18	9.98e-01	2.22e-03	1.63e-07
 8.43894e+18	9.98e-01	2.14e-03	1.63e-07
 8.44103e+18	9.98e-01	2.06e-03	1.63e-07
 8.44320e+18	9.98e-01	1.98e-03	1.63e-07
 8.44536e+18	9.98e-01	1.91e-03	1.62e-07
 8.44747e+18	9.98e-01	1.84e-03	1.62e-07
 8.44958e+18	9.98e-01	1.77e-03	1.62e-07
 8.45174e+18	9.98e-01	1.71e-03	1.62e-07
 8.45393e+18	9.98e-01	1.64e-03	1.62e-07
 8.45611e+18	9.98e-01	1.58e-03	1.62e-07
 8.45826e+18	9.98e-01	1.52e-03	1.62e-07
 8.46044e+18	9.99e-01	1.46e-03	1.62e-07
 8.46264e+18	9.99e-01	1.41e-03	1.62e-07
 8.46484e+18	9.99e-01	1.35e-03	1.62e-07
 8.46704e+18	9.99e-01	1.30e-03	1.62e-07
 8.46928e+18	9.99e-01	1.25e-03	1.62e-07
 8.47153e+18	9.99e-01	1.20e-03	1.63e-07
 8.47374e+18	9.99e-01	1.16e-03	1.63e-07
 8.47597e+18	9.99e-01	1.12e-03	1.63e-07
 8.47824e+18	9.99e-01	1.07e-03	1.63e-07
 8.48051e+18	9.99e-01	1.03e-03	1.63e-07
 8.48280e+18	9.99e-01	9.92e-04	1.63e-07
 8.48511e+18	9.99e-01	9.53e-04	1.63e-07
 8.48745e+18	9.99e-01	9.14e-04	1.63e-07
 8.48975e+18	9.99e-01	8.77e-04	1.63e-07
 8.49206e+18	9.99e-01	8.43e-04	1.63e-07
 8.49442e+18	9.99e-01	8.08e-04	1.63e-07
 8.49681e+18	9.99e-01	7.75e-04	1.63e-07
 8.49921e+18	9.99e-01	7.43e-04	1.63e-07
 8.50158e+18	9.99e-01	7.13e-04	1.63e-07
 8.50396e+18	9.99e-01	6.83e-04	1.63e-07
