#depth	H	H+	H2
 9.53295e+12	1.22e-03	9.99e-01	3.47e-14
 5.71977e+13	1.22e-03	9.99e-01	3.47e-14
 2.47857e+14	1.22e-03	9.99e-01	3.48e-14
 1.01049e+15	1.22e-03	9.99e-01	3.48e-14
 2.41374e+15	1.22e-03	9.99e-01	3.49e-14
 4.23797e+15	1.22e-03	9.99e-01	3.49e-14
 6.60946e+15	1.22e-03	9.99e-01	3.51e-14
 9.69240e+15	1.22e-03	9.99e-01	3.53e-14
 1.37002e+16	1.22e-03	9.99e-01	3.56e-14
 1.89104e+16	1.22e-03	9.99e-01	3.59e-14
 2.56836e+16	1.22e-03	9.99e-01	3.64e-14
 3.44888e+16	1.23e-03	9.99e-01	3.70e-14
 4.59355e+16	1.23e-03	9.99e-01	3.78e-14
 6.08163e+16	1.24e-03	9.99e-01	3.89e-14
 8.01613e+16	1.26e-03	9.99e-01	4.04e-14
 1.05310e+17	1.28e-03	9.99e-01	4.25e-14
 1.38003e+17	1.31e-03	9.99e-01	4.54e-14
 1.80504e+17	1.35e-03	9.99e-01	4.95e-14
 2.35755e+17	1.42e-03	9.99e-01	5.54e-14
 3.07582e+17	1.51e-03	9.98e-01	6.42e-14
 3.65588e+17	1.57e-03	9.98e-01	7.09e-14
 4.02147e+17	1.63e-03	9.98e-01	7.64e-14
 4.42362e+17	1.70e-03	9.98e-01	8.30e-14
 4.86598e+17	1.78e-03	9.98e-01	9.09e-14
 5.35258e+17	1.88e-03	9.98e-01	1.01e-13
 5.83067e+17	1.98e-03	9.98e-01	1.11e-13
 6.22582e+17	2.07e-03	9.98e-01	1.20e-13
 6.53516e+17	2.15e-03	9.98e-01	1.28e-13
 6.79641e+17	2.21e-03	9.98e-01	1.34e-13
 7.03664e+17	2.28e-03	9.98e-01	1.41e-13
 7.25738e+17	2.35e-03	9.98e-01	1.47e-13
 7.45158e+17	2.40e-03	9.98e-01	1.53e-13
 7.61956e+17	2.45e-03	9.98e-01	1.58e-13
 7.76735e+17	2.50e-03	9.98e-01	1.64e-13
 7.90041e+17	2.54e-03	9.97e-01	1.68e-13
 8.02256e+17	2.58e-03	9.97e-01	1.72e-13
 8.13565e+17	2.61e-03	9.97e-01	1.76e-13
 8.24130e+17	2.64e-03	9.97e-01	1.80e-13
 8.34050e+17	2.67e-03	9.97e-01	1.84e-13
 8.43475e+17	2.70e-03	9.97e-01	1.89e-13
 8.54131e+17	2.73e-03	9.97e-01	1.94e-13
 8.65809e+17	2.76e-03	9.97e-01	2.00e-13
 8.76901e+17	2.79e-03	9.97e-01	2.06e-13
 8.89403e+17	2.84e-03	9.97e-01	2.13e-13
 9.05655e+17	2.90e-03	9.97e-01	2.23e-13
 9.26783e+17	3.00e-03	9.97e-01	2.35e-13
 9.54250e+17	3.15e-03	9.97e-01	2.53e-13
 9.89957e+17	3.35e-03	9.97e-01	2.75e-13
 1.03638e+18	3.65e-03	9.96e-01	3.09e-13
 1.09672e+18	4.12e-03	9.96e-01	3.61e-13
 1.17517e+18	4.89e-03	9.95e-01	4.46e-13
 1.25514e+18	5.97e-03	9.94e-01	5.61e-13
 1.32232e+18	7.26e-03	9.93e-01	6.96e-13
 1.38230e+18	8.90e-03	9.91e-01	8.66e-13
 1.43553e+18	1.10e-02	9.89e-01	1.08e-12
 1.48110e+18	1.36e-02	9.86e-01	1.35e-12
 1.51917e+18	1.68e-02	9.83e-01	1.67e-12
 1.55114e+18	2.06e-02	9.79e-01	2.06e-12
 1.57852e+18	2.54e-02	9.75e-01	2.56e-12
 1.60226e+18	3.13e-02	9.69e-01	3.20e-12
 1.62277e+18	3.87e-02	9.61e-01	4.03e-12
 1.63824e+18	4.67e-02	9.53e-01	4.97e-12
 1.64859e+18	5.37e-02	9.46e-01	5.85e-12
 1.65728e+18	6.12e-02	9.39e-01	6.84e-12
 1.66726e+18	7.20e-02	9.28e-01	8.39e-12
 1.67768e+18	8.72e-02	9.13e-01	1.08e-11
 1.68584e+18	1.03e-01	8.97e-01	1.36e-11
 1.69198e+18	1.19e-01	8.81e-01	1.67e-11
 1.69742e+18	1.37e-01	8.63e-01	2.05e-11
 1.70361e+18	1.61e-01	8.39e-01	2.67e-11
 1.71000e+18	1.94e-01	8.06e-01	3.67e-11
 1.71564e+18	2.33e-01	7.67e-01	5.11e-11
 1.72059e+18	2.75e-01	7.25e-01	7.12e-11
 1.72430e+18	3.14e-01	6.86e-01	9.41e-11
 1.72688e+18	3.44e-01	6.56e-01	1.16e-10
 1.72889e+18	3.70e-01	6.30e-01	1.38e-10
 1.73075e+18	3.95e-01	6.05e-01	1.62e-10
 1.73257e+18	4.22e-01	5.78e-01	1.93e-10
 1.73427e+18	4.47e-01	5.53e-01	2.25e-10
 1.73574e+18	4.70e-01	5.30e-01	2.61e-10
 1.73705e+18	4.91e-01	5.09e-01	2.95e-10
 1.73828e+18	5.12e-01	4.88e-01	3.35e-10
 1.73946e+18	5.31e-01	4.69e-01	3.76e-10
 1.74044e+18	5.47e-01	4.53e-01	4.17e-10
 1.74114e+18	5.59e-01	4.41e-01	4.47e-10
 1.74179e+18	5.70e-01	4.30e-01	4.78e-10
 1.74251e+18	5.83e-01	4.17e-01	5.18e-10
 1.74327e+18	5.96e-01	4.04e-01	5.61e-10
 1.74401e+18	6.08e-01	3.92e-01	6.06e-10
 1.74472e+18	6.20e-01	3.80e-01	6.53e-10
 1.74544e+18	6.33e-01	3.67e-01	7.08e-10
 1.74615e+18	6.44e-01	3.56e-01	7.61e-10
 1.74685e+18	6.56e-01	3.44e-01	8.25e-10
 1.74755e+18	6.67e-01	3.33e-01	8.84e-10
 1.74825e+18	6.79e-01	3.21e-01	9.58e-10
 1.74895e+18	6.90e-01	3.10e-01	1.04e-09
 1.74963e+18	7.01e-01	2.99e-01	1.11e-09
 1.75030e+18	7.12e-01	2.88e-01	1.20e-09
 1.75099e+18	7.22e-01	2.78e-01	1.30e-09
 1.75167e+18	7.32e-01	2.68e-01	1.39e-09
 1.75234e+18	7.43e-01	2.57e-01	1.51e-09
 1.75301e+18	7.52e-01	2.48e-01	1.61e-09
 1.75367e+18	7.61e-01	2.39e-01	1.74e-09
 1.75434e+18	7.71e-01	2.29e-01	1.88e-09
 1.75500e+18	7.80e-01	2.20e-01	2.02e-09
 1.75565e+18	7.88e-01	2.12e-01	2.18e-09
 1.75629e+18	7.96e-01	2.04e-01	2.34e-09
 1.75693e+18	8.04e-01	1.96e-01	2.52e-09
 1.75755e+18	8.12e-01	1.88e-01	2.70e-09
 1.75817e+18	8.19e-01	1.81e-01	2.91e-09
 1.75879e+18	8.26e-01	1.74e-01	3.11e-09
 1.75939e+18	8.33e-01	1.67e-01	3.35e-09
 1.75999e+18	8.39e-01	1.61e-01	3.58e-09
 1.76059e+18	8.46e-01	1.54e-01	3.86e-09
 1.76117e+18	8.52e-01	1.48e-01	4.12e-09
 1.76176e+18	8.58e-01	1.42e-01	4.44e-09
 1.76234e+18	8.63e-01	1.37e-01	4.73e-09
 1.76291e+18	8.68e-01	1.32e-01	5.09e-09
 1.76347e+18	8.73e-01	1.27e-01	5.46e-09
 1.76404e+18	8.78e-01	1.22e-01	5.87e-09
 1.76460e+18	8.83e-01	1.17e-01	6.28e-09
 1.76516e+18	8.88e-01	1.12e-01	6.76e-09
 1.76571e+18	8.92e-01	1.08e-01	7.22e-09
 1.76626e+18	8.96e-01	1.04e-01	7.79e-09
 1.76681e+18	9.00e-01	9.99e-02	8.31e-09
 1.76735e+18	9.04e-01	9.60e-02	8.96e-09
 1.76789e+18	9.08e-01	9.23e-02	9.61e-09
 1.76842e+18	9.11e-01	8.87e-02	1.03e-08
 1.76896e+18	9.15e-01	8.53e-02	1.11e-08
 1.76949e+18	9.18e-01	8.19e-02	1.20e-08
 1.77002e+18	9.21e-01	7.88e-02	1.29e-08
 1.77055e+18	9.24e-01	7.57e-02	1.38e-08
 1.77107e+18	9.27e-01	7.28e-02	1.49e-08
 1.77159e+18	9.30e-01	6.99e-02	1.60e-08
 1.77211e+18	9.33e-01	6.72e-02	1.73e-08
 1.77263e+18	9.35e-01	6.46e-02	1.86e-08
 1.77314e+18	9.38e-01	6.21e-02	2.01e-08
 1.77366e+18	9.40e-01	5.97e-02	2.16e-08
 1.77416e+18	9.43e-01	5.74e-02	2.32e-08
 1.77466e+18	9.45e-01	5.52e-02	2.50e-08
 1.77517e+18	9.47e-01	5.31e-02	2.70e-08
 1.77567e+18	9.49e-01	5.10e-02	2.91e-08
 1.77617e+18	9.51e-01	4.90e-02	3.13e-08
 1.77667e+18	9.53e-01	4.71e-02	3.37e-08
 1.77716e+18	9.55e-01	4.53e-02	3.63e-08
 1.77766e+18	9.56e-01	4.36e-02	3.90e-08
 1.77814e+18	9.58e-01	4.19e-02	4.18e-08
 1.77863e+18	9.60e-01	4.02e-02	4.47e-08
 1.77911e+18	9.61e-01	3.86e-02	4.78e-08
 1.77959e+18	9.63e-01	3.72e-02	5.07e-08
 1.78007e+18	9.64e-01	3.57e-02	5.37e-08
 1.78054e+18	9.66e-01	3.43e-02	5.68e-08
 1.78101e+18	9.67e-01	3.30e-02	5.98e-08
 1.78147e+18	9.68e-01	3.17e-02	6.26e-08
 1.78193e+18	9.70e-01	3.05e-02	6.53e-08
 1.78238e+18	9.71e-01	2.93e-02	6.78e-08
 1.78282e+18	9.72e-01	2.81e-02	7.00e-08
 1.78326e+18	9.73e-01	2.70e-02	7.19e-08
 1.78369e+18	9.74e-01	2.59e-02	7.35e-08
 1.78411e+18	9.75e-01	2.49e-02	7.49e-08
 1.78453e+18	9.76e-01	2.39e-02	7.56e-08
 1.78493e+18	9.77e-01	2.30e-02	7.62e-08
 1.78530e+18	9.78e-01	2.21e-02	7.66e-08
 1.78563e+18	9.79e-01	2.14e-02	7.70e-08
 1.78594e+18	9.79e-01	2.07e-02	7.72e-08
 1.78623e+18	9.80e-01	2.01e-02	7.76e-08
 1.78650e+18	9.81e-01	1.94e-02	7.80e-08
 1.78675e+18	9.81e-01	1.89e-02	7.85e-08
 1.78698e+18	9.82e-01	1.84e-02	7.92e-08
 1.78718e+18	9.82e-01	1.79e-02	7.98e-08
 1.78737e+18	9.83e-01	1.75e-02	8.06e-08
 1.78754e+18	9.83e-01	1.71e-02	8.14e-08
 1.78770e+18	9.83e-01	1.68e-02	8.22e-08
 1.78784e+18	9.84e-01	1.65e-02	8.30e-08
 1.78797e+18	9.84e-01	1.62e-02	8.38e-08
 1.78809e+18	9.84e-01	1.60e-02	8.45e-08
 1.78822e+18	9.84e-01	1.57e-02	8.57e-08
 1.78836e+18	9.85e-01	1.54e-02	8.65e-08
 1.78851e+18	9.85e-01	1.50e-02	8.82e-08
 1.78867e+18	9.85e-01	1.47e-02	8.99e-08
 1.78882e+18	9.86e-01	1.44e-02	9.14e-08
 1.78896e+18	9.86e-01	1.41e-02	9.31e-08
 1.78908e+18	9.86e-01	1.39e-02	9.45e-08
 1.78920e+18	9.86e-01	1.37e-02	9.56e-08
 1.78932e+18	9.87e-01	1.35e-02	9.71e-08
 1.78945e+18	9.87e-01	1.33e-02	9.86e-08
 1.78958e+18	9.87e-01	1.31e-02	9.98e-08
 1.78971e+18	9.87e-01	1.28e-02	1.02e-07
 1.78985e+18	9.87e-01	1.26e-02	1.04e-07
 1.78998e+18	9.88e-01	1.24e-02	1.06e-07
 1.79010e+18	9.88e-01	1.22e-02	1.07e-07
 1.79023e+18	9.88e-01	1.20e-02	1.09e-07
 1.79037e+18	9.88e-01	1.17e-02	1.12e-07
 1.79050e+18	9.88e-01	1.16e-02	1.14e-07
 1.79062e+18	9.89e-01	1.14e-02	1.15e-07
 1.79075e+18	9.89e-01	1.12e-02	1.18e-07
 1.79088e+18	9.89e-01	1.10e-02	1.20e-07
 1.79101e+18	9.89e-01	1.08e-02	1.22e-07
 1.79115e+18	9.89e-01	1.06e-02	1.26e-07
 1.79129e+18	9.90e-01	1.04e-02	1.29e-07
 1.79143e+18	9.90e-01	1.02e-02	1.31e-07
 1.79155e+18	9.90e-01	1.00e-02	1.34e-07
 1.79166e+18	9.90e-01	9.88e-03	1.36e-07
 1.79179e+18	9.90e-01	9.73e-03	1.39e-07
 1.79195e+18	9.91e-01	9.50e-03	1.43e-07
 1.79212e+18	9.91e-01	9.29e-03	1.47e-07
 1.79228e+18	9.91e-01	9.10e-03	1.51e-07
 1.79242e+18	9.91e-01	8.93e-03	1.55e-07
 1.79255e+18	9.91e-01	8.78e-03	1.58e-07
 1.79267e+18	9.91e-01	8.65e-03	1.60e-07
 1.79280e+18	9.91e-01	8.50e-03	1.63e-07
 1.79293e+18	9.92e-01	8.33e-03	1.68e-07
 1.79306e+18	9.92e-01	8.20e-03	1.70e-07
 1.79320e+18	9.92e-01	8.11e-03	1.70e-07
 1.79338e+18	9.92e-01	8.02e-03	1.70e-07
 1.79362e+18	9.92e-01	7.88e-03	1.70e-07
 1.79392e+18	9.92e-01	7.71e-03	1.70e-07
 1.79432e+18	9.93e-01	7.48e-03	1.70e-07
 1.79484e+18	9.93e-01	7.20e-03	1.70e-07
 1.79544e+18	9.93e-01	6.90e-03	1.69e-07
 1.79603e+18	9.93e-01	6.62e-03	1.69e-07
 1.79660e+18	9.94e-01	6.36e-03	1.69e-07
 1.79715e+18	9.94e-01	6.12e-03	1.69e-07
 1.79772e+18	9.94e-01	5.88e-03	1.69e-07
 1.79829e+18	9.94e-01	5.64e-03	1.69e-07
 1.79886e+18	9.95e-01	5.42e-03	1.69e-07
 1.79943e+18	9.95e-01	5.21e-03	1.68e-07
 1.80000e+18	9.95e-01	5.00e-03	1.68e-07
 1.80057e+18	9.95e-01	4.80e-03	1.68e-07
 1.80114e+18	9.95e-01	4.61e-03	1.68e-07
 1.80172e+18	9.96e-01	4.43e-03	1.68e-07
 1.80229e+18	9.96e-01	4.25e-03	1.68e-07
 1.80287e+18	9.96e-01	4.08e-03	1.68e-07
 1.80344e+18	9.96e-01	3.92e-03	1.68e-07
 1.80402e+18	9.96e-01	3.77e-03	1.68e-07
 1.80460e+18	9.96e-01	3.62e-03	1.68e-07
 1.80518e+18	9.97e-01	3.47e-03	1.68e-07
 1.80576e+18	9.97e-01	3.33e-03	1.67e-07
 1.80634e+18	9.97e-01	3.20e-03	1.67e-07
 1.80692e+18	9.97e-01	3.07e-03	1.67e-07
 1.80750e+18	9.97e-01	2.95e-03	1.67e-07
 1.80809e+18	9.97e-01	2.83e-03	1.67e-07
 1.80867e+18	9.97e-01	2.71e-03	1.67e-07
 1.80926e+18	9.97e-01	2.60e-03	1.67e-07
 1.80985e+18	9.98e-01	2.50e-03	1.67e-07
 1.81044e+18	9.98e-01	2.39e-03	1.67e-07
 1.81103e+18	9.98e-01	2.30e-03	1.67e-07
 1.81162e+18	9.98e-01	2.20e-03	1.67e-07
 1.81222e+18	9.98e-01	2.11e-03	1.67e-07
 1.81281e+18	9.98e-01	2.03e-03	1.67e-07
 1.81341e+18	9.98e-01	1.94e-03	1.67e-07
 1.81401e+18	9.98e-01	1.86e-03	1.67e-07
 1.81461e+18	9.98e-01	1.78e-03	1.67e-07
 1.81521e+18	9.98e-01	1.71e-03	1.67e-07
 1.81582e+18	9.98e-01	1.64e-03	1.67e-07
 1.81643e+18	9.98e-01	1.57e-03	1.67e-07
 1.81704e+18	9.98e-01	1.50e-03	1.67e-07
 1.81765e+18	9.99e-01	1.44e-03	1.67e-07
 1.81827e+18	9.99e-01	1.38e-03	1.67e-07
 1.81888e+18	9.99e-01	1.32e-03	1.67e-07
 1.81950e+18	9.99e-01	1.26e-03	1.67e-07
 1.82013e+18	9.99e-01	1.21e-03	1.67e-07
 1.82075e+18	9.99e-01	1.16e-03	1.67e-07
 1.82138e+18	9.99e-01	1.11e-03	1.67e-07
 1.82202e+18	9.99e-01	1.06e-03	1.67e-07
 1.82265e+18	9.99e-01	1.01e-03	1.67e-07
 1.82329e+18	9.99e-01	9.66e-04	1.67e-07
 1.82394e+18	9.99e-01	9.25e-04	1.67e-07
 1.82458e+18	9.99e-01	8.82e-04	1.67e-07
 1.82523e+18	9.99e-01	8.43e-04	1.67e-07
