#depth	H	H+	H2
 2.41232e+12	3.45e-02	9.65e-01	2.69e-11
 1.44739e+13	3.45e-02	9.66e-01	2.69e-11
 6.27202e+13	3.45e-02	9.66e-01	2.69e-11
 2.55706e+14	3.45e-02	9.66e-01	2.70e-11
 6.10799e+14	3.43e-02	9.66e-01	2.70e-11
 1.07242e+15	3.42e-02	9.66e-01	2.72e-11
 1.67253e+15	3.41e-02	9.66e-01	2.74e-11
 2.45267e+15	3.40e-02	9.66e-01	2.77e-11
 3.46685e+15	3.39e-02	9.66e-01	2.81e-11
 4.78528e+15	3.40e-02	9.66e-01	2.87e-11
 6.49925e+15	3.41e-02	9.66e-01	2.94e-11
 8.72741e+15	3.43e-02	9.66e-01	3.04e-11
 1.16240e+16	3.48e-02	9.65e-01	3.17e-11
 1.53896e+16	3.56e-02	9.64e-01	3.37e-11
 2.02849e+16	3.70e-02	9.63e-01	3.64e-11
 2.66487e+16	3.95e-02	9.61e-01	4.07e-11
 3.49217e+16	4.36e-02	9.56e-01	4.76e-11
 4.50227e+16	5.06e-02	9.49e-01	5.88e-11
 5.51185e+16	6.09e-02	9.39e-01	7.51e-11
 6.32238e+16	7.37e-02	9.26e-01	9.52e-11
 6.91254e+16	8.72e-02	9.13e-01	1.17e-10
 7.36088e+16	1.01e-01	8.99e-01	1.41e-10
 7.75201e+16	1.17e-01	8.83e-01	1.70e-10
 8.12655e+16	1.36e-01	8.64e-01	2.09e-10
 8.48030e+16	1.59e-01	8.41e-01	2.61e-10
 8.79528e+16	1.86e-01	8.14e-01	3.28e-10
 9.07203e+16	2.16e-01	7.84e-01	4.12e-10
 9.32444e+16	2.50e-01	7.50e-01	5.24e-10
 9.55561e+16	2.87e-01	7.13e-01	6.69e-10
 9.74812e+16	3.23e-01	6.77e-01	8.30e-10
 9.89306e+16	3.55e-01	6.45e-01	1.00e-09
 1.00063e+17	3.81e-01	6.19e-01	1.17e-09
 1.01068e+17	4.05e-01	5.95e-01	1.35e-09
 1.02030e+17	4.30e-01	5.70e-01	1.55e-09
 1.02941e+17	4.54e-01	5.46e-01	1.77e-09
 1.03775e+17	4.77e-01	5.23e-01	2.03e-09
 1.04547e+17	4.99e-01	5.01e-01	2.29e-09
 1.05272e+17	5.19e-01	4.81e-01	2.57e-09
 1.05945e+17	5.39e-01	4.61e-01	2.87e-09
 1.06490e+17	5.54e-01	4.46e-01	3.13e-09
 1.06897e+17	5.65e-01	4.35e-01	3.36e-09
 1.07287e+17	5.76e-01	4.24e-01	3.58e-09
 1.07721e+17	5.89e-01	4.11e-01	3.88e-09
 1.08177e+17	6.02e-01	3.98e-01	4.19e-09
 1.08618e+17	6.14e-01	3.86e-01	4.52e-09
 1.09050e+17	6.26e-01	3.74e-01	4.87e-09
 1.09483e+17	6.38e-01	3.62e-01	5.27e-09
 1.09914e+17	6.50e-01	3.50e-01	5.69e-09
 1.10344e+17	6.61e-01	3.39e-01	6.15e-09
 1.10775e+17	6.73e-01	3.27e-01	6.64e-09
 1.11207e+17	6.84e-01	3.16e-01	7.18e-09
 1.11639e+17	6.95e-01	3.05e-01	7.78e-09
 1.12069e+17	7.06e-01	2.94e-01	8.42e-09
 1.12499e+17	7.16e-01	2.84e-01	9.12e-09
 1.12931e+17	7.27e-01	2.73e-01	9.88e-09
 1.13363e+17	7.37e-01	2.63e-01	1.07e-08
 1.13797e+17	7.46e-01	2.54e-01	1.16e-08
 1.14230e+17	7.56e-01	2.44e-01	1.26e-08
 1.14664e+17	7.65e-01	2.35e-01	1.37e-08
 1.15099e+17	7.74e-01	2.26e-01	1.49e-08
 1.15533e+17	7.83e-01	2.17e-01	1.62e-08
 1.15965e+17	7.92e-01	2.08e-01	1.77e-08
 1.16391e+17	8.00e-01	2.00e-01	1.92e-08
 1.16814e+17	8.07e-01	1.93e-01	2.09e-08
 1.17234e+17	8.15e-01	1.85e-01	2.27e-08
 1.17652e+17	8.22e-01	1.78e-01	2.47e-08
 1.18067e+17	8.29e-01	1.71e-01	2.69e-08
 1.18480e+17	8.36e-01	1.64e-01	2.93e-08
 1.18891e+17	8.42e-01	1.58e-01	3.19e-08
 1.19300e+17	8.48e-01	1.52e-01	3.47e-08
 1.19708e+17	8.54e-01	1.46e-01	3.78e-08
 1.20114e+17	8.59e-01	1.41e-01	4.12e-08
 1.20519e+17	8.65e-01	1.35e-01	4.49e-08
 1.20922e+17	8.70e-01	1.30e-01	4.90e-08
 1.21325e+17	8.75e-01	1.25e-01	5.35e-08
 1.21727e+17	8.80e-01	1.20e-01	5.85e-08
 1.22127e+17	8.85e-01	1.15e-01	6.39e-08
 1.22527e+17	8.89e-01	1.11e-01	6.99e-08
 1.22926e+17	8.93e-01	1.07e-01	7.65e-08
 1.23325e+17	8.97e-01	1.03e-01	8.39e-08
 1.23723e+17	9.01e-01	9.86e-02	9.19e-08
 1.24121e+17	9.05e-01	9.48e-02	1.01e-07
 1.24520e+17	9.09e-01	9.11e-02	1.11e-07
 1.24919e+17	9.12e-01	8.76e-02	1.22e-07
 1.25317e+17	9.16e-01	8.43e-02	1.33e-07
 1.25711e+17	9.19e-01	8.10e-02	1.46e-07
 1.26104e+17	9.22e-01	7.80e-02	1.61e-07
 1.26501e+17	9.25e-01	7.49e-02	1.77e-07
 1.26899e+17	9.28e-01	7.20e-02	1.96e-07
 1.27296e+17	9.31e-01	6.93e-02	2.16e-07
 1.27691e+17	9.33e-01	6.66e-02	2.38e-07
 1.28087e+17	9.36e-01	6.40e-02	2.63e-07
 1.28482e+17	9.38e-01	6.16e-02	2.90e-07
 1.28876e+17	9.41e-01	5.92e-02	3.20e-07
 1.29271e+17	9.43e-01	5.69e-02	3.53e-07
 1.29665e+17	9.45e-01	5.47e-02	3.89e-07
 1.30057e+17	9.47e-01	5.26e-02	4.28e-07
 1.30449e+17	9.49e-01	5.06e-02	4.70e-07
 1.30839e+17	9.51e-01	4.86e-02	5.15e-07
 1.31228e+17	9.53e-01	4.67e-02	5.64e-07
 1.31617e+17	9.55e-01	4.48e-02	6.14e-07
 1.32005e+17	9.57e-01	4.31e-02	6.64e-07
 1.32385e+17	9.59e-01	4.14e-02	7.14e-07
 1.32761e+17	9.60e-01	3.98e-02	7.62e-07
 1.33134e+17	9.62e-01	3.83e-02	8.06e-07
 1.33505e+17	9.63e-01	3.68e-02	8.46e-07
 1.33869e+17	9.65e-01	3.53e-02	8.77e-07
 1.34227e+17	9.66e-01	3.39e-02	8.98e-07
 1.34575e+17	9.67e-01	3.26e-02	9.11e-07
 1.34899e+17	9.69e-01	3.14e-02	9.17e-07
 1.35188e+17	9.70e-01	3.03e-02	9.18e-07
 1.35446e+17	9.71e-01	2.94e-02	9.16e-07
 1.35679e+17	9.72e-01	2.85e-02	9.12e-07
 1.35893e+17	9.72e-01	2.77e-02	9.07e-07
 1.36089e+17	9.73e-01	2.69e-02	9.02e-07
 1.36267e+17	9.74e-01	2.63e-02	8.97e-07
 1.36429e+17	9.74e-01	2.56e-02	8.93e-07
 1.36576e+17	9.75e-01	2.51e-02	8.90e-07
 1.36710e+17	9.75e-01	2.45e-02	8.88e-07
 1.36832e+17	9.76e-01	2.40e-02	8.86e-07
 1.36943e+17	9.76e-01	2.36e-02	8.86e-07
 1.37044e+17	9.77e-01	2.32e-02	8.86e-07
 1.37136e+17	9.77e-01	2.29e-02	8.87e-07
 1.37220e+17	9.77e-01	2.26e-02	8.88e-07
 1.37296e+17	9.78e-01	2.23e-02	8.89e-07
 1.37379e+17	9.78e-01	2.19e-02	8.92e-07
 1.37469e+17	9.78e-01	2.16e-02	8.95e-07
 1.37551e+17	9.79e-01	2.13e-02	8.98e-07
 1.37626e+17	9.79e-01	2.10e-02	9.02e-07
 1.37694e+17	9.79e-01	2.08e-02	9.06e-07
 1.37768e+17	9.79e-01	2.05e-02	9.09e-07
 1.37865e+17	9.80e-01	2.02e-02	9.15e-07
 1.37969e+17	9.80e-01	1.98e-02	9.21e-07
 1.38064e+17	9.80e-01	1.95e-02	9.27e-07
 1.38151e+17	9.81e-01	1.93e-02	9.33e-07
 1.38245e+17	9.81e-01	1.89e-02	9.41e-07
 1.38348e+17	9.81e-01	1.86e-02	9.50e-07
 1.38441e+17	9.82e-01	1.83e-02	9.58e-07
 1.38525e+17	9.82e-01	1.81e-02	9.67e-07
 1.38618e+17	9.82e-01	1.78e-02	9.77e-07
 1.38718e+17	9.82e-01	1.75e-02	9.88e-07
 1.38809e+17	9.83e-01	1.73e-02	9.99e-07
 1.38892e+17	9.83e-01	1.70e-02	1.01e-06
 1.38983e+17	9.83e-01	1.67e-02	1.02e-06
 1.39081e+17	9.84e-01	1.65e-02	1.04e-06
 1.39171e+17	9.84e-01	1.62e-02	1.05e-06
 1.39252e+17	9.84e-01	1.60e-02	1.06e-06
 1.39326e+17	9.84e-01	1.58e-02	1.07e-06
 1.39407e+17	9.84e-01	1.56e-02	1.09e-06
 1.39495e+17	9.85e-01	1.53e-02	1.10e-06
 1.39574e+17	9.85e-01	1.51e-02	1.12e-06
 1.39661e+17	9.85e-01	1.49e-02	1.13e-06
 1.39756e+17	9.85e-01	1.47e-02	1.15e-06
 1.39841e+17	9.86e-01	1.45e-02	1.17e-06
 1.39919e+17	9.86e-01	1.43e-02	1.18e-06
 1.40005e+17	9.86e-01	1.41e-02	1.20e-06
 1.40097e+17	9.86e-01	1.39e-02	1.22e-06
 1.40181e+17	9.86e-01	1.37e-02	1.23e-06
 1.40257e+17	9.86e-01	1.35e-02	1.25e-06
 1.40341e+17	9.87e-01	1.33e-02	1.27e-06
 1.40431e+17	9.87e-01	1.31e-02	1.29e-06
 1.40514e+17	9.87e-01	1.29e-02	1.30e-06
 1.40604e+17	9.87e-01	1.28e-02	1.32e-06
 1.40721e+17	9.87e-01	1.26e-02	1.31e-06
 1.40873e+17	9.87e-01	1.25e-02	1.31e-06
 1.41071e+17	9.88e-01	1.23e-02	1.31e-06
 1.41329e+17	9.88e-01	1.20e-02	1.31e-06
 1.41663e+17	9.88e-01	1.17e-02	1.31e-06
 1.42098e+17	9.89e-01	1.13e-02	1.30e-06
 1.42609e+17	9.89e-01	1.08e-02	1.30e-06
 1.43124e+17	9.90e-01	1.04e-02	1.30e-06
 1.43613e+17	9.90e-01	9.95e-03	1.29e-06
 1.44093e+17	9.90e-01	9.57e-03	1.29e-06
 1.44580e+17	9.91e-01	9.20e-03	1.29e-06
 1.45076e+17	9.91e-01	8.84e-03	1.28e-06
 1.45573e+17	9.92e-01	8.49e-03	1.28e-06
 1.46070e+17	9.92e-01	8.16e-03	1.28e-06
 1.46567e+17	9.92e-01	7.84e-03	1.27e-06
 1.47066e+17	9.92e-01	7.54e-03	1.27e-06
 1.47568e+17	9.93e-01	7.24e-03	1.27e-06
 1.48071e+17	9.93e-01	6.96e-03	1.27e-06
 1.48575e+17	9.93e-01	6.69e-03	1.26e-06
 1.49080e+17	9.94e-01	6.42e-03	1.26e-06
 1.49588e+17	9.94e-01	6.17e-03	1.26e-06
 1.50096e+17	9.94e-01	5.93e-03	1.26e-06
 1.50607e+17	9.94e-01	5.70e-03	1.25e-06
 1.51118e+17	9.95e-01	5.47e-03	1.25e-06
 1.51632e+17	9.95e-01	5.26e-03	1.25e-06
 1.52146e+17	9.95e-01	5.05e-03	1.25e-06
 1.52663e+17	9.95e-01	4.85e-03	1.25e-06
 1.53181e+17	9.95e-01	4.66e-03	1.25e-06
 1.53700e+17	9.96e-01	4.47e-03	1.24e-06
 1.54221e+17	9.96e-01	4.29e-03	1.24e-06
 1.54743e+17	9.96e-01	4.12e-03	1.24e-06
 1.55267e+17	9.96e-01	3.96e-03	1.24e-06
 1.55793e+17	9.96e-01	3.80e-03	1.24e-06
 1.56320e+17	9.96e-01	3.65e-03	1.24e-06
 1.56848e+17	9.96e-01	3.50e-03	1.24e-06
 1.57379e+17	9.97e-01	3.36e-03	1.23e-06
 1.57910e+17	9.97e-01	3.23e-03	1.23e-06
 1.58444e+17	9.97e-01	3.10e-03	1.23e-06
 1.58978e+17	9.97e-01	2.97e-03	1.23e-06
 1.59515e+17	9.97e-01	2.85e-03	1.23e-06
 1.60053e+17	9.97e-01	2.74e-03	1.23e-06
 1.60593e+17	9.97e-01	2.63e-03	1.23e-06
 1.61134e+17	9.97e-01	2.52e-03	1.23e-06
 1.61677e+17	9.98e-01	2.42e-03	1.23e-06
 1.62222e+17	9.98e-01	2.32e-03	1.23e-06
 1.62769e+17	9.98e-01	2.23e-03	1.23e-06
 1.63317e+17	9.98e-01	2.13e-03	1.23e-06
 1.63867e+17	9.98e-01	2.05e-03	1.23e-06
 1.64419e+17	9.98e-01	1.96e-03	1.22e-06
 1.64973e+17	9.98e-01	1.88e-03	1.22e-06
 1.65528e+17	9.98e-01	1.80e-03	1.22e-06
 1.66087e+17	9.98e-01	1.73e-03	1.22e-06
 1.66647e+17	9.98e-01	1.65e-03	1.22e-06
 1.67209e+17	9.98e-01	1.59e-03	1.22e-06
 1.67773e+17	9.98e-01	1.52e-03	1.22e-06
 1.68339e+17	9.99e-01	1.46e-03	1.22e-06
 1.68908e+17	9.99e-01	1.39e-03	1.22e-06
 1.69478e+17	9.99e-01	1.33e-03	1.22e-06
 1.70050e+17	9.99e-01	1.28e-03	1.22e-06
 1.70624e+17	9.99e-01	1.22e-03	1.22e-06
 1.71202e+17	9.99e-01	1.17e-03	1.22e-06
 1.71783e+17	9.99e-01	1.12e-03	1.22e-06
 1.72364e+17	9.99e-01	1.07e-03	1.22e-06
 1.72947e+17	9.99e-01	1.02e-03	1.22e-06
 1.73537e+17	9.99e-01	9.76e-04	1.22e-06
 1.74127e+17	9.99e-01	9.36e-04	1.22e-06
 1.74711e+17	9.99e-01	8.92e-04	1.22e-06
 1.75294e+17	9.99e-01	8.52e-04	1.22e-06
 1.75898e+17	9.99e-01	8.14e-04	1.22e-06
