#depth	H	H+	H2
 1.76347e+12	1.97e-04	1.00e+00	1.08e-15
 1.05808e+13	1.97e-04	1.00e+00	1.08e-15
 4.58502e+13	1.97e-04	1.00e+00	1.08e-15
 1.86928e+14	1.97e-04	1.00e+00	1.08e-15
 4.46510e+14	1.97e-04	1.00e+00	1.08e-15
 7.83967e+14	1.97e-04	1.00e+00	1.08e-15
 1.22266e+15	1.97e-04	1.00e+00	1.08e-15
 1.79296e+15	1.96e-04	1.00e+00	1.08e-15
 2.53436e+15	1.96e-04	1.00e+00	1.08e-15
 3.49817e+15	1.96e-04	1.00e+00	1.09e-15
 4.75113e+15	1.96e-04	1.00e+00	1.09e-15
 6.37997e+15	1.96e-04	1.00e+00	1.10e-15
 8.49746e+15	1.96e-04	1.00e+00	1.10e-15
 1.12502e+16	1.96e-04	1.00e+00	1.11e-15
 1.48288e+16	1.97e-04	1.00e+00	1.12e-15
 1.94809e+16	1.97e-04	1.00e+00	1.14e-15
 2.55287e+16	1.97e-04	1.00e+00	1.16e-15
 3.33908e+16	1.98e-04	1.00e+00	1.18e-15
 4.36115e+16	2.00e-04	1.00e+00	1.22e-15
 5.68985e+16	2.02e-04	1.00e+00	1.26e-15
 6.76289e+16	2.02e-04	1.00e+00	1.29e-15
 7.43918e+16	2.03e-04	1.00e+00	1.32e-15
 8.18310e+16	2.04e-04	1.00e+00	1.34e-15
 9.00141e+16	2.06e-04	1.00e+00	1.37e-15
 9.90155e+16	2.08e-04	1.00e+00	1.41e-15
 1.08917e+17	2.09e-04	1.00e+00	1.45e-15
 1.19809e+17	2.12e-04	1.00e+00	1.50e-15
 1.31790e+17	2.15e-04	1.00e+00	1.55e-15
 1.44969e+17	2.18e-04	1.00e+00	1.61e-15
 1.59465e+17	2.21e-04	1.00e+00	1.68e-15
 1.75412e+17	2.26e-04	1.00e+00	1.76e-15
 1.92953e+17	2.31e-04	1.00e+00	1.85e-15
 2.12249e+17	2.37e-04	1.00e+00	1.96e-15
 2.33473e+17	2.43e-04	1.00e+00	2.09e-15
 2.56821e+17	2.51e-04	1.00e+00	2.24e-15
 2.82503e+17	2.61e-04	1.00e+00	2.42e-15
 3.10753e+17	2.72e-04	1.00e+00	2.64e-15
 3.41828e+17	2.85e-04	1.00e+00	2.91e-15
 3.76011e+17	3.01e-04	1.00e+00	3.24e-15
 4.13612e+17	3.20e-04	1.00e+00	3.65e-15
 4.54974e+17	3.43e-04	1.00e+00	4.16e-15
 5.00471e+17	3.72e-04	1.00e+00	4.83e-15
 5.50518e+17	4.09e-04	1.00e+00	5.71e-15
 6.05570e+17	4.56e-04	1.00e+00	6.89e-15
 6.66127e+17	5.18e-04	9.99e-01	8.52e-15
 7.25425e+17	5.89e-04	9.99e-01	1.05e-14
 7.76838e+17	6.64e-04	9.99e-01	1.27e-14
 8.23599e+17	7.46e-04	9.99e-01	1.52e-14
 8.69377e+17	8.43e-04	9.99e-01	1.83e-14
 9.13905e+17	9.58e-04	9.99e-01	2.20e-14
 9.55589e+17	1.09e-03	9.99e-01	2.64e-14
 9.94224e+17	1.24e-03	9.99e-01	3.14e-14
 1.03038e+18	1.40e-03	9.99e-01	3.73e-14
 1.06439e+18	1.60e-03	9.98e-01	4.42e-14
 1.09626e+18	1.82e-03	9.98e-01	5.23e-14
 1.12332e+18	2.05e-03	9.98e-01	6.08e-14
 1.14489e+18	2.28e-03	9.98e-01	6.93e-14
 1.16464e+18	2.52e-03	9.97e-01	7.81e-14
 1.18728e+18	2.85e-03	9.97e-01	9.08e-14
 1.21062e+18	3.28e-03	9.97e-01	1.07e-13
 1.22902e+18	3.69e-03	9.96e-01	1.23e-13
 1.24378e+18	4.11e-03	9.96e-01	1.40e-13
 1.25964e+18	4.64e-03	9.95e-01	1.61e-13
 1.27631e+18	5.33e-03	9.95e-01	1.89e-13
 1.29000e+18	6.05e-03	9.94e-01	2.18e-13
 1.30126e+18	6.79e-03	9.93e-01	2.49e-13
 1.31338e+18	7.77e-03	9.92e-01	2.90e-13
 1.32625e+18	9.10e-03	9.91e-01	3.47e-13
 1.33695e+18	1.06e-02	9.89e-01	4.11e-13
 1.34579e+18	1.21e-02	9.88e-01	4.81e-13
 1.35281e+18	1.37e-02	9.86e-01	5.52e-13
 1.35792e+18	1.51e-02	9.85e-01	6.16e-13
 1.36230e+18	1.65e-02	9.83e-01	6.81e-13
 1.36723e+18	1.84e-02	9.82e-01	7.71e-13
 1.37232e+18	2.08e-02	9.79e-01	8.86e-13
 1.37630e+18	2.31e-02	9.77e-01	9.97e-13
 1.37938e+18	2.52e-02	9.75e-01	1.10e-12
 1.38219e+18	2.74e-02	9.73e-01	1.22e-12
 1.38488e+18	2.99e-02	9.70e-01	1.35e-12
 1.38745e+18	3.28e-02	9.67e-01	1.50e-12
 1.38992e+18	3.60e-02	9.64e-01	1.67e-12
 1.39224e+18	3.95e-02	9.61e-01	1.86e-12
 1.39441e+18	4.34e-02	9.57e-01	2.08e-12
 1.39651e+18	4.79e-02	9.52e-01	2.35e-12
 1.39891e+18	5.38e-02	9.46e-01	2.71e-12
 1.40149e+18	6.22e-02	9.38e-01	3.24e-12
 1.40373e+18	7.22e-02	9.28e-01	3.89e-12
 1.40570e+18	8.36e-02	9.16e-01	4.68e-12
 1.40756e+18	9.74e-02	9.03e-01	5.68e-12
 1.40929e+18	1.14e-01	8.86e-01	6.99e-12
 1.41084e+18	1.34e-01	8.66e-01	8.71e-12
 1.41217e+18	1.57e-01	8.43e-01	1.08e-11
 1.41332e+18	1.82e-01	8.18e-01	1.34e-11
 1.41438e+18	2.10e-01	7.90e-01	1.66e-11
 1.41540e+18	2.44e-01	7.56e-01	2.10e-11
 1.41634e+18	2.83e-01	7.17e-01	2.70e-11
 1.41711e+18	3.21e-01	6.79e-01	3.39e-11
 1.41767e+18	3.54e-01	6.46e-01	4.08e-11
 1.41809e+18	3.79e-01	6.21e-01	4.67e-11
 1.41846e+18	4.04e-01	5.96e-01	5.34e-11
 1.41881e+18	4.28e-01	5.72e-01	6.03e-11
 1.41914e+18	4.52e-01	5.48e-01	6.85e-11
 1.41945e+18	4.76e-01	5.24e-01	7.73e-11
 1.41972e+18	4.98e-01	5.02e-01	8.60e-11
 1.41998e+18	5.18e-01	4.82e-01	9.50e-11
 1.42021e+18	5.37e-01	4.63e-01	1.05e-10
 1.42040e+18	5.52e-01	4.48e-01	1.13e-10
 1.42054e+18	5.64e-01	4.36e-01	1.20e-10
 1.42067e+18	5.75e-01	4.25e-01	1.26e-10
 1.42082e+18	5.88e-01	4.12e-01	1.35e-10
 1.42097e+18	6.01e-01	3.99e-01	1.44e-10
 1.42112e+18	6.13e-01	3.87e-01	1.53e-10
 1.42127e+18	6.26e-01	3.74e-01	1.64e-10
 1.42141e+18	6.37e-01	3.63e-01	1.73e-10
 1.42155e+18	6.50e-01	3.50e-01	1.85e-10
 1.42170e+18	6.61e-01	3.39e-01	1.96e-10
 1.42184e+18	6.73e-01	3.27e-01	2.09e-10
 1.42198e+18	6.84e-01	3.16e-01	2.22e-10
 1.42212e+18	6.95e-01	3.05e-01	2.36e-10
 1.42225e+18	7.06e-01	2.94e-01	2.50e-10
 1.42239e+18	7.16e-01	2.84e-01	2.66e-10
 1.42252e+18	7.27e-01	2.73e-01	2.82e-10
 1.42266e+18	7.37e-01	2.63e-01	3.00e-10
 1.42279e+18	7.47e-01	2.53e-01	3.17e-10
 1.42293e+18	7.56e-01	2.44e-01	3.37e-10
 1.42306e+18	7.66e-01	2.34e-01	3.58e-10
 1.42319e+18	7.75e-01	2.25e-01	3.79e-10
 1.42332e+18	7.83e-01	2.17e-01	4.01e-10
 1.42345e+18	7.92e-01	2.08e-01	4.26e-10
 1.42358e+18	8.00e-01	2.00e-01	4.49e-10
 1.42370e+18	8.08e-01	1.92e-01	4.78e-10
 1.42383e+18	8.15e-01	1.85e-01	5.02e-10
 1.42395e+18	8.23e-01	1.77e-01	5.33e-10
 1.42407e+18	8.30e-01	1.70e-01	5.63e-10
 1.42419e+18	8.36e-01	1.64e-01	5.95e-10
 1.42431e+18	8.43e-01	1.57e-01	6.29e-10
 1.42442e+18	8.49e-01	1.51e-01	6.64e-10
 1.42454e+18	8.55e-01	1.45e-01	7.02e-10
 1.42465e+18	8.60e-01	1.40e-01	7.41e-10
 1.42477e+18	8.66e-01	1.34e-01	7.82e-10
 1.42488e+18	8.71e-01	1.29e-01	8.25e-10
 1.42499e+18	8.76e-01	1.24e-01	8.71e-10
 1.42510e+18	8.81e-01	1.19e-01	9.20e-10
 1.42521e+18	8.86e-01	1.14e-01	9.72e-10
 1.42532e+18	8.90e-01	1.10e-01	1.03e-09
 1.42543e+18	8.94e-01	1.06e-01	1.08e-09
 1.42554e+18	8.99e-01	1.01e-01	1.15e-09
 1.42565e+18	9.02e-01	9.76e-02	1.21e-09
 1.42576e+18	9.06e-01	9.37e-02	1.29e-09
 1.42586e+18	9.10e-01	9.01e-02	1.36e-09
 1.42597e+18	9.13e-01	8.66e-02	1.44e-09
 1.42607e+18	9.17e-01	8.32e-02	1.53e-09
 1.42618e+18	9.20e-01	8.00e-02	1.62e-09
 1.42628e+18	9.23e-01	7.68e-02	1.72e-09
 1.42639e+18	9.26e-01	7.38e-02	1.82e-09
 1.42649e+18	9.29e-01	7.09e-02	1.93e-09
 1.42660e+18	9.32e-01	6.81e-02	2.05e-09
 1.42670e+18	9.35e-01	6.55e-02	2.18e-09
 1.42680e+18	9.37e-01	6.29e-02	2.33e-09
 1.42690e+18	9.40e-01	6.05e-02	2.46e-09
 1.42701e+18	9.42e-01	5.80e-02	2.63e-09
 1.42711e+18	9.44e-01	5.58e-02	2.79e-09
 1.42721e+18	9.46e-01	5.36e-02	2.99e-09
 1.42731e+18	9.49e-01	5.15e-02	3.18e-09
 1.42741e+18	9.51e-01	4.94e-02	3.40e-09
 1.42751e+18	9.52e-01	4.75e-02	3.63e-09
 1.42762e+18	9.54e-01	4.56e-02	3.89e-09
 1.42772e+18	9.56e-01	4.38e-02	4.15e-09
 1.42782e+18	9.58e-01	4.21e-02	4.43e-09
 1.42792e+18	9.60e-01	4.05e-02	4.74e-09
 1.42802e+18	9.61e-01	3.89e-02	5.07e-09
 1.42812e+18	9.63e-01	3.73e-02	5.42e-09
 1.42822e+18	9.64e-01	3.59e-02	5.80e-09
 1.42832e+18	9.66e-01	3.44e-02	6.20e-09
 1.42842e+18	9.67e-01	3.31e-02	6.62e-09
 1.42851e+18	9.68e-01	3.18e-02	7.07e-09
 1.42861e+18	9.69e-01	3.05e-02	7.55e-09
 1.42871e+18	9.71e-01	2.93e-02	8.03e-09
 1.42881e+18	9.72e-01	2.81e-02	8.54e-09
 1.42891e+18	9.73e-01	2.70e-02	9.06e-09
 1.42901e+18	9.74e-01	2.59e-02	9.60e-09
 1.42911e+18	9.75e-01	2.48e-02	1.01e-08
 1.42920e+18	9.76e-01	2.39e-02	1.07e-08
 1.42930e+18	9.77e-01	2.29e-02	1.12e-08
 1.42940e+18	9.78e-01	2.20e-02	1.17e-08
 1.42949e+18	9.79e-01	2.11e-02	1.23e-08
 1.42959e+18	9.80e-01	2.02e-02	1.28e-08
 1.42968e+18	9.81e-01	1.94e-02	1.33e-08
 1.42977e+18	9.81e-01	1.86e-02	1.37e-08
 1.42987e+18	9.82e-01	1.79e-02	1.42e-08
 1.42996e+18	9.83e-01	1.71e-02	1.46e-08
 1.43005e+18	9.84e-01	1.64e-02	1.50e-08
 1.43014e+18	9.84e-01	1.57e-02	1.54e-08
 1.43022e+18	9.85e-01	1.51e-02	1.58e-08
 1.43030e+18	9.85e-01	1.46e-02	1.62e-08
 1.43037e+18	9.86e-01	1.41e-02	1.66e-08
 1.43044e+18	9.86e-01	1.36e-02	1.70e-08
 1.43051e+18	9.87e-01	1.31e-02	1.75e-08
 1.43057e+18	9.87e-01	1.27e-02	1.79e-08
 1.43062e+18	9.88e-01	1.24e-02	1.83e-08
 1.43067e+18	9.88e-01	1.20e-02	1.88e-08
 1.43072e+18	9.88e-01	1.17e-02	1.92e-08
 1.43076e+18	9.89e-01	1.15e-02	1.97e-08
 1.43080e+18	9.89e-01	1.12e-02	2.01e-08
 1.43083e+18	9.89e-01	1.10e-02	2.04e-08
 1.43087e+18	9.89e-01	1.08e-02	2.08e-08
 1.43091e+18	9.89e-01	1.05e-02	2.15e-08
 1.43095e+18	9.90e-01	1.03e-02	2.19e-08
 1.43098e+18	9.90e-01	1.01e-02	2.25e-08
 1.43101e+18	9.90e-01	9.95e-03	2.29e-08
 1.43104e+18	9.90e-01	9.76e-03	2.34e-08
 1.43108e+18	9.90e-01	9.57e-03	2.40e-08
 1.43111e+18	9.91e-01	9.41e-03	2.44e-08
 1.43115e+18	9.91e-01	9.18e-03	2.52e-08
 1.43119e+18	9.91e-01	8.98e-03	2.59e-08
 1.43122e+18	9.91e-01	8.82e-03	2.65e-08
 1.43126e+18	9.91e-01	8.67e-03	2.70e-08
 1.43129e+18	9.91e-01	8.50e-03	2.76e-08
 1.43133e+18	9.92e-01	8.33e-03	2.83e-08
 1.43136e+18	9.92e-01	8.18e-03	2.90e-08
 1.43140e+18	9.92e-01	8.04e-03	2.96e-08
 1.43143e+18	9.92e-01	7.88e-03	3.02e-08
 1.43147e+18	9.92e-01	7.73e-03	3.10e-08
 1.43150e+18	9.92e-01	7.59e-03	3.17e-08
 1.43153e+18	9.93e-01	7.47e-03	3.24e-08
 1.43157e+18	9.93e-01	7.33e-03	3.31e-08
 1.43160e+18	9.93e-01	7.18e-03	3.39e-08
 1.43164e+18	9.93e-01	7.06e-03	3.46e-08
 1.43167e+18	9.93e-01	6.94e-03	3.54e-08
 1.43171e+18	9.93e-01	6.77e-03	3.66e-08
 1.43175e+18	9.93e-01	6.64e-03	3.75e-08
 1.43178e+18	9.93e-01	6.52e-03	3.84e-08
 1.43181e+18	9.94e-01	6.42e-03	3.91e-08
 1.43184e+18	9.94e-01	6.32e-03	4.00e-08
 1.43188e+18	9.94e-01	6.19e-03	4.10e-08
 1.43191e+18	9.94e-01	6.10e-03	4.17e-08
 1.43195e+18	9.94e-01	5.98e-03	4.30e-08
 1.43198e+18	9.94e-01	5.87e-03	4.37e-08
 1.43203e+18	9.94e-01	5.73e-03	4.52e-08
 1.43207e+18	9.94e-01	5.61e-03	4.62e-08
 1.43211e+18	9.95e-01	5.49e-03	4.77e-08
 1.43215e+18	9.95e-01	5.39e-03	4.87e-08
 1.43218e+18	9.95e-01	5.30e-03	4.96e-08
 1.43222e+18	9.95e-01	5.20e-03	5.08e-08
 1.43226e+18	9.95e-01	5.10e-03	5.18e-08
 1.43230e+18	9.95e-01	5.03e-03	5.24e-08
 1.43234e+18	9.95e-01	4.97e-03	5.24e-08
 1.43239e+18	9.95e-01	4.91e-03	5.24e-08
 1.43245e+18	9.95e-01	4.82e-03	5.24e-08
 1.43254e+18	9.95e-01	4.70e-03	5.24e-08
 1.43266e+18	9.95e-01	4.56e-03	5.24e-08
 1.43280e+18	9.96e-01	4.38e-03	5.24e-08
 1.43298e+18	9.96e-01	4.18e-03	5.24e-08
 1.43317e+18	9.96e-01	3.99e-03	5.24e-08
 1.43336e+18	9.96e-01	3.82e-03	5.24e-08
 1.43354e+18	9.96e-01	3.66e-03	5.23e-08
 1.43373e+18	9.96e-01	3.51e-03	5.23e-08
 1.43393e+18	9.97e-01	3.36e-03	5.23e-08
 1.43414e+18	9.97e-01	3.21e-03	5.23e-08
 1.43435e+18	9.97e-01	3.08e-03	5.23e-08
 1.43457e+18	9.97e-01	2.95e-03	5.23e-08
 1.43480e+18	9.97e-01	2.83e-03	5.23e-08
 1.43504e+18	9.97e-01	2.71e-03	5.23e-08
 1.43529e+18	9.97e-01	2.60e-03	5.23e-08
 1.43555e+18	9.98e-01	2.50e-03	5.23e-08
 1.43582e+18	9.98e-01	2.40e-03	5.23e-08
 1.43610e+18	9.98e-01	2.30e-03	5.23e-08
 1.43639e+18	9.98e-01	2.21e-03	5.23e-08
 1.43669e+18	9.98e-01	2.13e-03	5.23e-08
 1.43701e+18	9.98e-01	2.04e-03	5.23e-08
 1.43733e+18	9.98e-01	1.97e-03	5.23e-08
 1.43767e+18	9.98e-01	1.89e-03	5.23e-08
 1.43803e+18	9.98e-01	1.82e-03	5.23e-08
 1.43839e+18	9.98e-01	1.76e-03	5.23e-08
 1.43877e+18	9.98e-01	1.69e-03	5.23e-08
 1.43916e+18	9.98e-01	1.63e-03	5.23e-08
 1.43956e+18	9.98e-01	1.57e-03	5.23e-08
 1.43998e+18	9.98e-01	1.52e-03	5.23e-08
 1.44041e+18	9.99e-01	1.46e-03	5.23e-08
 1.44086e+18	9.99e-01	1.41e-03	5.23e-08
 1.44131e+18	9.99e-01	1.36e-03	5.23e-08
 1.44178e+18	9.99e-01	1.31e-03	5.23e-08
 1.44227e+18	9.99e-01	1.26e-03	5.23e-08
 1.44277e+18	9.99e-01	1.22e-03	5.23e-08
 1.44330e+18	9.99e-01	1.18e-03	5.24e-08
 1.44384e+18	9.99e-01	1.13e-03	5.24e-08
 1.44438e+18	9.99e-01	1.09e-03	5.24e-08
 1.44494e+18	9.99e-01	1.06e-03	5.24e-08
 1.44554e+18	9.99e-01	1.02e-03	5.25e-08
 1.44617e+18	9.99e-01	9.84e-04	5.25e-08
 1.44682e+18	9.99e-01	9.47e-04	5.25e-08
 1.44750e+18	9.99e-01	9.12e-04	5.26e-08
 1.44822e+18	9.99e-01	8.79e-04	5.26e-08
 1.44896e+18	9.99e-01	8.49e-04	5.26e-08
 1.44974e+18	9.99e-01	8.17e-04	5.27e-08
 1.45056e+18	9.99e-01	7.86e-04	5.27e-08
