#depth	H	H+	H2
 2.16178e+15	9.49e-07	1.00e+00	1.57e-19
 1.29707e+16	9.57e-07	1.00e+00	1.59e-19
 5.62062e+16	9.86e-07	1.00e+00	1.68e-19
 1.52611e+17	1.05e-06	1.00e+00	1.89e-19
 2.78715e+17	1.14e-06	1.00e+00	2.19e-19
 4.09863e+17	1.24e-06	1.00e+00	2.52e-19
 5.46258e+17	1.35e-06	1.00e+00	2.92e-19
 6.88108e+17	1.46e-06	1.00e+00	3.39e-19
 8.35632e+17	1.59e-06	1.00e+00	3.93e-19
 9.89058e+17	1.72e-06	1.00e+00	4.55e-19
 1.14862e+18	1.87e-06	1.00e+00	5.27e-19
 1.31456e+18	2.04e-06	1.00e+00	6.12e-19
 1.48715e+18	2.21e-06	1.00e+00	7.10e-19
 1.66663e+18	2.40e-06	1.00e+00	8.26e-19
 1.85330e+18	2.61e-06	1.00e+00	9.59e-19
 2.04743e+18	2.83e-06	1.00e+00	1.12e-18
 2.24933e+18	3.08e-06	1.00e+00	1.30e-18
 2.45930e+18	3.34e-06	1.00e+00	1.51e-18
 2.67767e+18	3.63e-06	1.00e+00	1.76e-18
 2.90478e+18	3.94e-06	1.00e+00	2.05e-18
 3.14097e+18	4.28e-06	1.00e+00	2.39e-18
 3.38661e+18	4.64e-06	1.00e+00	2.79e-18
 3.64207e+18	5.04e-06	1.00e+00	3.25e-18
 3.90776e+18	5.47e-06	1.00e+00	3.79e-18
 4.18407e+18	5.92e-06	1.00e+00	4.41e-18
 4.47143e+18	6.43e-06	1.00e+00	5.17e-18
 4.77029e+18	6.97e-06	1.00e+00	6.02e-18
 5.08110e+18	7.55e-06	1.00e+00	7.02e-18
 5.40434e+18	8.19e-06	1.00e+00	8.19e-18
 5.74051e+18	8.88e-06	1.00e+00	9.57e-18
 6.09013e+18	9.62e-06	1.00e+00	1.12e-17
 6.45374e+18	1.04e-05	1.00e+00	1.30e-17
 6.83189e+18	1.13e-05	1.00e+00	1.52e-17
 7.22517e+18	1.22e-05	1.00e+00	1.77e-17
 7.63417e+18	1.33e-05	1.00e+00	2.07e-17
 8.05954e+18	1.44e-05	1.00e+00	2.41e-17
 8.50192e+18	1.56e-05	1.00e+00	2.82e-17
 8.96200e+18	1.69e-05	1.00e+00	3.29e-17
 9.44048e+18	1.83e-05	1.00e+00	3.84e-17
 9.93810e+18	1.99e-05	1.00e+00	4.48e-17
 1.04556e+19	2.15e-05	1.00e+00	5.23e-17
 1.09938e+19	2.34e-05	1.00e+00	6.11e-17
 1.15536e+19	2.53e-05	1.00e+00	7.14e-17
 1.21357e+19	2.75e-05	1.00e+00	8.36e-17
 1.27412e+19	2.98e-05	1.00e+00	9.78e-17
 1.33708e+19	3.23e-05	1.00e+00	1.15e-16
 1.40257e+19	3.51e-05	1.00e+00	1.34e-16
 1.47067e+19	3.81e-05	1.00e+00	1.58e-16
 1.54149e+19	4.13e-05	1.00e+00	1.85e-16
 1.61515e+19	4.48e-05	1.00e+00	2.18e-16
 1.69176e+19	4.86e-05	1.00e+00	2.57e-16
 1.77143e+19	5.28e-05	1.00e+00	3.02e-16
 1.85429e+19	5.72e-05	1.00e+00	3.57e-16
 1.94046e+19	6.21e-05	1.00e+00	4.22e-16
 2.03008e+19	6.74e-05	1.00e+00	4.99e-16
 2.12328e+19	7.32e-05	1.00e+00	5.90e-16
 2.22021e+19	7.95e-05	1.00e+00	6.99e-16
 2.32102e+19	8.63e-05	1.00e+00	8.28e-16
 2.42586e+19	9.37e-05	1.00e+00	9.83e-16
 2.53490e+19	1.02e-04	1.00e+00	1.17e-15
 2.64829e+19	1.11e-04	1.00e+00	1.39e-15
 2.76622e+19	1.20e-04	1.00e+00	1.65e-15
 2.88887e+19	1.30e-04	1.00e+00	1.97e-15
 3.01643e+19	1.42e-04	1.00e+00	2.36e-15
 3.14908e+19	1.54e-04	1.00e+00	2.82e-15
 3.28705e+19	1.68e-04	1.00e+00	3.38e-15
 3.43053e+19	1.82e-04	1.00e+00	4.05e-15
 3.57975e+19	1.99e-04	1.00e+00	4.87e-15
 3.73494e+19	2.16e-04	1.00e+00	5.86e-15
 3.89634e+19	2.35e-04	1.00e+00	7.06e-15
 4.06419e+19	2.57e-04	1.00e+00	8.52e-15
 4.23876e+19	2.80e-04	1.00e+00	1.03e-14
 4.42031e+19	3.05e-04	1.00e+00	1.25e-14
 4.60912e+19	3.34e-04	1.00e+00	1.52e-14
 4.80549e+19	3.65e-04	1.00e+00	1.85e-14
 5.00971e+19	3.99e-04	1.00e+00	2.26e-14
 5.22209e+19	4.37e-04	1.00e+00	2.77e-14
 5.44298e+19	4.80e-04	1.00e+00	3.40e-14
 5.67270e+19	5.27e-04	9.99e-01	4.18e-14
 5.91161e+19	5.80e-04	9.99e-01	5.15e-14
 6.15374e+19	6.38e-04	9.99e-01	6.33e-14
 6.40556e+19	7.04e-04	9.99e-01	7.81e-14
 6.66619e+19	7.78e-04	9.99e-01	9.64e-14
 6.92075e+19	8.57e-04	9.99e-01	1.18e-13
 7.19309e+19	9.51e-04	9.99e-01	1.46e-13
 7.48069e+19	1.06e-03	9.99e-01	1.81e-13
 7.75165e+19	1.17e-03	9.99e-01	2.20e-13
 8.04559e+19	1.32e-03	9.99e-01	2.74e-13
 8.35849e+19	1.49e-03	9.99e-01	3.41e-13
 8.63856e+19	1.67e-03	9.98e-01	4.14e-13
 8.88215e+19	1.85e-03	9.98e-01	4.89e-13
 9.10753e+19	2.04e-03	9.98e-01	5.72e-13
 9.36651e+19	2.29e-03	9.98e-01	6.88e-13
 9.64274e+19	2.61e-03	9.97e-01	8.33e-13
 9.86737e+19	2.91e-03	9.97e-01	9.72e-13
 1.00469e+20	3.20e-03	9.97e-01	1.10e-12
 1.02419e+20	3.57e-03	9.96e-01	1.28e-12
 1.04576e+20	4.06e-03	9.96e-01	1.52e-12
 1.06513e+20	4.59e-03	9.95e-01	1.78e-12
 1.08198e+20	5.16e-03	9.95e-01	2.06e-12
 1.09764e+20	5.79e-03	9.94e-01	2.41e-12
 1.11286e+20	6.54e-03	9.93e-01	2.80e-12
 1.12796e+20	7.45e-03	9.93e-01	3.30e-12
 1.14226e+20	8.53e-03	9.91e-01	3.92e-12
 1.15475e+20	9.72e-03	9.90e-01	4.66e-12
 1.16536e+20	1.10e-02	9.89e-01	5.41e-12
 1.17465e+20	1.23e-02	9.88e-01	6.33e-12
 1.18307e+20	1.37e-02	9.86e-01	7.31e-12
 1.19098e+20	1.54e-02	9.85e-01	8.59e-12
 1.19851e+20	1.73e-02	9.83e-01	1.01e-11
 1.20536e+20	1.94e-02	9.81e-01	1.19e-11
 1.21139e+20	2.16e-02	9.78e-01	1.41e-11
 1.21673e+20	2.40e-02	9.76e-01	1.65e-11
 1.22160e+20	2.66e-02	9.73e-01	1.93e-11
 1.22609e+20	2.94e-02	9.71e-01	2.28e-11
 1.23026e+20	3.25e-02	9.67e-01	2.69e-11
 1.23410e+20	3.59e-02	9.64e-01	3.19e-11
 1.23769e+20	3.96e-02	9.60e-01	3.80e-11
 1.24112e+20	4.39e-02	9.56e-01	4.57e-11
 1.24449e+20	4.88e-02	9.51e-01	5.56e-11
 1.24836e+20	5.57e-02	9.44e-01	7.15e-11
 1.25249e+20	6.54e-02	9.35e-01	9.73e-11
 1.25607e+20	7.68e-02	9.23e-01	1.33e-10
 1.25925e+20	9.01e-02	9.10e-01	1.83e-10
 1.26212e+20	1.06e-01	8.94e-01	2.56e-10
 1.26458e+20	1.24e-01	8.76e-01	3.55e-10
 1.26672e+20	1.44e-01	8.56e-01	4.89e-10
 1.26866e+20	1.67e-01	8.33e-01	6.80e-10
 1.27049e+20	1.93e-01	8.07e-01	9.53e-10
 1.27221e+20	2.25e-01	7.75e-01	1.37e-09
 1.27382e+20	2.62e-01	7.38e-01	1.99e-09
 1.27520e+20	3.00e-01	7.00e-01	2.85e-09
 1.27626e+20	3.35e-01	6.65e-01	3.83e-09
 1.27704e+20	3.64e-01	6.36e-01	4.83e-09
 1.27767e+20	3.89e-01	6.11e-01	5.86e-09
 1.27815e+20	4.09e-01	5.91e-01	6.78e-09
 1.27845e+20	4.21e-01	5.79e-01	7.44e-09
 1.27872e+20	4.33e-01	5.67e-01	8.12e-09
 1.27903e+20	4.48e-01	5.52e-01	9.01e-09
 1.27938e+20	4.64e-01	5.36e-01	1.01e-08
 1.27972e+20	4.80e-01	5.20e-01	1.13e-08
 1.28004e+20	4.95e-01	5.05e-01	1.25e-08
 1.28035e+20	5.10e-01	4.90e-01	1.39e-08
 1.28066e+20	5.26e-01	4.74e-01	1.54e-08
 1.28098e+20	5.42e-01	4.58e-01	1.72e-08
 1.28127e+20	5.56e-01	4.44e-01	1.89e-08
 1.28151e+20	5.68e-01	4.32e-01	2.05e-08
 1.28174e+20	5.80e-01	4.20e-01	2.22e-08
 1.28198e+20	5.93e-01	4.07e-01	2.42e-08
 1.28222e+20	6.05e-01	3.95e-01	2.62e-08
 1.28247e+20	6.18e-01	3.82e-01	2.87e-08
 1.28271e+20	6.29e-01	3.71e-01	3.09e-08
 1.28294e+20	6.42e-01	3.58e-01	3.36e-08
 1.28318e+20	6.54e-01	3.46e-01	3.65e-08
 1.28341e+20	6.65e-01	3.35e-01	3.94e-08
 1.28364e+20	6.76e-01	3.24e-01	4.25e-08
 1.28387e+20	6.88e-01	3.12e-01	4.62e-08
 1.28409e+20	6.99e-01	3.01e-01	4.96e-08
 1.28432e+20	7.10e-01	2.90e-01	5.38e-08
 1.28454e+20	7.20e-01	2.80e-01	5.77e-08
 1.28477e+20	7.30e-01	2.70e-01	6.23e-08
 1.28499e+20	7.40e-01	2.60e-01	6.72e-08
 1.28521e+20	7.50e-01	2.50e-01	7.21e-08
 1.28543e+20	7.59e-01	2.41e-01	7.72e-08
 1.28565e+20	7.69e-01	2.31e-01	8.31e-08
 1.28587e+20	7.78e-01	2.22e-01	8.87e-08
 1.28608e+20	7.87e-01	2.13e-01	9.50e-08
 1.28629e+20	7.95e-01	2.05e-01	1.01e-07
 1.28650e+20	8.03e-01	1.97e-01	1.08e-07
 1.28670e+20	8.10e-01	1.90e-01	1.14e-07
 1.28691e+20	8.18e-01	1.82e-01	1.21e-07
 1.28711e+20	8.25e-01	1.75e-01	1.29e-07
 1.28730e+20	8.32e-01	1.68e-01	1.36e-07
 1.28750e+20	8.38e-01	1.62e-01	1.43e-07
 1.28770e+20	8.45e-01	1.55e-01	1.50e-07
 1.28789e+20	8.51e-01	1.49e-01	1.58e-07
 1.28808e+20	8.57e-01	1.43e-01	1.66e-07
 1.28827e+20	8.62e-01	1.38e-01	1.73e-07
 1.28846e+20	8.68e-01	1.32e-01	1.80e-07
 1.28864e+20	8.73e-01	1.27e-01	1.87e-07
 1.28883e+20	8.78e-01	1.22e-01	1.95e-07
 1.28901e+20	8.82e-01	1.18e-01	2.01e-07
 1.28920e+20	8.87e-01	1.13e-01	2.08e-07
 1.28938e+20	8.91e-01	1.09e-01	2.14e-07
 1.28956e+20	8.96e-01	1.04e-01	2.21e-07
 1.28974e+20	9.00e-01	1.00e-01	2.26e-07
 1.28992e+20	9.04e-01	9.63e-02	2.31e-07
 1.29010e+20	9.07e-01	9.26e-02	2.36e-07
 1.29028e+20	9.11e-01	8.90e-02	2.40e-07
 1.29045e+20	9.14e-01	8.55e-02	2.44e-07
 1.29063e+20	9.18e-01	8.22e-02	2.47e-07
 1.29080e+20	9.21e-01	7.89e-02	2.50e-07
 1.29098e+20	9.24e-01	7.59e-02	2.52e-07
 1.29115e+20	9.27e-01	7.29e-02	2.54e-07
 1.29133e+20	9.30e-01	7.01e-02	2.55e-07
 1.29150e+20	9.33e-01	6.74e-02	2.56e-07
 1.29167e+20	9.35e-01	6.48e-02	2.56e-07
 1.29184e+20	9.38e-01	6.22e-02	2.56e-07
 1.29201e+20	9.40e-01	5.98e-02	2.56e-07
 1.29218e+20	9.43e-01	5.74e-02	2.55e-07
 1.29235e+20	9.45e-01	5.52e-02	2.54e-07
 1.29252e+20	9.47e-01	5.30e-02	2.52e-07
 1.29269e+20	9.49e-01	5.09e-02	2.50e-07
 1.29285e+20	9.51e-01	4.89e-02	2.48e-07
 1.29302e+20	9.53e-01	4.70e-02	2.46e-07
 1.29319e+20	9.55e-01	4.52e-02	2.43e-07
 1.29335e+20	9.57e-01	4.34e-02	2.40e-07
 1.29352e+20	9.58e-01	4.17e-02	2.37e-07
 1.29368e+20	9.60e-01	4.00e-02	2.34e-07
 1.29384e+20	9.62e-01	3.84e-02	2.31e-07
 1.29401e+20	9.63e-01	3.69e-02	2.27e-07
 1.29417e+20	9.65e-01	3.54e-02	2.24e-07
 1.29433e+20	9.66e-01	3.40e-02	2.21e-07
 1.29448e+20	9.67e-01	3.27e-02	2.18e-07
 1.29464e+20	9.69e-01	3.14e-02	2.15e-07
 1.29479e+20	9.70e-01	3.01e-02	2.12e-07
 1.29495e+20	9.71e-01	2.89e-02	2.09e-07
 1.29510e+20	9.72e-01	2.77e-02	2.06e-07
 1.29525e+20	9.73e-01	2.66e-02	2.03e-07
 1.29539e+20	9.74e-01	2.55e-02	2.00e-07
 1.29553e+20	9.75e-01	2.45e-02	1.98e-07
 1.29566e+20	9.76e-01	2.36e-02	1.95e-07
 1.29578e+20	9.77e-01	2.27e-02	1.94e-07
 1.29589e+20	9.78e-01	2.20e-02	1.93e-07
 1.29599e+20	9.79e-01	2.13e-02	1.92e-07
 1.29609e+20	9.79e-01	2.06e-02	1.92e-07
 1.29617e+20	9.80e-01	2.00e-02	1.92e-07
 1.29625e+20	9.81e-01	1.95e-02	1.92e-07
 1.29632e+20	9.81e-01	1.90e-02	1.92e-07
 1.29638e+20	9.81e-01	1.86e-02	1.93e-07
 1.29644e+20	9.82e-01	1.82e-02	1.94e-07
 1.29650e+20	9.82e-01	1.78e-02	1.95e-07
 1.29655e+20	9.82e-01	1.75e-02	1.97e-07
 1.29659e+20	9.83e-01	1.72e-02	1.98e-07
 1.29664e+20	9.83e-01	1.69e-02	1.99e-07
 1.29669e+20	9.83e-01	1.66e-02	2.01e-07
 1.29674e+20	9.84e-01	1.63e-02	2.03e-07
 1.29678e+20	9.84e-01	1.60e-02	2.05e-07
 1.29682e+20	9.84e-01	1.58e-02	2.07e-07
 1.29686e+20	9.84e-01	1.56e-02	2.08e-07
 1.29690e+20	9.85e-01	1.53e-02	2.11e-07
 1.29694e+20	9.85e-01	1.50e-02	2.13e-07
 1.29698e+20	9.85e-01	1.48e-02	2.15e-07
 1.29701e+20	9.85e-01	1.47e-02	2.17e-07
 1.29705e+20	9.86e-01	1.44e-02	2.19e-07
 1.29710e+20	9.86e-01	1.42e-02	2.22e-07
 1.29716e+20	9.86e-01	1.39e-02	2.25e-07
 1.29721e+20	9.86e-01	1.37e-02	2.27e-07
 1.29726e+20	9.87e-01	1.34e-02	2.31e-07
 1.29732e+20	9.87e-01	1.31e-02	2.35e-07
 1.29737e+20	9.87e-01	1.29e-02	2.39e-07
 1.29742e+20	9.87e-01	1.27e-02	2.42e-07
 1.29746e+20	9.88e-01	1.25e-02	2.45e-07
 1.29751e+20	9.88e-01	1.22e-02	2.49e-07
 1.29757e+20	9.88e-01	1.20e-02	2.55e-07
 1.29764e+20	9.88e-01	1.17e-02	2.60e-07
 1.29770e+20	9.89e-01	1.14e-02	2.66e-07
 1.29776e+20	9.89e-01	1.12e-02	2.71e-07
 1.29781e+20	9.89e-01	1.10e-02	2.76e-07
 1.29786e+20	9.89e-01	1.08e-02	2.81e-07
 1.29790e+20	9.89e-01	1.06e-02	2.85e-07
 1.29794e+20	9.90e-01	1.05e-02	2.90e-07
 1.29799e+20	9.90e-01	1.03e-02	2.96e-07
 1.29804e+20	9.90e-01	1.01e-02	3.00e-07
 1.29809e+20	9.90e-01	9.93e-03	3.06e-07
 1.29814e+20	9.90e-01	9.74e-03	3.12e-07
 1.29819e+20	9.90e-01	9.57e-03	3.18e-07
 1.29824e+20	9.91e-01	9.43e-03	3.23e-07
 1.29829e+20	9.91e-01	9.27e-03	3.28e-07
 1.29834e+20	9.91e-01	9.10e-03	3.35e-07
 1.29839e+20	9.91e-01	8.95e-03	3.41e-07
 1.29844e+20	9.91e-01	8.78e-03	3.47e-07
 1.29850e+20	9.91e-01	8.61e-03	3.55e-07
 1.29855e+20	9.92e-01	8.46e-03	3.61e-07
 1.29860e+20	9.92e-01	8.33e-03	3.64e-07
 1.29868e+20	9.92e-01	8.21e-03	3.64e-07
 1.29877e+20	9.92e-01	8.05e-03	3.64e-07
 1.29890e+20	9.92e-01	7.85e-03	3.64e-07
 1.29906e+20	9.92e-01	7.60e-03	3.63e-07
 1.29927e+20	9.93e-01	7.28e-03	3.63e-07
 1.29951e+20	9.93e-01	6.95e-03	3.62e-07
 1.29975e+20	9.93e-01	6.64e-03	3.62e-07
 1.29997e+20	9.94e-01	6.37e-03	3.62e-07
 1.30020e+20	9.94e-01	6.10e-03	3.61e-07
 1.30043e+20	9.94e-01	5.84e-03	3.61e-07
 1.30067e+20	9.94e-01	5.59e-03	3.61e-07
 1.30091e+20	9.95e-01	5.35e-03	3.60e-07
 1.30116e+20	9.95e-01	5.12e-03	3.60e-07
 1.30141e+20	9.95e-01	4.90e-03	3.60e-07
 1.30166e+20	9.95e-01	4.69e-03	3.60e-07
 1.30192e+20	9.96e-01	4.49e-03	3.59e-07
 1.30218e+20	9.96e-01	4.29e-03	3.59e-07
 1.30245e+20	9.96e-01	4.11e-03	3.59e-07
 1.30273e+20	9.96e-01	3.93e-03	3.59e-07
 1.30300e+20	9.96e-01	3.76e-03	3.58e-07
 1.30329e+20	9.96e-01	3.59e-03	3.58e-07
 1.30358e+20	9.97e-01	3.44e-03	3.58e-07
 1.30388e+20	9.97e-01	3.29e-03	3.58e-07
 1.30419e+20	9.97e-01	3.14e-03	3.58e-07
 1.30450e+20	9.97e-01	3.01e-03	3.58e-07
 1.30482e+20	9.97e-01	2.88e-03	3.57e-07
 1.30515e+20	9.97e-01	2.75e-03	3.57e-07
 1.30549e+20	9.97e-01	2.63e-03	3.57e-07
 1.30584e+20	9.97e-01	2.52e-03	3.57e-07
 1.30620e+20	9.98e-01	2.41e-03	3.57e-07
 1.30657e+20	9.98e-01	2.31e-03	3.57e-07
 1.30695e+20	9.98e-01	2.21e-03	3.57e-07
 1.30734e+20	9.98e-01	2.11e-03	3.57e-07
 1.30774e+20	9.98e-01	2.03e-03	3.57e-07
 1.30815e+20	9.98e-01	1.94e-03	3.57e-07
 1.30858e+20	9.98e-01	1.86e-03	3.57e-07
 1.30902e+20	9.98e-01	1.78e-03	3.57e-07
 1.30947e+20	9.98e-01	1.71e-03	3.57e-07
 1.30993e+20	9.98e-01	1.64e-03	3.57e-07
 1.31041e+20	9.98e-01	1.57e-03	3.57e-07
 1.31090e+20	9.98e-01	1.51e-03	3.57e-07
 1.31140e+20	9.99e-01	1.45e-03	3.57e-07
 1.31192e+20	9.99e-01	1.39e-03	3.57e-07
 1.31244e+20	9.99e-01	1.33e-03	3.57e-07
 1.31298e+20	9.99e-01	1.28e-03	3.57e-07
 1.31353e+20	9.99e-01	1.23e-03	3.57e-07
 1.31410e+20	9.99e-01	1.18e-03	3.57e-07
 1.31467e+20	9.99e-01	1.13e-03	3.58e-07
 1.31525e+20	9.99e-01	1.09e-03	3.58e-07
 1.31584e+20	9.99e-01	1.04e-03	3.58e-07
 1.31645e+20	9.99e-01	1.00e-03	3.58e-07
 1.31707e+20	9.99e-01	9.61e-04	3.58e-07
 1.31768e+20	9.99e-01	9.23e-04	3.59e-07
 1.31831e+20	9.99e-01	8.84e-04	3.59e-07
 1.31894e+20	9.99e-01	8.49e-04	3.59e-07
 1.31959e+20	9.99e-01	8.13e-04	3.59e-07
 1.32024e+20	9.99e-01	7.83e-04	3.60e-07
 1.32089e+20	9.99e-01	7.48e-04	3.60e-07
 1.32155e+20	9.99e-01	7.18e-04	3.60e-07
 1.32222e+20	9.99e-01	6.86e-04	3.61e-07
