#depth	He	He+	He+2
 4.77315e+13	3.68e-05	6.36e-01	3.64e-01
 2.86389e+14	3.69e-05	6.37e-01	3.63e-01
 1.24102e+15	3.69e-05	6.37e-01	3.63e-01
 5.05954e+15	3.71e-05	6.39e-01	3.61e-01
 1.20856e+16	3.73e-05	6.39e-01	3.61e-01
 2.12195e+16	3.77e-05	6.40e-01	3.60e-01
 3.30936e+16	3.82e-05	6.42e-01	3.58e-01
 4.85299e+16	3.89e-05	6.47e-01	3.53e-01
 6.85971e+16	4.00e-05	6.55e-01	3.45e-01
 9.46844e+16	4.14e-05	6.66e-01	3.34e-01
 1.28598e+17	4.35e-05	6.83e-01	3.17e-01
 1.72686e+17	4.64e-05	7.07e-01	2.93e-01
 2.29999e+17	5.03e-05	7.40e-01	2.60e-01
 3.04508e+17	5.57e-05	7.83e-01	2.17e-01
 4.01368e+17	6.32e-05	8.36e-01	1.64e-01
 5.25237e+17	7.25e-05	8.92e-01	1.08e-01
 6.66247e+17	8.27e-05	9.38e-01	6.21e-02
 8.12897e+17	9.24e-05	9.67e-01	3.32e-02
 9.65413e+17	1.02e-04	9.83e-01	1.69e-02
 1.12403e+18	1.12e-04	9.92e-01	8.36e-03
 1.26514e+18	1.20e-04	9.95e-01	4.47e-03
 1.39165e+18	1.28e-04	9.97e-01	2.59e-03
 1.53082e+18	1.37e-04	9.98e-01	1.44e-03
 1.68390e+18	1.47e-04	9.99e-01	7.62e-04
 1.85229e+18	1.58e-04	9.99e-01	3.89e-04
 2.03752e+18	1.71e-04	1.00e+00	1.90e-04
 2.23723e+18	1.86e-04	1.00e+00	9.11e-05
 2.44672e+18	2.02e-04	1.00e+00	4.37e-05
 2.66459e+18	2.20e-04	1.00e+00	2.12e-05
 2.89117e+18	2.39e-04	1.00e+00	1.04e-05
 3.12682e+18	2.60e-04	1.00e+00	5.15e-06
 3.37189e+18	2.82e-04	1.00e+00	2.58e-06
 3.62677e+18	3.07e-04	1.00e+00	1.31e-06
 3.89184e+18	3.34e-04	1.00e+00	6.72e-07
 4.16751e+18	3.64e-04	1.00e+00	3.48e-07
 4.45421e+18	3.96e-04	1.00e+00	1.81e-07
 4.75238e+18	4.32e-04	1.00e+00	9.51e-08
 5.06248e+18	4.71e-04	1.00e+00	5.02e-08
 5.38497e+18	5.14e-04	9.99e-01	2.67e-08
 5.72037e+18	5.60e-04	9.99e-01	1.42e-08
 6.06919e+18	6.12e-04	9.99e-01	7.60e-09
 6.43196e+18	6.69e-04	9.99e-01	4.08e-09
 6.80923e+18	7.32e-04	9.99e-01	2.19e-09
 7.20160e+18	8.02e-04	9.99e-01	1.18e-09
 7.60967e+18	8.79e-04	9.99e-01	6.39e-10
 8.03405e+18	9.64e-04	9.99e-01	3.46e-10
 8.47542e+18	1.06e-03	9.99e-01	1.87e-10
 8.93443e+18	1.17e-03	9.99e-01	1.02e-10
 9.41181e+18	1.29e-03	9.99e-01	5.51e-11
 9.90828e+18	1.42e-03	9.99e-01	2.99e-11
 1.04246e+19	1.58e-03	9.98e-01	1.63e-11
 1.09616e+19	1.75e-03	9.98e-01	8.85e-12
 1.14676e+19	1.93e-03	9.98e-01	5.15e-12
 1.19154e+19	2.11e-03	9.98e-01	3.24e-12
 1.24112e+19	2.33e-03	9.98e-01	1.95e-12
 1.29562e+19	2.59e-03	9.97e-01	1.16e-12
 1.34511e+19	2.85e-03	9.97e-01	7.39e-13
 1.39035e+19	3.12e-03	9.97e-01	4.99e-13
 1.44149e+19	3.47e-03	9.97e-01	3.24e-13
 1.49644e+19	3.89e-03	9.96e-01	2.12e-13
 1.54434e+19	4.30e-03	9.96e-01	1.51e-13
 1.58720e+19	4.73e-03	9.95e-01	1.13e-13
 1.63553e+19	5.30e-03	9.95e-01	8.35e-14
 1.68715e+19	6.00e-03	9.94e-01	6.18e-14
 1.73141e+19	6.71e-03	9.93e-01	4.91e-14
 1.77012e+19	7.45e-03	9.93e-01	4.07e-14
 1.80512e+19	8.22e-03	9.92e-01	3.47e-14
 1.83649e+19	9.04e-03	9.91e-01	3.03e-14
 1.87131e+19	1.01e-02	9.90e-01	2.63e-14
 1.90744e+19	1.15e-02	9.89e-01	2.25e-14
 1.93660e+19	1.28e-02	9.87e-01	2.02e-14
 1.96069e+19	1.42e-02	9.86e-01	1.84e-14
 1.98683e+19	1.59e-02	9.84e-01	1.68e-14
 2.01450e+19	1.82e-02	9.82e-01	1.50e-14
 2.03748e+19	2.06e-02	9.79e-01	1.37e-14
 2.05662e+19	2.31e-02	9.77e-01	1.28e-14
 2.07746e+19	2.65e-02	9.73e-01	1.18e-14
 2.09945e+19	3.12e-02	9.69e-01	1.06e-14
 2.11759e+19	3.63e-02	9.64e-01	9.71e-15
 2.13250e+19	4.19e-02	9.58e-01	9.04e-15
 2.14634e+19	4.85e-02	9.52e-01	8.38e-15
 2.15969e+19	5.69e-02	9.43e-01	7.71e-15
 2.17182e+19	6.71e-02	9.33e-01	7.07e-15
 2.18216e+19	7.86e-02	9.21e-01	6.51e-15
 2.19097e+19	9.17e-02	9.08e-01	6.00e-15
 2.19859e+19	1.06e-01	8.94e-01	5.53e-15
 2.20524e+19	1.23e-01	8.77e-01	5.10e-15
 2.21134e+19	1.42e-01	8.58e-01	4.69e-15
 2.21702e+19	1.65e-01	8.35e-01	4.25e-15
 2.22223e+19	1.91e-01	8.09e-01	3.82e-15
 2.22697e+19	2.22e-01	7.78e-01	3.42e-15
 2.23122e+19	2.56e-01	7.44e-01	3.03e-15
 2.23506e+19	2.95e-01	7.05e-01	2.66e-15
 2.23862e+19	3.38e-01	6.62e-01	2.30e-15
 2.24195e+19	3.86e-01	6.14e-01	1.96e-15
 2.24507e+19	4.39e-01	5.61e-01	1.64e-15
 2.24797e+19	4.94e-01	5.06e-01	1.35e-15
 2.25074e+19	5.52e-01	4.48e-01	1.09e-15
 2.25341e+19	6.11e-01	3.89e-01	8.57e-16
 2.25594e+19	6.69e-01	3.31e-01	6.63e-16
 2.25836e+19	7.22e-01	2.78e-01	5.06e-16
 2.26068e+19	7.71e-01	2.29e-01	3.82e-16
 2.26291e+19	8.12e-01	1.88e-01	2.87e-16
 2.26503e+19	8.47e-01	1.53e-01	2.16e-16
 2.26704e+19	8.76e-01	1.24e-01	1.65e-16
 2.26889e+19	8.97e-01	1.03e-01	1.29e-16
 2.27044e+19	9.12e-01	8.75e-02	1.06e-16
 2.27158e+19	9.22e-01	7.83e-02	9.37e-17
 2.27241e+19	9.28e-01	7.22e-02	8.61e-17
 2.27309e+19	9.32e-01	6.76e-02	8.07e-17
 2.27375e+19	9.36e-01	6.36e-02	7.59e-17
 2.27438e+19	9.40e-01	5.99e-02	7.19e-17
 2.27497e+19	9.43e-01	5.71e-02	6.92e-17
 2.27547e+19	9.45e-01	5.48e-02	6.70e-17
 2.27591e+19	9.47e-01	5.29e-02	6.56e-17
 2.27634e+19	9.49e-01	5.12e-02	6.44e-17
 2.27675e+19	9.50e-01	4.98e-02	6.37e-17
 2.27709e+19	9.51e-01	4.87e-02	6.31e-17
 2.27733e+19	9.52e-01	4.80e-02	6.30e-17
 2.27755e+19	9.53e-01	4.73e-02	6.29e-17
 2.27780e+19	9.54e-01	4.65e-02	6.27e-17
 2.27807e+19	9.54e-01	4.57e-02	6.26e-17
 2.27833e+19	9.55e-01	4.51e-02	6.28e-17
 2.27858e+19	9.55e-01	4.45e-02	6.31e-17
 2.27883e+19	9.56e-01	4.39e-02	6.33e-17
 2.27907e+19	9.57e-01	4.34e-02	6.39e-17
 2.27932e+19	9.57e-01	4.28e-02	6.43e-17
 2.27956e+19	9.58e-01	4.24e-02	6.51e-17
 2.27980e+19	9.58e-01	4.20e-02	6.58e-17
 2.28004e+19	9.58e-01	4.16e-02	6.65e-17
 2.28028e+19	9.59e-01	4.12e-02	6.75e-17
 2.28051e+19	9.59e-01	4.08e-02	6.86e-17
 2.28075e+19	9.60e-01	4.05e-02	6.96e-17
 2.28098e+19	9.60e-01	4.02e-02	7.10e-17
 2.28122e+19	9.60e-01	3.99e-02	7.22e-17
 2.28145e+19	9.60e-01	3.97e-02	7.39e-17
 2.28168e+19	9.61e-01	3.94e-02	7.54e-17
 2.28191e+19	9.61e-01	3.92e-02	7.70e-17
 2.28214e+19	9.61e-01	3.89e-02	7.88e-17
 2.28236e+19	9.61e-01	3.87e-02	8.07e-17
 2.28259e+19	9.61e-01	3.86e-02	8.28e-17
 2.28281e+19	9.62e-01	3.84e-02	8.49e-17
 2.28303e+19	9.62e-01	3.82e-02	8.70e-17
 2.28325e+19	9.62e-01	3.81e-02	8.94e-17
 2.28346e+19	9.62e-01	3.79e-02	9.18e-17
 2.28367e+19	9.62e-01	3.78e-02	9.43e-17
 2.28389e+19	9.62e-01	3.77e-02	9.68e-17
 2.28410e+19	9.62e-01	3.76e-02	9.96e-17
 2.28430e+19	9.63e-01	3.75e-02	1.02e-16
 2.28451e+19	9.63e-01	3.74e-02	1.05e-16
 2.28472e+19	9.63e-01	3.73e-02	1.08e-16
 2.28492e+19	9.63e-01	3.72e-02	1.11e-16
 2.28512e+19	9.63e-01	3.71e-02	1.14e-16
 2.28533e+19	9.63e-01	3.70e-02	1.18e-16
 2.28553e+19	9.63e-01	3.69e-02	1.21e-16
 2.28573e+19	9.63e-01	3.68e-02	1.25e-16
 2.28593e+19	9.63e-01	3.67e-02	1.28e-16
 2.28613e+19	9.63e-01	3.67e-02	1.32e-16
 2.28633e+19	9.63e-01	3.66e-02	1.36e-16
 2.28652e+19	9.63e-01	3.65e-02	1.40e-16
 2.28672e+19	9.64e-01	3.64e-02	1.44e-16
 2.28692e+19	9.64e-01	3.63e-02	1.48e-16
 2.28712e+19	9.64e-01	3.62e-02	1.52e-16
 2.28731e+19	9.64e-01	3.61e-02	1.56e-16
 2.28751e+19	9.64e-01	3.60e-02	1.61e-16
 2.28771e+19	9.64e-01	3.60e-02	1.65e-16
 2.28791e+19	9.64e-01	3.59e-02	1.70e-16
 2.28810e+19	9.64e-01	3.57e-02	1.75e-16
 2.28830e+19	9.64e-01	3.56e-02	1.79e-16
 2.28850e+19	9.64e-01	3.55e-02	1.84e-16
 2.28870e+19	9.65e-01	3.54e-02	1.89e-16
 2.28890e+19	9.65e-01	3.53e-02	1.94e-16
 2.28910e+19	9.65e-01	3.51e-02	1.99e-16
 2.28930e+19	9.65e-01	3.50e-02	2.04e-16
 2.28950e+19	9.65e-01	3.48e-02	2.09e-16
 2.28970e+19	9.65e-01	3.47e-02	2.14e-16
 2.28990e+19	9.66e-01	3.45e-02	2.19e-16
 2.29010e+19	9.66e-01	3.43e-02	2.25e-16
 2.29031e+19	9.66e-01	3.41e-02	2.30e-16
 2.29051e+19	9.66e-01	3.40e-02	2.35e-16
 2.29071e+19	9.66e-01	3.37e-02	2.40e-16
 2.29092e+19	9.66e-01	3.35e-02	2.45e-16
 2.29113e+19	9.67e-01	3.33e-02	2.50e-16
 2.29133e+19	9.67e-01	3.31e-02	2.55e-16
 2.29154e+19	9.67e-01	3.28e-02	2.60e-16
 2.29175e+19	9.67e-01	3.26e-02	2.65e-16
 2.29196e+19	9.68e-01	3.23e-02	2.69e-16
 2.29217e+19	9.68e-01	3.21e-02	2.74e-16
 2.29238e+19	9.68e-01	3.18e-02	2.78e-16
 2.29259e+19	9.68e-01	3.15e-02	2.82e-16
 2.29281e+19	9.69e-01	3.12e-02	2.86e-16
 2.29302e+19	9.69e-01	3.09e-02	2.89e-16
 2.29323e+19	9.69e-01	3.06e-02	2.93e-16
 2.29345e+19	9.70e-01	3.03e-02	2.96e-16
 2.29366e+19	9.70e-01	2.99e-02	2.98e-16
 2.29387e+19	9.70e-01	2.96e-02	3.00e-16
 2.29409e+19	9.71e-01	2.92e-02	3.02e-16
 2.29430e+19	9.71e-01	2.89e-02	3.04e-16
 2.29450e+19	9.71e-01	2.85e-02	3.05e-16
 2.29470e+19	9.72e-01	2.82e-02	3.05e-16
 2.29488e+19	9.72e-01	2.79e-02	3.05e-16
 2.29504e+19	9.72e-01	2.76e-02	3.05e-16
 2.29520e+19	9.73e-01	2.73e-02	3.05e-16
 2.29535e+19	9.73e-01	2.70e-02	3.04e-16
 2.29549e+19	9.73e-01	2.68e-02	3.03e-16
 2.29562e+19	9.73e-01	2.65e-02	3.01e-16
 2.29574e+19	9.74e-01	2.63e-02	3.00e-16
 2.29585e+19	9.74e-01	2.60e-02	2.98e-16
 2.29595e+19	9.74e-01	2.58e-02	2.97e-16
 2.29604e+19	9.74e-01	2.56e-02	2.95e-16
 2.29612e+19	9.75e-01	2.55e-02	2.94e-16
 2.29620e+19	9.75e-01	2.53e-02	2.92e-16
 2.29627e+19	9.75e-01	2.52e-02	2.91e-16
 2.29634e+19	9.75e-01	2.50e-02	2.89e-16
 2.29642e+19	9.75e-01	2.48e-02	2.88e-16
 2.29650e+19	9.75e-01	2.46e-02	2.86e-16
 2.29657e+19	9.76e-01	2.45e-02	2.85e-16
 2.29664e+19	9.76e-01	2.43e-02	2.83e-16
 2.29672e+19	9.76e-01	2.41e-02	2.81e-16
 2.29679e+19	9.76e-01	2.40e-02	2.80e-16
 2.29686e+19	9.76e-01	2.38e-02	2.78e-16
 2.29693e+19	9.76e-01	2.36e-02	2.76e-16
 2.29701e+19	9.77e-01	2.34e-02	2.74e-16
 2.29708e+19	9.77e-01	2.33e-02	2.73e-16
 2.29716e+19	9.77e-01	2.31e-02	2.71e-16
 2.29726e+19	9.77e-01	2.29e-02	2.69e-16
 2.29737e+19	9.77e-01	2.27e-02	2.67e-16
 2.29747e+19	9.78e-01	2.24e-02	2.65e-16
 2.29756e+19	9.78e-01	2.22e-02	2.63e-16
 2.29764e+19	9.78e-01	2.21e-02	2.62e-16
 2.29773e+19	9.78e-01	2.19e-02	2.60e-16
 2.29783e+19	9.78e-01	2.16e-02	2.57e-16
 2.29791e+19	9.79e-01	2.15e-02	2.56e-16
 2.29799e+19	9.79e-01	2.13e-02	2.54e-16
 2.29808e+19	9.79e-01	2.11e-02	2.52e-16
 2.29818e+19	9.79e-01	2.09e-02	2.50e-16
 2.29827e+19	9.79e-01	2.07e-02	2.48e-16
 2.29834e+19	9.79e-01	2.05e-02	2.46e-16
 2.29843e+19	9.80e-01	2.03e-02	2.44e-16
 2.29854e+19	9.80e-01	2.00e-02	2.41e-16
 2.29866e+19	9.80e-01	1.98e-02	2.38e-16
 2.29877e+19	9.80e-01	1.95e-02	2.36e-16
 2.29888e+19	9.81e-01	1.93e-02	2.34e-16
 2.29897e+19	9.81e-01	1.92e-02	2.32e-16
 2.29905e+19	9.81e-01	1.90e-02	2.30e-16
 2.29914e+19	9.81e-01	1.88e-02	2.28e-16
 2.29924e+19	9.81e-01	1.86e-02	2.25e-16
 2.29933e+19	9.82e-01	1.84e-02	2.23e-16
 2.29943e+19	9.82e-01	1.82e-02	2.21e-16
 2.29953e+19	9.82e-01	1.79e-02	2.18e-16
 2.29963e+19	9.82e-01	1.78e-02	2.16e-16
 2.29972e+19	9.82e-01	1.76e-02	2.14e-16
 2.29981e+19	9.83e-01	1.74e-02	2.12e-16
 2.29994e+19	9.83e-01	1.72e-02	2.11e-16
 2.30010e+19	9.83e-01	1.70e-02	2.13e-16
 2.30031e+19	9.83e-01	1.68e-02	2.12e-16
 2.30059e+19	9.84e-01	1.65e-02	2.12e-16
 2.30095e+19	9.84e-01	1.61e-02	2.13e-16
 2.30140e+19	9.84e-01	1.56e-02	2.13e-16
 2.30188e+19	9.85e-01	1.51e-02	2.14e-16
 2.30233e+19	9.85e-01	1.47e-02	2.14e-16
 2.30275e+19	9.86e-01	1.43e-02	2.13e-16
 2.30320e+19	9.86e-01	1.38e-02	2.12e-16
 2.30371e+19	9.87e-01	1.33e-02	2.11e-16
 2.30423e+19	9.87e-01	1.28e-02	2.09e-16
 2.30473e+19	9.88e-01	1.24e-02	2.07e-16
 2.30522e+19	9.88e-01	1.19e-02	2.05e-16
 2.30574e+19	9.89e-01	1.14e-02	2.02e-16
 2.30628e+19	9.89e-01	1.10e-02	1.99e-16
 2.30683e+19	9.89e-01	1.05e-02	1.96e-16
 2.30737e+19	9.90e-01	1.01e-02	1.93e-16
 2.30792e+19	9.90e-01	9.65e-03	1.90e-16
 2.30848e+19	9.91e-01	9.23e-03	1.86e-16
 2.30906e+19	9.91e-01	8.81e-03	1.82e-16
 2.30963e+19	9.92e-01	8.41e-03	1.79e-16
 2.31021e+19	9.92e-01	8.02e-03	1.75e-16
 2.31079e+19	9.92e-01	7.65e-03	1.71e-16
 2.31138e+19	9.93e-01	7.28e-03	1.67e-16
 2.31198e+19	9.93e-01	6.93e-03	1.62e-16
 2.31258e+19	9.93e-01	6.59e-03	1.58e-16
 2.31318e+19	9.94e-01	6.27e-03	1.54e-16
 2.31378e+19	9.94e-01	5.96e-03	1.50e-16
 2.31439e+19	9.94e-01	5.66e-03	1.45e-16
 2.31501e+19	9.95e-01	5.37e-03	1.41e-16
 2.31563e+19	9.95e-01	5.09e-03	1.37e-16
 2.31625e+19	9.95e-01	4.83e-03	1.33e-16
 2.31688e+19	9.95e-01	4.57e-03	1.28e-16
 2.31751e+19	9.96e-01	4.33e-03	1.24e-16
 2.31815e+19	9.96e-01	4.10e-03	1.20e-16
 2.31878e+19	9.96e-01	3.87e-03	1.16e-16
 2.31942e+19	9.96e-01	3.66e-03	1.12e-16
 2.32006e+19	9.97e-01	3.46e-03	1.08e-16
 2.32071e+19	9.97e-01	3.27e-03	1.04e-16
 2.32135e+19	9.97e-01	3.09e-03	9.96e-17
 2.32200e+19	9.97e-01	2.91e-03	9.56e-17
 2.32267e+19	9.97e-01	2.74e-03	9.17e-17
 2.32333e+19	9.97e-01	2.58e-03	8.80e-17
 2.32399e+19	9.98e-01	2.43e-03	8.42e-17
 2.32466e+19	9.98e-01	2.29e-03	8.05e-17
 2.32534e+19	9.98e-01	2.15e-03	7.69e-17
 2.32602e+19	9.98e-01	2.02e-03	7.35e-17
 2.32670e+19	9.98e-01	1.90e-03	7.01e-17
 2.32737e+19	9.98e-01	1.78e-03	6.68e-17
 2.32807e+19	9.98e-01	1.67e-03	6.35e-17
 2.32877e+19	9.98e-01	1.56e-03	6.03e-17
 2.32947e+19	9.99e-01	1.47e-03	5.72e-17
 2.33017e+19	9.99e-01	1.37e-03	5.43e-17
 2.33087e+19	9.99e-01	1.28e-03	5.15e-17
