#depth	H	H+	H2
 6.46415e+15	5.21e-07	1.00e+00	5.84e-20
 3.87849e+16	5.33e-07	1.00e+00	6.10e-20
 1.25934e+17	5.65e-07	1.00e+00	6.81e-20
 2.50972e+17	6.13e-07	1.00e+00	7.87e-20
 3.81010e+17	6.65e-07	1.00e+00	9.06e-20
 5.16251e+17	7.23e-07	1.00e+00	1.05e-19
 6.56901e+17	7.85e-07	1.00e+00	1.22e-19
 8.03177e+17	8.52e-07	1.00e+00	1.41e-19
 9.55304e+17	9.25e-07	1.00e+00	1.62e-19
 1.11352e+18	1.00e-06	1.00e+00	1.88e-19
 1.27806e+18	1.09e-06	1.00e+00	2.17e-19
 1.44918e+18	1.18e-06	1.00e+00	2.52e-19
 1.62715e+18	1.29e-06	1.00e+00	2.91e-19
 1.81223e+18	1.40e-06	1.00e+00	3.37e-19
 2.00472e+18	1.52e-06	1.00e+00	3.90e-19
 2.20491e+18	1.65e-06	1.00e+00	4.52e-19
 2.41311e+18	1.79e-06	1.00e+00	5.25e-19
 2.62963e+18	1.94e-06	1.00e+00	6.09e-19
 2.85481e+18	2.11e-06	1.00e+00	7.08e-19
 3.08901e+18	2.29e-06	1.00e+00	8.23e-19
 3.33257e+18	2.49e-06	1.00e+00	9.58e-19
 3.58587e+18	2.70e-06	1.00e+00	1.12e-18
 3.84930e+18	2.94e-06	1.00e+00	1.30e-18
 4.12328e+18	3.19e-06	1.00e+00	1.52e-18
 4.40821e+18	3.46e-06	1.00e+00	1.77e-18
 4.70454e+18	3.76e-06	1.00e+00	2.07e-18
 5.01272e+18	4.08e-06	1.00e+00	2.42e-18
 5.33323e+18	4.43e-06	1.00e+00	2.82e-18
 5.66656e+18	4.81e-06	1.00e+00	3.30e-18
 6.01322e+18	5.22e-06	1.00e+00	3.86e-18
 6.37375e+18	5.66e-06	1.00e+00	4.53e-18
 6.74870e+18	6.14e-06	1.00e+00	5.30e-18
 7.13864e+18	6.67e-06	1.00e+00	6.21e-18
 7.54419e+18	7.23e-06	1.00e+00	7.28e-18
 7.96596e+18	7.84e-06	1.00e+00	8.53e-18
 8.40459e+18	8.50e-06	1.00e+00	1.00e-17
 8.86078e+18	9.21e-06	1.00e+00	1.17e-17
 9.33521e+18	9.99e-06	1.00e+00	1.38e-17
 9.82862e+18	1.08e-05	1.00e+00	1.62e-17
 1.03418e+19	1.17e-05	1.00e+00	1.90e-17
 1.08754e+19	1.27e-05	1.00e+00	2.23e-17
 1.14305e+19	1.38e-05	1.00e+00	2.62e-17
 1.20077e+19	1.49e-05	1.00e+00	3.08e-17
 1.26080e+19	1.62e-05	1.00e+00	3.62e-17
 1.32323e+19	1.75e-05	1.00e+00	4.26e-17
 1.38816e+19	1.90e-05	1.00e+00	5.01e-17
 1.45568e+19	2.06e-05	1.00e+00	5.89e-17
 1.52591e+19	2.23e-05	1.00e+00	6.94e-17
 1.59895e+19	2.42e-05	1.00e+00	8.16e-17
 1.67491e+19	2.63e-05	1.00e+00	9.62e-17
 1.75390e+19	2.85e-05	1.00e+00	1.13e-16
 1.83606e+19	3.09e-05	1.00e+00	1.34e-16
 1.92150e+19	3.35e-05	1.00e+00	1.57e-16
 2.01036e+19	3.63e-05	1.00e+00	1.86e-16
 2.10278e+19	3.94e-05	1.00e+00	2.19e-16
 2.19889e+19	4.27e-05	1.00e+00	2.59e-16
 2.29884e+19	4.63e-05	1.00e+00	3.06e-16
 2.40280e+19	5.02e-05	1.00e+00	3.62e-16
 2.51091e+19	5.44e-05	1.00e+00	4.29e-16
 2.62334e+19	5.90e-05	1.00e+00	5.08e-16
 2.74028e+19	6.40e-05	1.00e+00	6.02e-16
 2.86189e+19	6.95e-05	1.00e+00	7.15e-16
 2.98836e+19	7.54e-05	1.00e+00	8.49e-16
 3.11990e+19	8.18e-05	1.00e+00	1.01e-15
 3.25670e+19	8.87e-05	1.00e+00	1.20e-15
 3.39896e+19	9.62e-05	1.00e+00	1.42e-15
 3.54692e+19	1.04e-04	1.00e+00	1.69e-15
 3.70080e+19	1.13e-04	1.00e+00	2.02e-15
 3.86083e+19	1.23e-04	1.00e+00	2.40e-15
 4.02726e+19	1.34e-04	1.00e+00	2.87e-15
 4.20035e+19	1.45e-04	1.00e+00	3.43e-15
 4.38037e+19	1.57e-04	1.00e+00	4.10e-15
 4.56758e+19	1.71e-04	1.00e+00	4.90e-15
 4.76229e+19	1.86e-04	1.00e+00	5.88e-15
 4.96478e+19	2.02e-04	1.00e+00	7.05e-15
 5.17537e+19	2.19e-04	1.00e+00	8.47e-15
 5.39438e+19	2.38e-04	1.00e+00	1.02e-14
 5.62216e+19	2.59e-04	1.00e+00	1.23e-14
 5.85905e+19	2.82e-04	1.00e+00	1.48e-14
 6.10541e+19	3.07e-04	1.00e+00	1.79e-14
 6.36162e+19	3.34e-04	1.00e+00	2.17e-14
 6.62809e+19	3.64e-04	1.00e+00	2.63e-14
 6.90521e+19	3.97e-04	1.00e+00	3.19e-14
 7.19342e+19	4.34e-04	1.00e+00	3.89e-14
 7.49316e+19	4.74e-04	1.00e+00	4.75e-14
 7.80488e+19	5.18e-04	9.99e-01	5.80e-14
 8.12908e+19	5.67e-04	9.99e-01	7.11e-14
 8.46624e+19	6.21e-04	9.99e-01	8.73e-14
 8.81689e+19	6.82e-04	9.99e-01	1.07e-13
 9.18157e+19	7.50e-04	9.99e-01	1.32e-13
 9.56083e+19	8.26e-04	9.99e-01	1.63e-13
 9.94617e+19	9.10e-04	9.99e-01	2.01e-13
 1.03469e+20	1.01e-03	9.99e-01	2.49e-13
 1.07614e+20	1.12e-03	9.99e-01	3.07e-13
 1.11680e+20	1.23e-03	9.99e-01	3.76e-13
 1.16022e+20	1.38e-03	9.99e-01	4.67e-13
 1.20588e+20	1.54e-03	9.98e-01	5.81e-13
 1.24655e+20	1.71e-03	9.98e-01	7.00e-13
 1.28230e+20	1.88e-03	9.98e-01	8.26e-13
 1.32235e+20	2.10e-03	9.98e-01	9.99e-13
 1.36622e+20	2.37e-03	9.98e-01	1.22e-12
 1.40570e+20	2.65e-03	9.97e-01	1.46e-12
 1.43892e+20	2.94e-03	9.97e-01	1.70e-12
 1.46856e+20	3.23e-03	9.97e-01	1.95e-12
 1.49764e+20	3.56e-03	9.96e-01	2.25e-12
 1.52627e+20	3.94e-03	9.96e-01	2.59e-12
 1.55434e+20	4.37e-03	9.96e-01	2.98e-12
 1.58170e+20	4.88e-03	9.95e-01	3.46e-12
 1.60819e+20	5.46e-03	9.95e-01	4.03e-12
 1.63383e+20	6.14e-03	9.94e-01	4.72e-12
 1.65871e+20	6.95e-03	9.93e-01	5.56e-12
 1.68286e+20	7.91e-03	9.92e-01	6.59e-12
 1.70535e+20	9.01e-03	9.91e-01	7.82e-12
 1.72503e+20	1.02e-02	9.90e-01	9.21e-12
 1.74199e+20	1.15e-02	9.89e-01	1.09e-11
 1.75701e+20	1.29e-02	9.87e-01	1.26e-11
 1.77110e+20	1.44e-02	9.86e-01	1.49e-11
 1.78460e+20	1.62e-02	9.84e-01	1.75e-11
 1.79700e+20	1.82e-02	9.82e-01	2.08e-11
 1.80798e+20	2.04e-02	9.80e-01	2.45e-11
 1.81767e+20	2.27e-02	9.77e-01	2.89e-11
 1.82650e+20	2.52e-02	9.75e-01	3.41e-11
 1.83468e+20	2.80e-02	9.72e-01	4.04e-11
 1.84217e+20	3.10e-02	9.69e-01	4.81e-11
 1.84899e+20	3.43e-02	9.66e-01	5.71e-11
 1.85530e+20	3.78e-02	9.62e-01	6.81e-11
 1.86138e+20	4.19e-02	9.58e-01	8.21e-11
 1.86740e+20	4.66e-02	9.53e-01	1.00e-10
 1.87429e+20	5.33e-02	9.47e-01	1.29e-10
 1.88163e+20	6.25e-02	9.37e-01	1.76e-10
 1.88796e+20	7.33e-02	9.27e-01	2.41e-10
 1.89364e+20	8.61e-02	9.14e-01	3.32e-10
 1.89884e+20	1.01e-01	8.99e-01	4.65e-10
 1.90327e+20	1.19e-01	8.81e-01	6.47e-10
 1.90707e+20	1.38e-01	8.62e-01	8.92e-10
 1.91051e+20	1.60e-01	8.40e-01	1.24e-09
 1.91376e+20	1.85e-01	8.15e-01	1.73e-09
 1.91683e+20	2.15e-01	7.85e-01	2.46e-09
 1.91970e+20	2.50e-01	7.50e-01	3.59e-09
 1.92225e+20	2.89e-01	7.11e-01	5.19e-09
 1.92380e+20	3.17e-01	6.83e-01	6.64e-09
 1.92436e+20	3.28e-01	6.72e-01	7.25e-09
 1.92474e+20	3.35e-01	6.65e-01	7.72e-09
 1.92521e+20	3.45e-01	6.55e-01	8.34e-09
 1.92583e+20	3.58e-01	6.42e-01	9.25e-09
 1.92654e+20	3.73e-01	6.27e-01	1.04e-08
 1.92721e+20	3.88e-01	6.12e-01	1.17e-08
 1.92780e+20	4.02e-01	5.98e-01	1.29e-08
 1.92839e+20	4.16e-01	5.84e-01	1.45e-08
 1.92898e+20	4.31e-01	5.69e-01	1.60e-08
 1.92958e+20	4.46e-01	5.54e-01	1.79e-08
 1.93017e+20	4.62e-01	5.38e-01	2.00e-08
 1.93074e+20	4.77e-01	5.23e-01	2.21e-08
 1.93129e+20	4.92e-01	5.08e-01	2.45e-08
 1.93187e+20	5.08e-01	4.92e-01	2.73e-08
 1.93244e+20	5.24e-01	4.76e-01	3.05e-08
 1.93299e+20	5.40e-01	4.60e-01	3.39e-08
 1.93348e+20	5.53e-01	4.47e-01	3.69e-08
 1.93390e+20	5.66e-01	4.34e-01	4.02e-08
 1.93432e+20	5.78e-01	4.22e-01	4.34e-08
 1.93474e+20	5.91e-01	4.09e-01	4.73e-08
 1.93517e+20	6.03e-01	3.97e-01	5.11e-08
 1.93560e+20	6.15e-01	3.85e-01	5.56e-08
 1.93603e+20	6.28e-01	3.72e-01	6.03e-08
 1.93644e+20	6.40e-01	3.60e-01	6.52e-08
 1.93684e+20	6.51e-01	3.49e-01	7.02e-08
 1.93725e+20	6.63e-01	3.37e-01	7.61e-08
 1.93766e+20	6.74e-01	3.26e-01	8.18e-08
 1.93806e+20	6.86e-01	3.14e-01	8.84e-08
 1.93846e+20	6.97e-01	3.03e-01	9.47e-08
 1.93886e+20	7.08e-01	2.92e-01	1.02e-07
 1.93925e+20	7.18e-01	2.82e-01	1.09e-07
 1.93965e+20	7.28e-01	2.72e-01	1.17e-07
 1.94004e+20	7.39e-01	2.61e-01	1.26e-07
 1.94043e+20	7.49e-01	2.51e-01	1.34e-07
 1.94081e+20	7.58e-01	2.42e-01	1.43e-07
 1.94119e+20	7.67e-01	2.33e-01	1.53e-07
 1.94158e+20	7.76e-01	2.24e-01	1.62e-07
 1.94195e+20	7.85e-01	2.15e-01	1.73e-07
 1.94232e+20	7.93e-01	2.07e-01	1.82e-07
 1.94268e+20	8.02e-01	1.98e-01	1.93e-07
 1.94305e+20	8.09e-01	1.91e-01	2.03e-07
 1.94341e+20	8.17e-01	1.83e-01	2.14e-07
 1.94376e+20	8.24e-01	1.76e-01	2.24e-07
 1.94411e+20	8.31e-01	1.69e-01	2.35e-07
 1.94446e+20	8.37e-01	1.63e-01	2.45e-07
 1.94480e+20	8.44e-01	1.56e-01	2.55e-07
 1.94514e+20	8.50e-01	1.50e-01	2.66e-07
 1.94548e+20	8.56e-01	1.44e-01	2.75e-07
 1.94581e+20	8.61e-01	1.39e-01	2.85e-07
 1.94614e+20	8.67e-01	1.33e-01	2.93e-07
 1.94647e+20	8.72e-01	1.28e-01	3.03e-07
 1.94680e+20	8.77e-01	1.23e-01	3.10e-07
 1.94712e+20	8.82e-01	1.18e-01	3.18e-07
 1.94744e+20	8.86e-01	1.14e-01	3.25e-07
 1.94776e+20	8.91e-01	1.09e-01	3.31e-07
 1.94808e+20	8.95e-01	1.05e-01	3.37e-07
 1.94840e+20	8.99e-01	1.01e-01	3.42e-07
 1.94871e+20	9.03e-01	9.71e-02	3.46e-07
 1.94903e+20	9.07e-01	9.33e-02	3.50e-07
 1.94934e+20	9.10e-01	8.96e-02	3.53e-07
 1.94965e+20	9.14e-01	8.61e-02	3.55e-07
 1.94996e+20	9.17e-01	8.28e-02	3.57e-07
 1.95027e+20	9.20e-01	7.95e-02	3.58e-07
 1.95058e+20	9.24e-01	7.64e-02	3.58e-07
 1.95088e+20	9.27e-01	7.35e-02	3.57e-07
 1.95119e+20	9.29e-01	7.07e-02	3.56e-07
 1.95149e+20	9.32e-01	6.79e-02	3.55e-07
 1.95179e+20	9.35e-01	6.53e-02	3.53e-07
 1.95209e+20	9.37e-01	6.27e-02	3.51e-07
 1.95240e+20	9.40e-01	6.02e-02	3.48e-07
 1.95270e+20	9.42e-01	5.79e-02	3.45e-07
 1.95299e+20	9.44e-01	5.56e-02	3.42e-07
 1.95329e+20	9.47e-01	5.34e-02	3.38e-07
 1.95359e+20	9.49e-01	5.14e-02	3.34e-07
 1.95388e+20	9.51e-01	4.93e-02	3.30e-07
 1.95418e+20	9.53e-01	4.74e-02	3.26e-07
 1.95447e+20	9.54e-01	4.55e-02	3.21e-07
 1.95476e+20	9.56e-01	4.37e-02	3.16e-07
 1.95505e+20	9.58e-01	4.20e-02	3.11e-07
 1.95534e+20	9.60e-01	4.04e-02	3.06e-07
 1.95563e+20	9.61e-01	3.88e-02	3.01e-07
 1.95591e+20	9.63e-01	3.72e-02	2.96e-07
 1.95619e+20	9.64e-01	3.57e-02	2.91e-07
 1.95647e+20	9.66e-01	3.43e-02	2.86e-07
 1.95675e+20	9.67e-01	3.30e-02	2.82e-07
 1.95702e+20	9.68e-01	3.16e-02	2.77e-07
 1.95730e+20	9.70e-01	3.04e-02	2.73e-07
 1.95756e+20	9.71e-01	2.92e-02	2.69e-07
 1.95782e+20	9.72e-01	2.80e-02	2.65e-07
 1.95808e+20	9.73e-01	2.68e-02	2.60e-07
 1.95834e+20	9.74e-01	2.58e-02	2.56e-07
 1.95858e+20	9.75e-01	2.47e-02	2.52e-07
 1.95880e+20	9.76e-01	2.38e-02	2.49e-07
 1.95900e+20	9.77e-01	2.30e-02	2.46e-07
 1.95918e+20	9.78e-01	2.23e-02	2.44e-07
 1.95935e+20	9.78e-01	2.16e-02	2.43e-07
 1.95951e+20	9.79e-01	2.09e-02	2.42e-07
 1.95966e+20	9.80e-01	2.03e-02	2.42e-07
 1.95979e+20	9.80e-01	1.98e-02	2.42e-07
 1.95991e+20	9.81e-01	1.93e-02	2.42e-07
 1.96002e+20	9.81e-01	1.89e-02	2.43e-07
 1.96012e+20	9.81e-01	1.85e-02	2.44e-07
 1.96021e+20	9.82e-01	1.82e-02	2.45e-07
 1.96029e+20	9.82e-01	1.78e-02	2.46e-07
 1.96037e+20	9.82e-01	1.76e-02	2.47e-07
 1.96045e+20	9.83e-01	1.72e-02	2.49e-07
 1.96054e+20	9.83e-01	1.69e-02	2.50e-07
 1.96062e+20	9.83e-01	1.66e-02	2.52e-07
 1.96070e+20	9.84e-01	1.63e-02	2.55e-07
 1.96076e+20	9.84e-01	1.61e-02	2.56e-07
 1.96084e+20	9.84e-01	1.58e-02	2.59e-07
 1.96092e+20	9.84e-01	1.55e-02	2.62e-07
 1.96099e+20	9.85e-01	1.53e-02	2.64e-07
 1.96106e+20	9.85e-01	1.51e-02	2.66e-07
 1.96113e+20	9.85e-01	1.49e-02	2.68e-07
 1.96122e+20	9.85e-01	1.46e-02	2.72e-07
 1.96132e+20	9.86e-01	1.43e-02	2.76e-07
 1.96141e+20	9.86e-01	1.40e-02	2.79e-07
 1.96150e+20	9.86e-01	1.38e-02	2.82e-07
 1.96157e+20	9.86e-01	1.36e-02	2.85e-07
 1.96166e+20	9.87e-01	1.33e-02	2.89e-07
 1.96175e+20	9.87e-01	1.31e-02	2.93e-07
 1.96183e+20	9.87e-01	1.29e-02	2.97e-07
 1.96192e+20	9.87e-01	1.26e-02	3.02e-07
 1.96202e+20	9.88e-01	1.24e-02	3.07e-07
 1.96211e+20	9.88e-01	1.22e-02	3.12e-07
 1.96219e+20	9.88e-01	1.20e-02	3.16e-07
 1.96226e+20	9.88e-01	1.18e-02	3.21e-07
 1.96234e+20	9.88e-01	1.16e-02	3.26e-07
 1.96243e+20	9.89e-01	1.14e-02	3.32e-07
 1.96250e+20	9.89e-01	1.12e-02	3.37e-07
 1.96258e+20	9.89e-01	1.10e-02	3.42e-07
 1.96265e+20	9.89e-01	1.09e-02	3.47e-07
 1.96274e+20	9.89e-01	1.07e-02	3.53e-07
 1.96282e+20	9.89e-01	1.05e-02	3.59e-07
 1.96290e+20	9.90e-01	1.03e-02	3.65e-07
 1.96299e+20	9.90e-01	1.01e-02	3.72e-07
 1.96308e+20	9.90e-01	9.96e-03	3.78e-07
 1.96315e+20	9.90e-01	9.82e-03	3.84e-07
 1.96323e+20	9.90e-01	9.65e-03	3.90e-07
 1.96332e+20	9.91e-01	9.48e-03	3.97e-07
 1.96340e+20	9.91e-01	9.33e-03	4.04e-07
 1.96349e+20	9.91e-01	9.16e-03	4.11e-07
 1.96359e+20	9.91e-01	8.98e-03	4.19e-07
 1.96368e+20	9.91e-01	8.83e-03	4.26e-07
 1.96376e+20	9.91e-01	8.68e-03	4.32e-07
 1.96384e+20	9.91e-01	8.60e-03	4.32e-07
 1.96396e+20	9.91e-01	8.50e-03	4.32e-07
 1.96411e+20	9.92e-01	8.36e-03	4.32e-07
 1.96430e+20	9.92e-01	8.17e-03	4.31e-07
 1.96455e+20	9.92e-01	7.94e-03	4.31e-07
 1.96487e+20	9.92e-01	7.65e-03	4.30e-07
 1.96527e+20	9.93e-01	7.31e-03	4.30e-07
 1.96569e+20	9.93e-01	6.98e-03	4.29e-07
 1.96609e+20	9.93e-01	6.69e-03	4.29e-07
 1.96647e+20	9.94e-01	6.41e-03	4.28e-07
 1.96687e+20	9.94e-01	6.15e-03	4.28e-07
 1.96728e+20	9.94e-01	5.88e-03	4.27e-07
 1.96770e+20	9.94e-01	5.63e-03	4.27e-07
 1.96812e+20	9.95e-01	5.39e-03	4.26e-07
 1.96854e+20	9.95e-01	5.16e-03	4.26e-07
 1.96897e+20	9.95e-01	4.94e-03	4.26e-07
 1.96941e+20	9.95e-01	4.73e-03	4.25e-07
 1.96986e+20	9.95e-01	4.52e-03	4.25e-07
 1.97031e+20	9.96e-01	4.33e-03	4.25e-07
 1.97077e+20	9.96e-01	4.14e-03	4.24e-07
 1.97124e+20	9.96e-01	3.96e-03	4.24e-07
 1.97172e+20	9.96e-01	3.79e-03	4.24e-07
 1.97221e+20	9.96e-01	3.63e-03	4.23e-07
 1.97271e+20	9.97e-01	3.47e-03	4.23e-07
 1.97322e+20	9.97e-01	3.32e-03	4.23e-07
 1.97374e+20	9.97e-01	3.17e-03	4.23e-07
 1.97427e+20	9.97e-01	3.03e-03	4.23e-07
 1.97482e+20	9.97e-01	2.90e-03	4.22e-07
 1.97538e+20	9.97e-01	2.78e-03	4.22e-07
 1.97596e+20	9.97e-01	2.66e-03	4.22e-07
 1.97655e+20	9.97e-01	2.54e-03	4.22e-07
 1.97716e+20	9.98e-01	2.43e-03	4.22e-07
 1.97778e+20	9.98e-01	2.33e-03	4.22e-07
 1.97842e+20	9.98e-01	2.23e-03	4.22e-07
 1.97908e+20	9.98e-01	2.13e-03	4.22e-07
 1.97976e+20	9.98e-01	2.04e-03	4.22e-07
 1.98047e+20	9.98e-01	1.95e-03	4.21e-07
 1.98119e+20	9.98e-01	1.87e-03	4.21e-07
 1.98193e+20	9.98e-01	1.79e-03	4.21e-07
 1.98269e+20	9.98e-01	1.72e-03	4.21e-07
 1.98348e+20	9.98e-01	1.65e-03	4.21e-07
 1.98429e+20	9.98e-01	1.58e-03	4.22e-07
 1.98511e+20	9.98e-01	1.51e-03	4.22e-07
 1.98596e+20	9.99e-01	1.45e-03	4.22e-07
 1.98684e+20	9.99e-01	1.39e-03	4.22e-07
 1.98774e+20	9.99e-01	1.34e-03	4.22e-07
 1.98867e+20	9.99e-01	1.28e-03	4.22e-07
 1.98961e+20	9.99e-01	1.23e-03	4.22e-07
 1.99057e+20	9.99e-01	1.18e-03	4.22e-07
 1.99156e+20	9.99e-01	1.13e-03	4.23e-07
 1.99257e+20	9.99e-01	1.09e-03	4.23e-07
 1.99359e+20	9.99e-01	1.05e-03	4.23e-07
 1.99464e+20	9.99e-01	1.00e-03	4.23e-07
 1.99570e+20	9.99e-01	9.62e-04	4.24e-07
 1.99679e+20	9.99e-01	9.24e-04	4.24e-07
 1.99788e+20	9.99e-01	8.84e-04	4.24e-07
 1.99898e+20	9.99e-01	8.51e-04	4.25e-07
 2.00010e+20	9.99e-01	8.14e-04	4.25e-07
 2.00124e+20	9.99e-01	7.80e-04	4.25e-07
 2.00240e+20	9.99e-01	7.48e-04	4.26e-07
 2.00356e+20	9.99e-01	7.17e-04	4.26e-07
 2.00472e+20	9.99e-01	6.87e-04	4.27e-07
