#depth	He	He+	He+2
 5.94218e+12	3.08e-04	9.11e-01	8.90e-02
 3.56531e+13	3.08e-04	9.11e-01	8.90e-02
 1.54497e+14	3.08e-04	9.11e-01	8.89e-02
 6.29871e+14	3.08e-04	9.11e-01	8.85e-02
 1.50456e+15	3.08e-04	9.11e-01	8.90e-02
 2.64165e+15	3.09e-04	9.11e-01	8.90e-02
 4.11988e+15	3.09e-04	9.11e-01	8.87e-02
 6.04157e+15	3.10e-04	9.12e-01	8.78e-02
 8.53977e+15	3.11e-04	9.14e-01	8.61e-02
 1.17874e+16	3.13e-04	9.16e-01	8.35e-02
 1.60094e+16	3.15e-04	9.20e-01	7.95e-02
 2.14979e+16	3.18e-04	9.26e-01	7.38e-02
 2.86330e+16	3.22e-04	9.34e-01	6.61e-02
 3.79087e+16	3.28e-04	9.43e-01	5.63e-02
 4.99670e+16	3.34e-04	9.55e-01	4.47e-02
 6.56428e+16	3.42e-04	9.67e-01	3.24e-02
 8.60214e+16	3.51e-04	9.79e-01	2.08e-02
 1.12513e+17	3.61e-04	9.88e-01	1.14e-02
 1.46953e+17	3.72e-04	9.94e-01	5.17e-03
 1.91725e+17	3.86e-04	9.98e-01	1.87e-03
 2.27882e+17	3.94e-04	9.99e-01	8.00e-04
 2.50670e+17	4.01e-04	9.99e-01	4.85e-04
 2.75738e+17	4.08e-04	9.99e-01	2.84e-04
 3.03311e+17	4.16e-04	9.99e-01	1.60e-04
 3.33642e+17	4.25e-04	9.99e-01	8.70e-05
 3.67007e+17	4.34e-04	1.00e+00	4.57e-05
 4.03707e+17	4.45e-04	1.00e+00	2.32e-05
 4.44078e+17	4.58e-04	1.00e+00	1.15e-05
 4.88486e+17	4.72e-04	1.00e+00	5.53e-06
 5.37334e+17	4.88e-04	1.00e+00	2.60e-06
 5.91068e+17	5.06e-04	9.99e-01	1.20e-06
 6.50175e+17	5.26e-04	9.99e-01	5.40e-07
 7.15192e+17	5.49e-04	9.99e-01	2.39e-07
 7.86711e+17	5.76e-04	9.99e-01	1.04e-07
 8.65383e+17	6.06e-04	9.99e-01	4.39e-08
 9.51921e+17	6.41e-04	9.99e-01	1.82e-08
 1.04711e+18	6.82e-04	9.99e-01	7.38e-09
 1.15182e+18	7.30e-04	9.99e-01	2.92e-09
 1.26701e+18	7.86e-04	9.99e-01	1.13e-09
 1.39371e+18	8.52e-04	9.99e-01	4.26e-10
 1.53308e+18	9.30e-04	9.99e-01	1.57e-10
 1.68639e+18	1.03e-03	9.99e-01	5.71e-11
 1.85502e+18	1.14e-03	9.99e-01	2.05e-11
 2.04053e+18	1.29e-03	9.99e-01	7.47e-12
 2.24045e+18	1.46e-03	9.99e-01	2.93e-12
 2.43796e+18	1.67e-03	9.98e-01	1.39e-12
 2.62014e+18	1.88e-03	9.98e-01	8.21e-13
 2.77091e+18	2.09e-03	9.98e-01	5.82e-13
 2.89086e+18	2.27e-03	9.98e-01	4.70e-13
 3.02107e+18	2.51e-03	9.97e-01	3.87e-13
 3.16567e+18	2.80e-03	9.97e-01	3.14e-13
 3.29717e+18	3.11e-03	9.97e-01	2.67e-13
 3.41295e+18	3.43e-03	9.97e-01	2.35e-13
 3.54012e+18	3.84e-03	9.96e-01	2.08e-13
 3.67284e+18	4.34e-03	9.96e-01	1.78e-13
 3.78163e+18	4.84e-03	9.95e-01	1.59e-13
 3.87396e+18	5.34e-03	9.95e-01	1.46e-13
 3.97602e+18	6.01e-03	9.94e-01	1.34e-13
 4.08339e+18	6.85e-03	9.93e-01	1.18e-13
 4.17182e+18	7.72e-03	9.92e-01	1.08e-13
 4.23893e+18	8.52e-03	9.91e-01	1.01e-13
 4.29361e+18	9.28e-03	9.91e-01	9.55e-14
 4.35417e+18	1.03e-02	9.90e-01	9.03e-14
 4.41976e+18	1.16e-02	9.88e-01	8.29e-14
 4.47596e+18	1.30e-02	9.87e-01	7.73e-14
 4.52216e+18	1.44e-02	9.86e-01	7.30e-14
 4.56418e+18	1.59e-02	9.84e-01	6.94e-14
 4.61170e+18	1.81e-02	9.82e-01	6.54e-14
 4.66026e+18	2.08e-02	9.79e-01	5.99e-14
 4.69830e+18	2.37e-02	9.76e-01	5.62e-14
 4.72932e+18	2.65e-02	9.73e-01	5.35e-14
 4.76309e+18	3.05e-02	9.70e-01	5.06e-14
 4.79921e+18	3.60e-02	9.64e-01	4.62e-14
 4.82954e+18	4.23e-02	9.58e-01	4.27e-14
 4.85449e+18	4.91e-02	9.51e-01	3.99e-14
 4.87686e+18	5.72e-02	9.43e-01	3.71e-14
 4.89739e+18	6.70e-02	9.33e-01	3.43e-14
 4.91582e+18	7.86e-02	9.21e-01	3.16e-14
 4.93189e+18	9.20e-02	9.08e-01	2.91e-14
 4.94507e+18	1.06e-01	8.94e-01	2.67e-14
 4.95575e+18	1.21e-01	8.79e-01	2.48e-14
 4.96548e+18	1.37e-01	8.63e-01	2.30e-14
 4.97494e+18	1.58e-01	8.42e-01	2.09e-14
 4.98381e+18	1.81e-01	8.19e-01	1.89e-14
 4.99171e+18	2.07e-01	7.93e-01	1.70e-14
 4.99872e+18	2.36e-01	7.64e-01	1.52e-14
 5.00514e+18	2.68e-01	7.32e-01	1.35e-14
 5.01113e+18	3.04e-01	6.96e-01	1.18e-14
 5.01670e+18	3.43e-01	6.57e-01	1.02e-14
 5.02182e+18	3.85e-01	6.15e-01	8.74e-15
 5.02659e+18	4.29e-01	5.71e-01	7.39e-15
 5.03108e+18	4.77e-01	5.23e-01	6.15e-15
 5.03527e+18	5.25e-01	4.75e-01	5.05e-15
 5.03916e+18	5.73e-01	4.27e-01	4.11e-15
 5.04284e+18	6.20e-01	3.80e-01	3.30e-15
 5.04633e+18	6.65e-01	3.35e-01	2.62e-15
 5.04964e+18	7.06e-01	2.94e-01	2.07e-15
 5.05280e+18	7.44e-01	2.56e-01	1.62e-15
 5.05580e+18	7.77e-01	2.23e-01	1.27e-15
 5.05843e+18	8.03e-01	1.97e-01	1.01e-15
 5.06048e+18	8.21e-01	1.79e-01	8.51e-16
 5.06202e+18	8.34e-01	1.66e-01	7.48e-16
 5.06330e+18	8.44e-01	1.56e-01	6.73e-16
 5.06448e+18	8.52e-01	1.48e-01	6.09e-16
 5.06561e+18	8.60e-01	1.40e-01	5.52e-16
 5.06665e+18	8.66e-01	1.34e-01	5.04e-16
 5.06759e+18	8.71e-01	1.29e-01	4.67e-16
 5.06844e+18	8.76e-01	1.24e-01	4.35e-16
 5.06922e+18	8.79e-01	1.21e-01	4.08e-16
 5.06997e+18	8.83e-01	1.17e-01	3.84e-16
 5.07057e+18	8.85e-01	1.15e-01	3.65e-16
 5.07101e+18	8.87e-01	1.13e-01	3.54e-16
 5.07143e+18	8.89e-01	1.11e-01	3.44e-16
 5.07190e+18	8.91e-01	1.09e-01	3.31e-16
 5.07239e+18	8.92e-01	1.08e-01	3.18e-16
 5.07288e+18	8.94e-01	1.06e-01	3.06e-16
 5.07334e+18	8.96e-01	1.04e-01	2.96e-16
 5.07380e+18	8.97e-01	1.03e-01	2.86e-16
 5.07425e+18	8.98e-01	1.02e-01	2.77e-16
 5.07471e+18	9.00e-01	1.00e-01	2.68e-16
 5.07516e+18	9.01e-01	9.91e-02	2.59e-16
 5.07561e+18	9.02e-01	9.80e-02	2.51e-16
 5.07605e+18	9.03e-01	9.69e-02	2.44e-16
 5.07649e+18	9.04e-01	9.59e-02	2.36e-16
 5.07694e+18	9.05e-01	9.50e-02	2.29e-16
 5.07738e+18	9.06e-01	9.40e-02	2.23e-16
 5.07781e+18	9.07e-01	9.32e-02	2.17e-16
 5.07825e+18	9.08e-01	9.24e-02	2.11e-16
 5.07869e+18	9.08e-01	9.16e-02	2.05e-16
 5.07912e+18	9.09e-01	9.08e-02	1.99e-16
 5.07955e+18	9.10e-01	9.02e-02	1.94e-16
 5.07998e+18	9.11e-01	8.94e-02	1.89e-16
 5.08041e+18	9.11e-01	8.89e-02	1.84e-16
 5.08084e+18	9.12e-01	8.82e-02	1.80e-16
 5.08126e+18	9.12e-01	8.77e-02	1.76e-16
 5.08167e+18	9.13e-01	8.71e-02	1.71e-16
 5.08209e+18	9.13e-01	8.66e-02	1.67e-16
 5.08251e+18	9.14e-01	8.60e-02	1.64e-16
 5.08293e+18	9.14e-01	8.55e-02	1.60e-16
 5.08334e+18	9.15e-01	8.50e-02	1.56e-16
 5.08375e+18	9.15e-01	8.45e-02	1.53e-16
 5.08416e+18	9.16e-01	8.41e-02	1.50e-16
 5.08456e+18	9.16e-01	8.36e-02	1.47e-16
 5.08497e+18	9.17e-01	8.32e-02	1.44e-16
 5.08538e+18	9.17e-01	8.27e-02	1.41e-16
 5.08578e+18	9.18e-01	8.23e-02	1.38e-16
 5.08618e+18	9.18e-01	8.17e-02	1.35e-16
 5.08659e+18	9.19e-01	8.14e-02	1.33e-16
 5.08699e+18	9.19e-01	8.09e-02	1.30e-16
 5.08739e+18	9.20e-01	8.04e-02	1.28e-16
 5.08780e+18	9.20e-01	7.99e-02	1.26e-16
 5.08821e+18	9.21e-01	7.94e-02	1.24e-16
 5.08862e+18	9.21e-01	7.89e-02	1.21e-16
 5.08902e+18	9.22e-01	7.84e-02	1.19e-16
 5.08943e+18	9.22e-01	7.78e-02	1.17e-16
 5.08985e+18	9.23e-01	7.73e-02	1.15e-16
 5.09026e+18	9.23e-01	7.67e-02	1.13e-16
 5.09068e+18	9.24e-01	7.62e-02	1.11e-16
 5.09110e+18	9.24e-01	7.56e-02	1.09e-16
 5.09152e+18	9.25e-01	7.50e-02	1.08e-16
 5.09194e+18	9.26e-01	7.43e-02	1.06e-16
 5.09237e+18	9.26e-01	7.37e-02	1.04e-16
 5.09281e+18	9.27e-01	7.30e-02	1.02e-16
 5.09324e+18	9.28e-01	7.23e-02	1.01e-16
 5.09368e+18	9.28e-01	7.15e-02	9.92e-17
 5.09413e+18	9.29e-01	7.08e-02	9.75e-17
 5.09458e+18	9.30e-01	7.00e-02	9.60e-17
 5.09503e+18	9.31e-01	6.92e-02	9.44e-17
 5.09549e+18	9.32e-01	6.83e-02	9.29e-17
 5.09596e+18	9.33e-01	6.75e-02	9.14e-17
 5.09643e+18	9.33e-01	6.66e-02	8.99e-17
 5.09691e+18	9.34e-01	6.56e-02	8.84e-17
 5.09739e+18	9.35e-01	6.47e-02	8.69e-17
 5.09788e+18	9.36e-01	6.37e-02	8.55e-17
 5.09838e+18	9.37e-01	6.27e-02	8.40e-17
 5.09888e+18	9.38e-01	6.16e-02	8.25e-17
 5.09939e+18	9.39e-01	6.06e-02	8.11e-17
 5.09991e+18	9.41e-01	5.95e-02	7.96e-17
 5.10043e+18	9.42e-01	5.84e-02	7.81e-17
 5.10096e+18	9.43e-01	5.72e-02	7.67e-17
 5.10151e+18	9.44e-01	5.60e-02	7.52e-17
 5.10205e+18	9.45e-01	5.48e-02	7.37e-17
 5.10261e+18	9.46e-01	5.37e-02	7.23e-17
 5.10317e+18	9.48e-01	5.24e-02	7.08e-17
 5.10374e+18	9.49e-01	5.12e-02	6.92e-17
 5.10431e+18	9.50e-01	5.00e-02	6.78e-17
 5.10489e+18	9.51e-01	4.88e-02	6.64e-17
 5.10548e+18	9.52e-01	4.75e-02	6.49e-17
 5.10607e+18	9.54e-01	4.63e-02	6.34e-17
 5.10667e+18	9.55e-01	4.51e-02	6.20e-17
 5.10727e+18	9.56e-01	4.39e-02	6.05e-17
 5.10787e+18	9.57e-01	4.27e-02	5.90e-17
 5.10848e+18	9.59e-01	4.15e-02	5.76e-17
 5.10908e+18	9.60e-01	4.03e-02	5.61e-17
 5.10969e+18	9.61e-01	3.92e-02	5.47e-17
 5.11029e+18	9.62e-01	3.81e-02	5.32e-17
 5.11086e+18	9.63e-01	3.71e-02	5.19e-17
 5.11139e+18	9.64e-01	3.61e-02	5.06e-17
 5.11188e+18	9.65e-01	3.53e-02	4.94e-17
 5.11233e+18	9.65e-01	3.45e-02	4.84e-17
 5.11277e+18	9.66e-01	3.38e-02	4.73e-17
 5.11318e+18	9.67e-01	3.31e-02	4.63e-17
 5.11356e+18	9.68e-01	3.24e-02	4.53e-17
 5.11392e+18	9.68e-01	3.18e-02	4.44e-17
 5.11426e+18	9.69e-01	3.12e-02	4.35e-17
 5.11459e+18	9.69e-01	3.07e-02	4.26e-17
 5.11490e+18	9.70e-01	3.02e-02	4.18e-17
 5.11518e+18	9.70e-01	2.97e-02	4.11e-17
 5.11544e+18	9.71e-01	2.93e-02	4.04e-17
 5.11567e+18	9.71e-01	2.90e-02	3.98e-17
 5.11589e+18	9.71e-01	2.86e-02	3.92e-17
 5.11608e+18	9.72e-01	2.83e-02	3.87e-17
 5.11626e+18	9.72e-01	2.80e-02	3.83e-17
 5.11645e+18	9.72e-01	2.77e-02	3.78e-17
 5.11670e+18	9.73e-01	2.73e-02	3.70e-17
 5.11697e+18	9.73e-01	2.69e-02	3.63e-17
 5.11721e+18	9.74e-01	2.65e-02	3.57e-17
 5.11744e+18	9.74e-01	2.62e-02	3.52e-17
 5.11764e+18	9.74e-01	2.58e-02	3.47e-17
 5.11783e+18	9.74e-01	2.56e-02	3.42e-17
 5.11800e+18	9.75e-01	2.53e-02	3.38e-17
 5.11818e+18	9.75e-01	2.50e-02	3.34e-17
 5.11842e+18	9.75e-01	2.46e-02	3.28e-17
 5.11868e+18	9.76e-01	2.43e-02	3.23e-17
 5.11892e+18	9.76e-01	2.39e-02	3.18e-17
 5.11913e+18	9.76e-01	2.36e-02	3.13e-17
 5.11933e+18	9.77e-01	2.34e-02	3.10e-17
 5.11954e+18	9.77e-01	2.31e-02	3.05e-17
 5.11982e+18	9.77e-01	2.27e-02	2.99e-17
 5.12012e+18	9.78e-01	2.23e-02	2.93e-17
 5.12039e+18	9.78e-01	2.19e-02	2.88e-17
 5.12064e+18	9.78e-01	2.16e-02	2.84e-17
 5.12087e+18	9.79e-01	2.13e-02	2.79e-17
 5.12107e+18	9.79e-01	2.10e-02	2.76e-17
 5.12126e+18	9.79e-01	2.08e-02	2.72e-17
 5.12147e+18	9.79e-01	2.05e-02	2.69e-17
 5.12173e+18	9.80e-01	2.01e-02	2.62e-17
 5.12202e+18	9.80e-01	1.98e-02	2.58e-17
 5.12228e+18	9.81e-01	1.94e-02	2.53e-17
 5.12252e+18	9.81e-01	1.91e-02	2.49e-17
 5.12274e+18	9.81e-01	1.89e-02	2.45e-17
 5.12294e+18	9.81e-01	1.86e-02	2.42e-17
 5.12315e+18	9.82e-01	1.84e-02	2.38e-17
 5.12339e+18	9.82e-01	1.81e-02	2.34e-17
 5.12360e+18	9.82e-01	1.78e-02	2.31e-17
 5.12379e+18	9.82e-01	1.76e-02	2.28e-17
 5.12397e+18	9.83e-01	1.74e-02	2.25e-17
 5.12416e+18	9.83e-01	1.72e-02	2.23e-17
 5.12442e+18	9.83e-01	1.69e-02	2.18e-17
 5.12469e+18	9.83e-01	1.67e-02	2.16e-17
 5.12498e+18	9.84e-01	1.64e-02	2.14e-17
 5.12537e+18	9.84e-01	1.62e-02	2.14e-17
 5.12587e+18	9.84e-01	1.58e-02	2.12e-17
 5.12652e+18	9.85e-01	1.54e-02	2.10e-17
 5.12737e+18	9.85e-01	1.48e-02	2.08e-17
 5.12838e+18	9.86e-01	1.42e-02	2.06e-17
 5.12939e+18	9.86e-01	1.37e-02	2.05e-17
 5.13029e+18	9.87e-01	1.32e-02	2.03e-17
 5.13118e+18	9.87e-01	1.27e-02	2.00e-17
 5.13217e+18	9.88e-01	1.21e-02	1.96e-17
 5.13326e+18	9.88e-01	1.16e-02	1.93e-17
 5.13432e+18	9.89e-01	1.11e-02	1.90e-17
 5.13531e+18	9.89e-01	1.06e-02	1.86e-17
 5.13631e+18	9.90e-01	1.01e-02	1.83e-17
 5.13739e+18	9.90e-01	9.65e-03	1.79e-17
 5.13851e+18	9.91e-01	9.18e-03	1.75e-17
 5.13960e+18	9.91e-01	8.75e-03	1.71e-17
 5.14065e+18	9.92e-01	8.34e-03	1.67e-17
 5.14172e+18	9.92e-01	7.94e-03	1.63e-17
 5.14285e+18	9.92e-01	7.53e-03	1.59e-17
 5.14399e+18	9.93e-01	7.15e-03	1.55e-17
 5.14510e+18	9.93e-01	6.80e-03	1.51e-17
 5.14620e+18	9.94e-01	6.46e-03	1.46e-17
 5.14733e+18	9.94e-01	6.12e-03	1.42e-17
 5.14848e+18	9.94e-01	5.80e-03	1.38e-17
 5.14964e+18	9.95e-01	5.50e-03	1.34e-17
 5.15078e+18	9.95e-01	5.21e-03	1.30e-17
 5.15193e+18	9.95e-01	4.93e-03	1.26e-17
 5.15309e+18	9.95e-01	4.66e-03	1.21e-17
 5.15427e+18	9.96e-01	4.40e-03	1.17e-17
 5.15545e+18	9.96e-01	4.16e-03	1.13e-17
 5.15664e+18	9.96e-01	3.93e-03	1.09e-17
 5.15784e+18	9.96e-01	3.70e-03	1.05e-17
 5.15904e+18	9.97e-01	3.49e-03	1.01e-17
 5.16024e+18	9.97e-01	3.29e-03	9.73e-18
 5.16145e+18	9.97e-01	3.10e-03	9.34e-18
 5.16269e+18	9.97e-01	2.91e-03	8.96e-18
 5.16394e+18	9.97e-01	2.74e-03	8.58e-18
 5.16517e+18	9.97e-01	2.57e-03	8.21e-18
 5.16641e+18	9.98e-01	2.42e-03	7.85e-18
 5.16768e+18	9.98e-01	2.27e-03	7.49e-18
 5.16898e+18	9.98e-01	2.12e-03	7.13e-18
 5.17028e+18	9.98e-01	1.98e-03	6.79e-18
 5.17157e+18	9.98e-01	1.86e-03	6.45e-18
 5.17288e+18	9.98e-01	1.73e-03	6.13e-18
 5.17421e+18	9.98e-01	1.62e-03	5.80e-18
 5.17556e+18	9.98e-01	1.51e-03	5.49e-18
 5.17691e+18	9.99e-01	1.40e-03	5.19e-18
 5.17828e+18	9.99e-01	1.30e-03	4.89e-18
 5.17967e+18	9.99e-01	1.21e-03	4.61e-18
 5.18107e+18	9.99e-01	1.12e-03	4.33e-18
