#depth	He	He+	He+2
 2.16178e+15	7.30e-07	1.38e-01	8.62e-01
 1.29707e+16	7.41e-07	1.39e-01	8.61e-01
 5.62062e+16	7.84e-07	1.43e-01	8.57e-01
 1.52611e+17	8.84e-07	1.50e-01	8.50e-01
 2.78715e+17	1.03e-06	1.61e-01	8.39e-01
 4.09863e+17	1.19e-06	1.71e-01	8.29e-01
 5.46258e+17	1.38e-06	1.83e-01	8.17e-01
 6.88108e+17	1.60e-06	1.95e-01	8.05e-01
 8.35632e+17	1.86e-06	2.09e-01	7.91e-01
 9.89058e+17	2.16e-06	2.23e-01	7.77e-01
 1.14862e+18	2.50e-06	2.37e-01	7.63e-01
 1.31456e+18	2.90e-06	2.53e-01	7.47e-01
 1.48715e+18	3.35e-06	2.70e-01	7.30e-01
 1.66663e+18	3.88e-06	2.88e-01	7.12e-01
 1.85330e+18	4.49e-06	3.06e-01	6.94e-01
 2.04743e+18	5.20e-06	3.26e-01	6.74e-01
 2.24933e+18	6.01e-06	3.47e-01	6.53e-01
 2.45930e+18	6.95e-06	3.69e-01	6.31e-01
 2.67767e+18	8.02e-06	3.93e-01	6.07e-01
 2.90478e+18	9.27e-06	4.18e-01	5.82e-01
 3.14097e+18	1.07e-05	4.44e-01	5.56e-01
 3.38661e+18	1.23e-05	4.72e-01	5.28e-01
 3.64207e+18	1.42e-05	5.01e-01	4.99e-01
 3.90776e+18	1.64e-05	5.31e-01	4.69e-01
 4.18407e+18	1.88e-05	5.63e-01	4.37e-01
 4.47143e+18	2.16e-05	5.96e-01	4.04e-01
 4.77029e+18	2.47e-05	6.30e-01	3.70e-01
 5.08110e+18	2.82e-05	6.64e-01	3.36e-01
 5.40434e+18	3.22e-05	6.99e-01	3.01e-01
 5.74051e+18	3.66e-05	7.33e-01	2.67e-01
 6.09013e+18	4.15e-05	7.67e-01	2.33e-01
 6.45374e+18	4.69e-05	7.99e-01	2.01e-01
 6.83189e+18	5.27e-05	8.29e-01	1.71e-01
 7.22517e+18	5.90e-05	8.57e-01	1.43e-01
 7.63417e+18	6.58e-05	8.83e-01	1.17e-01
 8.05954e+18	7.31e-05	9.05e-01	9.50e-02
 8.50192e+18	8.09e-05	9.24e-01	7.59e-02
 8.96200e+18	8.92e-05	9.40e-01	5.97e-02
 9.44048e+18	9.81e-05	9.54e-01	4.64e-02
 9.93810e+18	1.08e-04	9.64e-01	3.55e-02
 1.04556e+19	1.18e-04	9.73e-01	2.69e-02
 1.09938e+19	1.28e-04	9.80e-01	2.01e-02
 1.15536e+19	1.40e-04	9.85e-01	1.49e-02
 1.21357e+19	1.52e-04	9.89e-01	1.09e-02
 1.27412e+19	1.66e-04	9.92e-01	7.93e-03
 1.33708e+19	1.80e-04	9.94e-01	5.70e-03
 1.40257e+19	1.96e-04	9.96e-01	4.07e-03
 1.47067e+19	2.13e-04	9.97e-01	2.87e-03
 1.54149e+19	2.31e-04	9.98e-01	2.01e-03
 1.61515e+19	2.50e-04	9.98e-01	1.40e-03
 1.69176e+19	2.72e-04	9.99e-01	9.64e-04
 1.77143e+19	2.95e-04	9.99e-01	6.60e-04
 1.85429e+19	3.20e-04	9.99e-01	4.48e-04
 1.94046e+19	3.47e-04	9.99e-01	3.02e-04
 2.03008e+19	3.77e-04	9.99e-01	2.02e-04
 2.12328e+19	4.09e-04	9.99e-01	1.34e-04
 2.22021e+19	4.44e-04	9.99e-01	8.89e-05
 2.32102e+19	4.81e-04	9.99e-01	5.85e-05
 2.42586e+19	5.22e-04	9.99e-01	3.83e-05
 2.53490e+19	5.67e-04	9.99e-01	2.49e-05
 2.64829e+19	6.16e-04	9.99e-01	1.62e-05
 2.76622e+19	6.68e-04	9.99e-01	1.04e-05
 2.88887e+19	7.26e-04	9.99e-01	6.72e-06
 3.01643e+19	7.88e-04	9.99e-01	4.32e-06
 3.14908e+19	8.57e-04	9.99e-01	2.77e-06
 3.28705e+19	9.31e-04	9.99e-01	1.77e-06
 3.43053e+19	1.01e-03	9.99e-01	1.13e-06
 3.57975e+19	1.10e-03	9.99e-01	7.21e-07
 3.73494e+19	1.20e-03	9.99e-01	4.59e-07
 3.89634e+19	1.30e-03	9.99e-01	2.91e-07
 4.06419e+19	1.42e-03	9.99e-01	1.85e-07
 4.23876e+19	1.55e-03	9.98e-01	1.17e-07
 4.42031e+19	1.69e-03	9.98e-01	7.40e-08
 4.60912e+19	1.84e-03	9.98e-01	4.67e-08
 4.80549e+19	2.01e-03	9.98e-01	2.94e-08
 5.00971e+19	2.20e-03	9.98e-01	1.85e-08
 5.22209e+19	2.40e-03	9.98e-01	1.16e-08
 5.44298e+19	2.63e-03	9.97e-01	7.25e-09
 5.67270e+19	2.89e-03	9.97e-01	4.53e-09
 5.91161e+19	3.18e-03	9.97e-01	2.82e-09
 6.15374e+19	3.49e-03	9.97e-01	1.78e-09
 6.40556e+19	3.85e-03	9.96e-01	1.11e-09
 6.66619e+19	4.25e-03	9.96e-01	7.00e-10
 6.92075e+19	4.67e-03	9.95e-01	4.52e-10
 7.19309e+19	5.18e-03	9.95e-01	2.85e-10
 7.48069e+19	5.77e-03	9.94e-01	1.79e-10
 7.75165e+19	6.39e-03	9.94e-01	1.17e-10
 8.04559e+19	7.17e-03	9.93e-01	7.43e-11
 8.35849e+19	8.10e-03	9.92e-01	4.71e-11
 8.63856e+19	9.06e-03	9.91e-01	3.17e-11
 8.88215e+19	1.00e-02	9.90e-01	2.27e-11
 9.10753e+19	1.11e-02	9.89e-01	1.67e-11
 9.36651e+19	1.25e-02	9.88e-01	1.17e-11
 9.64274e+19	1.42e-02	9.86e-01	8.24e-12
 9.86737e+19	1.60e-02	9.84e-01	6.26e-12
 1.00469e+20	1.76e-02	9.82e-01	5.02e-12
 1.02419e+20	1.98e-02	9.80e-01	3.93e-12
 1.04576e+20	2.26e-02	9.77e-01	3.03e-12
 1.06513e+20	2.59e-02	9.74e-01	2.42e-12
 1.08198e+20	2.94e-02	9.71e-01	1.99e-12
 1.09764e+20	3.35e-02	9.67e-01	1.65e-12
 1.11286e+20	3.85e-02	9.62e-01	1.39e-12
 1.12796e+20	4.49e-02	9.55e-01	1.17e-12
 1.14226e+20	5.29e-02	9.47e-01	9.89e-13
 1.15475e+20	6.21e-02	9.38e-01	8.54e-13
 1.16536e+20	7.26e-02	9.27e-01	7.55e-13
 1.17465e+20	8.44e-02	9.16e-01	6.73e-13
 1.18307e+20	9.84e-02	9.02e-01	6.06e-13
 1.19098e+20	1.15e-01	8.85e-01	5.44e-13
 1.19851e+20	1.37e-01	8.63e-01	4.89e-13
 1.20536e+20	1.64e-01	8.36e-01	4.39e-13
 1.21139e+20	1.94e-01	8.06e-01	3.94e-13
 1.21673e+20	2.30e-01	7.70e-01	3.53e-13
 1.22160e+20	2.73e-01	7.27e-01	3.14e-13
 1.22609e+20	3.23e-01	6.77e-01	2.76e-13
 1.23026e+20	3.81e-01	6.19e-01	2.39e-13
 1.23410e+20	4.46e-01	5.54e-01	2.02e-13
 1.23769e+20	5.16e-01	4.84e-01	1.68e-13
 1.24112e+20	5.92e-01	4.08e-01	1.34e-13
 1.24449e+20	6.68e-01	3.32e-01	1.04e-13
 1.24836e+20	7.53e-01	2.47e-01	7.30e-14
 1.25249e+20	8.31e-01	1.69e-01	4.74e-14
 1.25607e+20	8.84e-01	1.16e-01	3.14e-14
 1.25925e+20	9.18e-01	8.18e-02	2.14e-14
 1.26212e+20	9.41e-01	5.90e-02	1.51e-14
 1.26458e+20	9.56e-01	4.45e-02	1.12e-14
 1.26672e+20	9.65e-01	3.48e-02	8.71e-15
 1.26866e+20	9.72e-01	2.78e-02	6.96e-15
 1.27049e+20	9.77e-01	2.26e-02	5.71e-15
 1.27221e+20	9.81e-01	1.86e-02	4.77e-15
 1.27382e+20	9.84e-01	1.56e-02	4.10e-15
 1.27520e+20	9.86e-01	1.36e-02	3.68e-15
 1.27626e+20	9.88e-01	1.23e-02	3.44e-15
 1.27704e+20	9.89e-01	1.14e-02	3.30e-15
 1.27767e+20	9.89e-01	1.08e-02	3.21e-15
 1.27815e+20	9.90e-01	1.04e-02	3.17e-15
 1.27845e+20	9.90e-01	1.02e-02	3.15e-15
 1.27872e+20	9.90e-01	9.92e-03	3.13e-15
 1.27903e+20	9.90e-01	9.66e-03	3.10e-15
 1.27938e+20	9.91e-01	9.40e-03	3.08e-15
 1.27972e+20	9.91e-01	9.17e-03	3.08e-15
 1.28004e+20	9.91e-01	8.97e-03	3.08e-15
 1.28035e+20	9.91e-01	8.78e-03	3.10e-15
 1.28066e+20	9.91e-01	8.61e-03	3.12e-15
 1.28098e+20	9.92e-01	8.44e-03	3.14e-15
 1.28127e+20	9.92e-01	8.32e-03	3.18e-15
 1.28151e+20	9.92e-01	8.21e-03	3.21e-15
 1.28174e+20	9.92e-01	8.11e-03	3.24e-15
 1.28198e+20	9.92e-01	8.01e-03	3.27e-15
 1.28222e+20	9.92e-01	7.92e-03	3.33e-15
 1.28247e+20	9.92e-01	7.83e-03	3.37e-15
 1.28271e+20	9.92e-01	7.77e-03	3.44e-15
 1.28294e+20	9.92e-01	7.69e-03	3.50e-15
 1.28318e+20	9.92e-01	7.63e-03	3.56e-15
 1.28341e+20	9.92e-01	7.57e-03	3.64e-15
 1.28364e+20	9.92e-01	7.52e-03	3.72e-15
 1.28387e+20	9.93e-01	7.46e-03	3.80e-15
 1.28409e+20	9.93e-01	7.43e-03	3.90e-15
 1.28432e+20	9.93e-01	7.38e-03	3.99e-15
 1.28454e+20	9.93e-01	7.35e-03	4.10e-15
 1.28477e+20	9.93e-01	7.32e-03	4.21e-15
 1.28499e+20	9.93e-01	7.29e-03	4.32e-15
 1.28521e+20	9.93e-01	7.27e-03	4.45e-15
 1.28543e+20	9.93e-01	7.25e-03	4.58e-15
 1.28565e+20	9.93e-01	7.22e-03	4.71e-15
 1.28587e+20	9.93e-01	7.21e-03	4.86e-15
 1.28608e+20	9.93e-01	7.20e-03	5.01e-15
 1.28629e+20	9.93e-01	7.19e-03	5.17e-15
 1.28650e+20	9.93e-01	7.18e-03	5.33e-15
 1.28670e+20	9.93e-01	7.18e-03	5.51e-15
 1.28691e+20	9.93e-01	7.18e-03	5.69e-15
 1.28711e+20	9.93e-01	7.18e-03	5.87e-15
 1.28730e+20	9.93e-01	7.18e-03	6.06e-15
 1.28750e+20	9.93e-01	7.18e-03	6.26e-15
 1.28770e+20	9.93e-01	7.18e-03	6.46e-15
 1.28789e+20	9.93e-01	7.19e-03	6.67e-15
 1.28808e+20	9.93e-01	7.19e-03	6.89e-15
 1.28827e+20	9.93e-01	7.20e-03	7.12e-15
 1.28846e+20	9.93e-01	7.21e-03	7.35e-15
 1.28864e+20	9.93e-01	7.22e-03	7.60e-15
 1.28883e+20	9.93e-01	7.22e-03	7.83e-15
 1.28901e+20	9.93e-01	7.24e-03	8.11e-15
 1.28920e+20	9.93e-01	7.24e-03	8.35e-15
 1.28938e+20	9.93e-01	7.26e-03	8.64e-15
 1.28956e+20	9.93e-01	7.27e-03	8.91e-15
 1.28974e+20	9.93e-01	7.28e-03	9.21e-15
 1.28992e+20	9.93e-01	7.29e-03	9.50e-15
 1.29010e+20	9.93e-01	7.31e-03	9.81e-15
 1.29028e+20	9.93e-01	7.32e-03	1.01e-14
 1.29045e+20	9.93e-01	7.33e-03	1.05e-14
 1.29063e+20	9.93e-01	7.34e-03	1.08e-14
 1.29080e+20	9.93e-01	7.35e-03	1.11e-14
 1.29098e+20	9.93e-01	7.37e-03	1.15e-14
 1.29115e+20	9.93e-01	7.38e-03	1.18e-14
 1.29133e+20	9.93e-01	7.39e-03	1.22e-14
 1.29150e+20	9.93e-01	7.41e-03	1.26e-14
 1.29167e+20	9.93e-01	7.42e-03	1.30e-14
 1.29184e+20	9.93e-01	7.43e-03	1.34e-14
 1.29201e+20	9.93e-01	7.44e-03	1.38e-14
 1.29218e+20	9.93e-01	7.45e-03	1.42e-14
 1.29235e+20	9.93e-01	7.46e-03	1.46e-14
 1.29252e+20	9.93e-01	7.46e-03	1.50e-14
 1.29269e+20	9.93e-01	7.47e-03	1.55e-14
 1.29285e+20	9.93e-01	7.48e-03	1.59e-14
 1.29302e+20	9.93e-01	7.49e-03	1.63e-14
 1.29319e+20	9.93e-01	7.49e-03	1.68e-14
 1.29335e+20	9.93e-01	7.50e-03	1.72e-14
 1.29352e+20	9.93e-01	7.50e-03	1.77e-14
 1.29368e+20	9.92e-01	7.50e-03	1.82e-14
 1.29384e+20	9.92e-01	7.50e-03	1.86e-14
 1.29401e+20	9.92e-01	7.50e-03	1.91e-14
 1.29417e+20	9.92e-01	7.50e-03	1.95e-14
 1.29433e+20	9.92e-01	7.50e-03	2.00e-14
 1.29448e+20	9.93e-01	7.50e-03	2.04e-14
 1.29464e+20	9.93e-01	7.49e-03	2.09e-14
 1.29479e+20	9.93e-01	7.48e-03	2.13e-14
 1.29495e+20	9.93e-01	7.47e-03	2.16e-14
 1.29510e+20	9.93e-01	7.47e-03	2.21e-14
 1.29525e+20	9.93e-01	7.45e-03	2.25e-14
 1.29539e+20	9.93e-01	7.44e-03	2.28e-14
 1.29553e+20	9.93e-01	7.42e-03	2.31e-14
 1.29566e+20	9.93e-01	7.41e-03	2.34e-14
 1.29578e+20	9.93e-01	7.39e-03	2.36e-14
 1.29589e+20	9.93e-01	7.37e-03	2.38e-14
 1.29599e+20	9.93e-01	7.35e-03	2.39e-14
 1.29609e+20	9.93e-01	7.33e-03	2.40e-14
 1.29617e+20	9.93e-01	7.31e-03	2.41e-14
 1.29625e+20	9.93e-01	7.29e-03	2.42e-14
 1.29632e+20	9.93e-01	7.27e-03	2.42e-14
 1.29638e+20	9.93e-01	7.25e-03	2.42e-14
 1.29644e+20	9.93e-01	7.23e-03	2.42e-14
 1.29650e+20	9.93e-01	7.21e-03	2.42e-14
 1.29655e+20	9.93e-01	7.19e-03	2.42e-14
 1.29659e+20	9.93e-01	7.18e-03	2.43e-14
 1.29664e+20	9.93e-01	7.16e-03	2.43e-14
 1.29669e+20	9.93e-01	7.14e-03	2.42e-14
 1.29674e+20	9.93e-01	7.12e-03	2.42e-14
 1.29678e+20	9.93e-01	7.10e-03	2.42e-14
 1.29682e+20	9.93e-01	7.08e-03	2.42e-14
 1.29686e+20	9.93e-01	7.06e-03	2.41e-14
 1.29690e+20	9.93e-01	7.04e-03	2.41e-14
 1.29694e+20	9.93e-01	7.02e-03	2.40e-14
 1.29698e+20	9.93e-01	7.00e-03	2.40e-14
 1.29701e+20	9.93e-01	7.00e-03	2.41e-14
 1.29705e+20	9.93e-01	6.98e-03	2.40e-14
 1.29710e+20	9.93e-01	6.95e-03	2.40e-14
 1.29716e+20	9.93e-01	6.93e-03	2.40e-14
 1.29721e+20	9.93e-01	6.92e-03	2.40e-14
 1.29726e+20	9.93e-01	6.90e-03	2.41e-14
 1.29732e+20	9.93e-01	6.87e-03	2.40e-14
 1.29737e+20	9.93e-01	6.85e-03	2.40e-14
 1.29742e+20	9.93e-01	6.83e-03	2.40e-14
 1.29746e+20	9.93e-01	6.81e-03	2.40e-14
 1.29751e+20	9.93e-01	6.79e-03	2.40e-14
 1.29757e+20	9.93e-01	6.76e-03	2.39e-14
 1.29764e+20	9.93e-01	6.73e-03	2.39e-14
 1.29770e+20	9.93e-01	6.70e-03	2.38e-14
 1.29776e+20	9.93e-01	6.67e-03	2.38e-14
 1.29781e+20	9.93e-01	6.65e-03	2.38e-14
 1.29786e+20	9.93e-01	6.63e-03	2.38e-14
 1.29790e+20	9.93e-01	6.61e-03	2.37e-14
 1.29794e+20	9.93e-01	6.58e-03	2.37e-14
 1.29799e+20	9.93e-01	6.56e-03	2.36e-14
 1.29804e+20	9.93e-01	6.54e-03	2.36e-14
 1.29809e+20	9.93e-01	6.51e-03	2.36e-14
 1.29814e+20	9.94e-01	6.48e-03	2.35e-14
 1.29819e+20	9.94e-01	6.46e-03	2.35e-14
 1.29824e+20	9.94e-01	6.44e-03	2.35e-14
 1.29829e+20	9.94e-01	6.41e-03	2.34e-14
 1.29834e+20	9.94e-01	6.39e-03	2.34e-14
 1.29839e+20	9.94e-01	6.36e-03	2.33e-14
 1.29844e+20	9.94e-01	6.34e-03	2.33e-14
 1.29850e+20	9.94e-01	6.31e-03	2.32e-14
 1.29855e+20	9.94e-01	6.28e-03	2.32e-14
 1.29860e+20	9.94e-01	6.27e-03	2.33e-14
 1.29868e+20	9.94e-01	6.28e-03	2.36e-14
 1.29877e+20	9.94e-01	6.28e-03	2.40e-14
 1.29890e+20	9.94e-01	6.29e-03	2.44e-14
 1.29906e+20	9.94e-01	6.30e-03	2.51e-14
 1.29927e+20	9.94e-01	6.31e-03	2.59e-14
 1.29951e+20	9.94e-01	6.32e-03	2.68e-14
 1.29975e+20	9.94e-01	6.33e-03	2.78e-14
 1.29997e+20	9.94e-01	6.33e-03	2.86e-14
 1.30020e+20	9.94e-01	6.33e-03	2.95e-14
 1.30043e+20	9.94e-01	6.32e-03	3.04e-14
 1.30067e+20	9.94e-01	6.31e-03	3.13e-14
 1.30091e+20	9.94e-01	6.30e-03	3.22e-14
 1.30116e+20	9.94e-01	6.28e-03	3.30e-14
 1.30141e+20	9.94e-01	6.26e-03	3.39e-14
 1.30166e+20	9.94e-01	6.23e-03	3.47e-14
 1.30192e+20	9.94e-01	6.20e-03	3.56e-14
 1.30218e+20	9.94e-01	6.16e-03	3.64e-14
 1.30245e+20	9.94e-01	6.12e-03	3.72e-14
 1.30273e+20	9.94e-01	6.07e-03	3.79e-14
 1.30300e+20	9.94e-01	6.02e-03	3.86e-14
 1.30329e+20	9.94e-01	5.96e-03	3.93e-14
 1.30358e+20	9.94e-01	5.89e-03	4.00e-14
 1.30388e+20	9.94e-01	5.82e-03	4.05e-14
 1.30419e+20	9.94e-01	5.74e-03	4.11e-14
 1.30450e+20	9.94e-01	5.66e-03	4.15e-14
 1.30482e+20	9.94e-01	5.57e-03	4.19e-14
 1.30515e+20	9.95e-01	5.48e-03	4.22e-14
 1.30549e+20	9.95e-01	5.38e-03	4.25e-14
 1.30584e+20	9.95e-01	5.27e-03	4.27e-14
 1.30620e+20	9.95e-01	5.16e-03	4.28e-14
 1.30657e+20	9.95e-01	5.04e-03	4.28e-14
 1.30695e+20	9.95e-01	4.92e-03	4.27e-14
 1.30734e+20	9.95e-01	4.79e-03	4.25e-14
 1.30774e+20	9.95e-01	4.66e-03	4.22e-14
 1.30815e+20	9.95e-01	4.52e-03	4.19e-14
 1.30858e+20	9.96e-01	4.38e-03	4.14e-14
 1.30902e+20	9.96e-01	4.24e-03	4.09e-14
 1.30947e+20	9.96e-01	4.09e-03	4.03e-14
 1.30993e+20	9.96e-01	3.94e-03	3.96e-14
 1.31041e+20	9.96e-01	3.80e-03	3.88e-14
 1.31090e+20	9.96e-01	3.64e-03	3.80e-14
 1.31140e+20	9.97e-01	3.49e-03	3.71e-14
 1.31192e+20	9.97e-01	3.34e-03	3.61e-14
 1.31244e+20	9.97e-01	3.20e-03	3.51e-14
 1.31298e+20	9.97e-01	3.05e-03	3.40e-14
 1.31353e+20	9.97e-01	2.90e-03	3.29e-14
 1.31410e+20	9.97e-01	2.76e-03	3.18e-14
 1.31467e+20	9.97e-01	2.62e-03	3.06e-14
 1.31525e+20	9.98e-01	2.49e-03	2.95e-14
 1.31584e+20	9.98e-01	2.35e-03	2.83e-14
 1.31645e+20	9.98e-01	2.23e-03	2.71e-14
 1.31707e+20	9.98e-01	2.10e-03	2.59e-14
 1.31768e+20	9.98e-01	1.98e-03	2.48e-14
 1.31831e+20	9.98e-01	1.87e-03	2.37e-14
 1.31894e+20	9.98e-01	1.76e-03	2.25e-14
 1.31959e+20	9.98e-01	1.65e-03	2.14e-14
 1.32024e+20	9.98e-01	1.55e-03	2.03e-14
 1.32089e+20	9.99e-01	1.46e-03	1.93e-14
 1.32155e+20	9.99e-01	1.37e-03	1.83e-14
 1.32222e+20	9.99e-01	1.28e-03	1.73e-14
