#depth	H	H+	H2
 9.78065e+11	3.51e-04	1.00e+00	3.18e-15
 5.86839e+12	3.51e-04	1.00e+00	3.18e-15
 2.54297e+13	3.51e-04	1.00e+00	3.18e-15
 1.03675e+14	3.51e-04	1.00e+00	3.18e-15
 2.47646e+14	3.51e-04	1.00e+00	3.18e-15
 4.34808e+14	3.51e-04	1.00e+00	3.18e-15
 6.78120e+14	3.50e-04	1.00e+00	3.18e-15
 9.94424e+14	3.50e-04	1.00e+00	3.19e-15
 1.40562e+15	3.50e-04	1.00e+00	3.19e-15
 1.94018e+15	3.49e-04	1.00e+00	3.20e-15
 2.63510e+15	3.49e-04	1.00e+00	3.20e-15
 3.53849e+15	3.49e-04	1.00e+00	3.21e-15
 4.71291e+15	3.48e-04	1.00e+00	3.23e-15
 6.23965e+15	3.48e-04	1.00e+00	3.24e-15
 8.22442e+15	3.48e-04	1.00e+00	3.27e-15
 1.08046e+16	3.48e-04	1.00e+00	3.30e-15
 1.41589e+16	3.48e-04	1.00e+00	3.34e-15
 1.85194e+16	3.48e-04	1.00e+00	3.40e-15
 2.41881e+16	3.50e-04	1.00e+00	3.49e-15
 3.15574e+16	3.52e-04	1.00e+00	3.60e-15
 3.75087e+16	3.50e-04	1.00e+00	3.67e-15
 4.12596e+16	3.52e-04	1.00e+00	3.72e-15
 4.53856e+16	3.54e-04	1.00e+00	3.79e-15
 4.99241e+16	3.56e-04	1.00e+00	3.86e-15
 5.49166e+16	3.58e-04	1.00e+00	3.96e-15
 6.04082e+16	3.61e-04	1.00e+00	4.06e-15
 6.64490e+16	3.65e-04	1.00e+00	4.17e-15
 7.30939e+16	3.69e-04	1.00e+00	4.30e-15
 8.04033e+16	3.74e-04	1.00e+00	4.45e-15
 8.84437e+16	3.79e-04	1.00e+00	4.62e-15
 9.72880e+16	3.86e-04	1.00e+00	4.83e-15
 1.07017e+17	3.94e-04	1.00e+00	5.06e-15
 1.17719e+17	4.04e-04	1.00e+00	5.34e-15
 1.29490e+17	4.15e-04	1.00e+00	5.66e-15
 1.42439e+17	4.29e-04	1.00e+00	6.05e-15
 1.56683e+17	4.45e-04	1.00e+00	6.51e-15
 1.72352e+17	4.65e-04	1.00e+00	7.08e-15
 1.89587e+17	4.89e-04	1.00e+00	7.76e-15
 2.08546e+17	5.18e-04	9.99e-01	8.62e-15
 2.29400e+17	5.54e-04	9.99e-01	9.69e-15
 2.52340e+17	6.00e-04	9.99e-01	1.11e-14
 2.77574e+17	6.59e-04	9.99e-01	1.29e-14
 3.05332e+17	7.36e-04	9.99e-01	1.53e-14
 3.35865e+17	8.39e-04	9.99e-01	1.87e-14
 3.65569e+17	9.63e-04	9.99e-01	2.28e-14
 3.90700e+17	1.10e-03	9.99e-01	2.74e-14
 4.12668e+17	1.24e-03	9.99e-01	3.23e-14
 4.33540e+17	1.41e-03	9.99e-01	3.83e-14
 4.53732e+17	1.61e-03	9.98e-01	4.54e-14
 4.72647e+17	1.84e-03	9.98e-01	5.40e-14
 4.88354e+17	2.08e-03	9.98e-01	6.28e-14
 5.00573e+17	2.31e-03	9.98e-01	7.15e-14
 5.13361e+17	2.60e-03	9.97e-01	8.20e-14
 5.27008e+17	2.99e-03	9.97e-01	9.64e-14
 5.38230e+17	3.38e-03	9.97e-01	1.11e-13
 5.47105e+17	3.77e-03	9.96e-01	1.27e-13
 5.55204e+17	4.18e-03	9.96e-01	1.42e-13
 5.64470e+17	4.77e-03	9.95e-01	1.65e-13
 5.73979e+17	5.53e-03	9.94e-01	1.96e-13
 5.81483e+17	6.30e-03	9.94e-01	2.26e-13
 5.87667e+17	7.10e-03	9.93e-01	2.59e-13
 5.92889e+17	7.92e-03	9.92e-01	2.92e-13
 5.96963e+17	8.69e-03	9.91e-01	3.24e-13
 6.00393e+17	9.44e-03	9.91e-01	3.55e-13
 6.03583e+17	1.02e-02	9.90e-01	3.89e-13
 6.06569e+17	1.11e-02	9.89e-01	4.25e-13
 6.09237e+17	1.20e-02	9.88e-01	4.65e-13
 6.11583e+17	1.29e-02	9.87e-01	5.02e-13
 6.13667e+17	1.38e-02	9.86e-01	5.43e-13
 6.15548e+17	1.47e-02	9.85e-01	5.81e-13
 6.17284e+17	1.56e-02	9.84e-01	6.22e-13
 6.18875e+17	1.66e-02	9.83e-01	6.65e-13
 6.20323e+17	1.75e-02	9.82e-01	7.08e-13
 6.21672e+17	1.85e-02	9.82e-01	7.53e-13
 6.22966e+17	1.95e-02	9.81e-01	8.00e-13
 6.24221e+17	2.05e-02	9.79e-01	8.51e-13
 6.25456e+17	2.17e-02	9.78e-01	9.07e-13
 6.26872e+17	2.32e-02	9.77e-01	9.80e-13
 6.28448e+17	2.51e-02	9.75e-01	1.07e-12
 6.30230e+17	2.76e-02	9.72e-01	1.20e-12
 6.32547e+17	3.16e-02	9.68e-01	1.41e-12
 6.35138e+17	3.77e-02	9.62e-01	1.72e-12
 6.37613e+17	4.59e-02	9.54e-01	2.17e-12
 6.39885e+17	5.70e-02	9.43e-01	2.79e-12
 6.41855e+17	7.13e-02	9.29e-01	3.65e-12
 6.43282e+17	8.69e-02	9.13e-01	4.65e-12
 6.44181e+17	1.00e-01	9.00e-01	5.58e-12
 6.44898e+17	1.14e-01	8.86e-01	6.53e-12
 6.45708e+17	1.31e-01	8.69e-01	7.93e-12
 6.46606e+17	1.57e-01	8.43e-01	1.02e-11
 6.47468e+17	1.92e-01	8.08e-01	1.35e-11
 6.48250e+17	2.34e-01	7.66e-01	1.83e-11
 6.48871e+17	2.78e-01	7.22e-01	2.44e-11
 6.49301e+17	3.16e-01	6.84e-01	3.05e-11
 6.49593e+17	3.45e-01	6.55e-01	3.60e-11
 6.49827e+17	3.70e-01	6.30e-01	4.12e-11
 6.50049e+17	3.96e-01	6.04e-01	4.72e-11
 6.50265e+17	4.23e-01	5.77e-01	5.44e-11
 6.50465e+17	4.48e-01	5.52e-01	6.17e-11
 6.50637e+17	4.72e-01	5.28e-01	6.95e-11
 6.50788e+17	4.92e-01	5.08e-01	7.68e-11
 6.50930e+17	5.13e-01	4.87e-01	8.53e-11
 6.51067e+17	5.32e-01	4.68e-01	9.38e-11
 6.51180e+17	5.49e-01	4.51e-01	1.01e-10
 6.51262e+17	5.61e-01	4.39e-01	1.08e-10
 6.51336e+17	5.72e-01	4.28e-01	1.14e-10
 6.51416e+17	5.84e-01	4.16e-01	1.21e-10
 6.51503e+17	5.97e-01	4.03e-01	1.29e-10
 6.51588e+17	6.10e-01	3.90e-01	1.38e-10
 6.51670e+17	6.22e-01	3.78e-01	1.47e-10
 6.51751e+17	6.34e-01	3.66e-01	1.56e-10
 6.51831e+17	6.46e-01	3.54e-01	1.66e-10
 6.51911e+17	6.58e-01	3.42e-01	1.76e-10
 6.51990e+17	6.69e-01	3.31e-01	1.88e-10
 6.52069e+17	6.81e-01	3.19e-01	2.00e-10
 6.52147e+17	6.91e-01	3.09e-01	2.12e-10
 6.52224e+17	7.03e-01	2.97e-01	2.26e-10
 6.52301e+17	7.13e-01	2.87e-01	2.38e-10
 6.52378e+17	7.24e-01	2.76e-01	2.54e-10
 6.52454e+17	7.34e-01	2.66e-01	2.70e-10
 6.52529e+17	7.44e-01	2.56e-01	2.87e-10
 6.52603e+17	7.53e-01	2.47e-01	3.03e-10
 6.52678e+17	7.63e-01	2.37e-01	3.22e-10
 6.52754e+17	7.72e-01	2.28e-01	3.43e-10
 6.52827e+17	7.81e-01	2.19e-01	3.63e-10
 6.52899e+17	7.90e-01	2.10e-01	3.84e-10
 6.52970e+17	7.98e-01	2.02e-01	4.08e-10
 6.53040e+17	8.06e-01	1.94e-01	4.31e-10
 6.53110e+17	8.13e-01	1.87e-01	4.58e-10
 6.53178e+17	8.20e-01	1.80e-01	4.82e-10
 6.53246e+17	8.28e-01	1.72e-01	5.12e-10
 6.53312e+17	8.34e-01	1.66e-01	5.38e-10
 6.53379e+17	8.41e-01	1.59e-01	5.71e-10
 6.53443e+17	8.47e-01	1.53e-01	6.04e-10
 6.53508e+17	8.53e-01	1.47e-01	6.37e-10
 6.53572e+17	8.59e-01	1.41e-01	6.74e-10
 6.53636e+17	8.64e-01	1.36e-01	7.10e-10
 6.53699e+17	8.69e-01	1.31e-01	7.53e-10
 6.53761e+17	8.74e-01	1.26e-01	7.90e-10
 6.53823e+17	8.79e-01	1.21e-01	8.39e-10
 6.53884e+17	8.84e-01	1.16e-01	8.87e-10
 6.53944e+17	8.88e-01	1.12e-01	9.37e-10
 6.54005e+17	8.93e-01	1.07e-01	9.88e-10
 6.54066e+17	8.97e-01	1.03e-01	1.05e-09
 6.54125e+17	9.01e-01	9.91e-02	1.10e-09
 6.54185e+17	9.05e-01	9.53e-02	1.17e-09
 6.54243e+17	9.08e-01	9.15e-02	1.24e-09
 6.54301e+17	9.12e-01	8.80e-02	1.31e-09
 6.54360e+17	9.15e-01	8.46e-02	1.39e-09
 6.54418e+17	9.19e-01	8.13e-02	1.47e-09
 6.54476e+17	9.22e-01	7.81e-02	1.56e-09
 6.54533e+17	9.25e-01	7.52e-02	1.65e-09
 6.54590e+17	9.28e-01	7.22e-02	1.75e-09
 6.54647e+17	9.31e-01	6.94e-02	1.86e-09
 6.54703e+17	9.33e-01	6.67e-02	1.98e-09
 6.54760e+17	9.36e-01	6.41e-02	2.10e-09
 6.54816e+17	9.38e-01	6.16e-02	2.23e-09
 6.54872e+17	9.41e-01	5.93e-02	2.37e-09
 6.54928e+17	9.43e-01	5.70e-02	2.52e-09
 6.54983e+17	9.45e-01	5.48e-02	2.68e-09
 6.55039e+17	9.47e-01	5.26e-02	2.87e-09
 6.55094e+17	9.49e-01	5.06e-02	3.04e-09
 6.55149e+17	9.51e-01	4.86e-02	3.25e-09
 6.55203e+17	9.53e-01	4.67e-02	3.47e-09
 6.55258e+17	9.55e-01	4.49e-02	3.70e-09
 6.55312e+17	9.57e-01	4.32e-02	3.95e-09
 6.55366e+17	9.59e-01	4.15e-02	4.21e-09
 6.55420e+17	9.60e-01	3.99e-02	4.49e-09
 6.55474e+17	9.62e-01	3.84e-02	4.80e-09
 6.55527e+17	9.63e-01	3.69e-02	5.12e-09
 6.55580e+17	9.65e-01	3.54e-02	5.46e-09
 6.55633e+17	9.66e-01	3.41e-02	5.83e-09
 6.55685e+17	9.67e-01	3.28e-02	6.21e-09
 6.55738e+17	9.69e-01	3.15e-02	6.62e-09
 6.55790e+17	9.70e-01	3.03e-02	7.04e-09
 6.55842e+17	9.71e-01	2.91e-02	7.46e-09
 6.55893e+17	9.72e-01	2.79e-02	7.91e-09
 6.55945e+17	9.73e-01	2.68e-02	8.37e-09
 6.55997e+17	9.74e-01	2.58e-02	8.83e-09
 6.56047e+17	9.75e-01	2.48e-02	9.29e-09
 6.56098e+17	9.76e-01	2.38e-02	9.75e-09
 6.56148e+17	9.77e-01	2.29e-02	1.02e-08
 6.56197e+17	9.78e-01	2.20e-02	1.07e-08
 6.56247e+17	9.79e-01	2.11e-02	1.11e-08
 6.56295e+17	9.80e-01	2.03e-02	1.15e-08
 6.56343e+17	9.81e-01	1.95e-02	1.19e-08
 6.56390e+17	9.81e-01	1.87e-02	1.23e-08
 6.56437e+17	9.82e-01	1.80e-02	1.27e-08
 6.56483e+17	9.83e-01	1.73e-02	1.30e-08
 6.56528e+17	9.83e-01	1.66e-02	1.34e-08
 6.56572e+17	9.84e-01	1.59e-02	1.37e-08
 6.56615e+17	9.85e-01	1.53e-02	1.40e-08
 6.56656e+17	9.85e-01	1.47e-02	1.44e-08
 6.56693e+17	9.86e-01	1.42e-02	1.47e-08
 6.56727e+17	9.86e-01	1.37e-02	1.51e-08
 6.56758e+17	9.87e-01	1.33e-02	1.54e-08
 6.56787e+17	9.87e-01	1.29e-02	1.58e-08
 6.56814e+17	9.87e-01	1.26e-02	1.62e-08
 6.56838e+17	9.88e-01	1.22e-02	1.66e-08
 6.56861e+17	9.88e-01	1.19e-02	1.70e-08
 6.56881e+17	9.88e-01	1.17e-02	1.74e-08
 6.56900e+17	9.89e-01	1.14e-02	1.77e-08
 6.56917e+17	9.89e-01	1.12e-02	1.81e-08
 6.56932e+17	9.89e-01	1.10e-02	1.84e-08
 6.56949e+17	9.89e-01	1.08e-02	1.89e-08
 6.56967e+17	9.89e-01	1.06e-02	1.93e-08
 6.56984e+17	9.90e-01	1.04e-02	1.97e-08
 6.57002e+17	9.90e-01	1.02e-02	2.03e-08
 6.57021e+17	9.90e-01	9.94e-03	2.09e-08
 6.57039e+17	9.90e-01	9.74e-03	2.13e-08
 6.57055e+17	9.90e-01	9.55e-03	2.20e-08
 6.57070e+17	9.91e-01	9.39e-03	2.24e-08
 6.57086e+17	9.91e-01	9.21e-03	2.30e-08
 6.57104e+17	9.91e-01	9.04e-03	2.35e-08
 6.57119e+17	9.91e-01	8.88e-03	2.40e-08
 6.57137e+17	9.91e-01	8.69e-03	2.48e-08
 6.57156e+17	9.91e-01	8.51e-03	2.55e-08
 6.57173e+17	9.92e-01	8.36e-03	2.60e-08
 6.57191e+17	9.92e-01	8.16e-03	2.69e-08
 6.57212e+17	9.92e-01	7.99e-03	2.75e-08
 6.57230e+17	9.92e-01	7.81e-03	2.84e-08
 6.57247e+17	9.92e-01	7.66e-03	2.92e-08
 6.57262e+17	9.92e-01	7.54e-03	2.98e-08
 6.57279e+17	9.93e-01	7.41e-03	3.04e-08
 6.57300e+17	9.93e-01	7.19e-03	3.18e-08
 6.57324e+17	9.93e-01	7.00e-03	3.31e-08
 6.57345e+17	9.93e-01	6.83e-03	3.42e-08
 6.57365e+17	9.93e-01	6.68e-03	3.52e-08
 6.57382e+17	9.93e-01	6.54e-03	3.63e-08
 6.57398e+17	9.94e-01	6.42e-03	3.72e-08
 6.57413e+17	9.94e-01	6.32e-03	3.81e-08
 6.57426e+17	9.94e-01	6.22e-03	3.88e-08
 6.57441e+17	9.94e-01	6.11e-03	3.97e-08
 6.57457e+17	9.94e-01	6.00e-03	4.07e-08
 6.57471e+17	9.94e-01	5.91e-03	4.16e-08
 6.57484e+17	9.94e-01	5.82e-03	4.24e-08
 6.57498e+17	9.94e-01	5.72e-03	4.33e-08
 6.57514e+17	9.94e-01	5.63e-03	4.41e-08
 6.57530e+17	9.95e-01	5.46e-03	4.65e-08
 6.57549e+17	9.95e-01	5.41e-03	4.65e-08
 6.57569e+17	9.95e-01	5.32e-03	4.65e-08
 6.57595e+17	9.95e-01	5.25e-03	4.65e-08
 6.57628e+17	9.95e-01	5.14e-03	4.65e-08
 6.57672e+17	9.95e-01	5.00e-03	4.65e-08
 6.57729e+17	9.95e-01	4.83e-03	4.64e-08
 6.57799e+17	9.95e-01	4.63e-03	4.64e-08
 6.57874e+17	9.96e-01	4.43e-03	4.64e-08
 6.57945e+17	9.96e-01	4.25e-03	4.64e-08
 6.58015e+17	9.96e-01	4.09e-03	4.64e-08
 6.58086e+17	9.96e-01	3.93e-03	4.64e-08
 6.58160e+17	9.96e-01	3.77e-03	4.64e-08
 6.58235e+17	9.96e-01	3.62e-03	4.64e-08
 6.58311e+17	9.97e-01	3.47e-03	4.64e-08
 6.58389e+17	9.97e-01	3.33e-03	4.64e-08
 6.58468e+17	9.97e-01	3.20e-03	4.64e-08
 6.58550e+17	9.97e-01	3.07e-03	4.64e-08
 6.58633e+17	9.97e-01	2.95e-03	4.64e-08
 6.58719e+17	9.97e-01	2.83e-03	4.64e-08
 6.58808e+17	9.97e-01	2.72e-03	4.64e-08
 6.58900e+17	9.97e-01	2.61e-03	4.64e-08
 6.58995e+17	9.97e-01	2.51e-03	4.64e-08
 6.59093e+17	9.98e-01	2.41e-03	4.64e-08
 6.59196e+17	9.98e-01	2.31e-03	4.64e-08
 6.59305e+17	9.98e-01	2.22e-03	4.64e-08
 6.59419e+17	9.98e-01	2.13e-03	4.64e-08
 6.59540e+17	9.98e-01	2.05e-03	4.64e-08
 6.59669e+17	9.98e-01	1.97e-03	4.64e-08
 6.59807e+17	9.98e-01	1.90e-03	4.64e-08
 6.59956e+17	9.98e-01	1.82e-03	4.64e-08
 6.60120e+17	9.98e-01	1.75e-03	4.64e-08
 6.60300e+17	9.98e-01	1.69e-03	4.64e-08
 6.60501e+17	9.98e-01	1.63e-03	4.64e-08
 6.60727e+17	9.98e-01	1.57e-03	4.64e-08
 6.60986e+17	9.98e-01	1.51e-03	4.65e-08
 6.61288e+17	9.99e-01	1.46e-03	4.65e-08
 6.61643e+17	9.99e-01	1.41e-03	4.65e-08
 6.62067e+17	9.99e-01	1.36e-03	4.65e-08
 6.62574e+17	9.99e-01	1.32e-03	4.66e-08
 6.63180e+17	9.99e-01	1.27e-03	4.66e-08
 6.63892e+17	9.99e-01	1.23e-03	4.67e-08
 6.64705e+17	9.99e-01	1.18e-03	4.68e-08
 6.65585e+17	9.99e-01	1.13e-03	4.68e-08
 6.66498e+17	9.99e-01	1.08e-03	4.69e-08
 6.67416e+17	9.99e-01	1.04e-03	4.70e-08
 6.68408e+17	9.99e-01	1.01e-03	4.71e-08
 6.69569e+17	9.99e-01	9.71e-04	4.72e-08
 6.70967e+17	9.99e-01	9.35e-04	4.74e-08
 6.72660e+17	9.99e-01	8.98e-04	4.75e-08
 6.74612e+17	9.99e-01	8.59e-04	4.77e-08
 6.76728e+17	9.99e-01	8.21e-04	4.80e-08
