#depth	H	H+	H2
 3.21011e+12	1.10e-04	1.00e+00	3.78e-16
 1.92607e+13	1.10e-04	1.00e+00	3.78e-16
 8.34628e+13	1.10e-04	1.00e+00	3.78e-16
 3.40272e+14	1.10e-04	1.00e+00	3.79e-16
 8.12800e+14	1.10e-04	1.00e+00	3.79e-16
 1.42709e+15	1.10e-04	1.00e+00	3.80e-16
 2.22566e+15	1.10e-04	1.00e+00	3.81e-16
 3.26380e+15	1.10e-04	1.00e+00	3.82e-16
 4.61339e+15	1.10e-04	1.00e+00	3.83e-16
 6.36785e+15	1.10e-04	1.00e+00	3.85e-16
 8.64866e+15	1.10e-04	1.00e+00	3.87e-16
 1.16137e+16	1.11e-04	1.00e+00	3.90e-16
 1.54683e+16	1.11e-04	1.00e+00	3.93e-16
 2.04792e+16	1.11e-04	1.00e+00	3.98e-16
 2.69934e+16	1.11e-04	1.00e+00	4.04e-16
 3.54618e+16	1.12e-04	1.00e+00	4.11e-16
 4.64708e+16	1.13e-04	1.00e+00	4.21e-16
 6.07825e+16	1.14e-04	1.00e+00	4.34e-16
 7.93878e+16	1.15e-04	1.00e+00	4.51e-16
 1.03575e+17	1.17e-04	1.00e+00	4.74e-16
 1.23108e+17	1.18e-04	1.00e+00	4.91e-16
 1.35418e+17	1.19e-04	1.00e+00	5.02e-16
 1.48960e+17	1.20e-04	1.00e+00	5.16e-16
 1.63856e+17	1.21e-04	1.00e+00	5.31e-16
 1.80242e+17	1.23e-04	1.00e+00	5.50e-16
 1.98266e+17	1.25e-04	1.00e+00	5.70e-16
 2.18093e+17	1.27e-04	1.00e+00	5.93e-16
 2.39902e+17	1.29e-04	1.00e+00	6.20e-16
 2.63892e+17	1.32e-04	1.00e+00	6.51e-16
 2.90281e+17	1.35e-04	1.00e+00	6.85e-16
 3.19309e+17	1.39e-04	1.00e+00	7.27e-16
 3.51240e+17	1.42e-04	1.00e+00	7.74e-16
 3.86364e+17	1.47e-04	1.00e+00	8.32e-16
 4.25001e+17	1.53e-04	1.00e+00	8.98e-16
 4.67501e+17	1.59e-04	1.00e+00	9.80e-16
 5.14251e+17	1.66e-04	1.00e+00	1.08e-15
 5.65676e+17	1.75e-04	1.00e+00	1.20e-15
 6.22244e+17	1.85e-04	1.00e+00	1.34e-15
 6.84468e+17	1.97e-04	1.00e+00	1.52e-15
 7.52915e+17	2.11e-04	1.00e+00	1.75e-15
 8.28206e+17	2.28e-04	1.00e+00	2.04e-15
 9.11027e+17	2.50e-04	1.00e+00	2.42e-15
 1.00213e+18	2.76e-04	1.00e+00	2.93e-15
 1.10234e+18	3.10e-04	1.00e+00	3.62e-15
 1.21258e+18	3.53e-04	1.00e+00	4.58e-15
 1.33383e+18	4.10e-04	1.00e+00	5.96e-15
 1.44228e+18	4.69e-04	1.00e+00	7.54e-15
 1.52317e+18	5.22e-04	9.99e-01	9.02e-15
 1.60589e+18	5.87e-04	9.99e-01	1.09e-14
 1.69784e+18	6.72e-04	9.99e-01	1.35e-14
 1.78078e+18	7.64e-04	9.99e-01	1.65e-14
 1.85232e+18	8.59e-04	9.99e-01	1.97e-14
 1.91971e+18	9.66e-04	9.99e-01	2.35e-14
 1.98685e+18	1.09e-03	9.99e-01	2.80e-14
 2.05225e+18	1.24e-03	9.99e-01	3.35e-14
 2.11349e+18	1.41e-03	9.99e-01	4.00e-14
 2.17015e+18	1.60e-03	9.98e-01	4.74e-14
 2.22322e+18	1.82e-03	9.98e-01	5.59e-14
 2.27349e+18	2.07e-03	9.98e-01	6.60e-14
 2.31676e+18	2.34e-03	9.98e-01	7.69e-14
 2.35130e+18	2.59e-03	9.97e-01	8.74e-14
 2.38755e+18	2.91e-03	9.97e-01	1.00e-13
 2.42622e+18	3.32e-03	9.97e-01	1.18e-13
 2.45855e+18	3.75e-03	9.96e-01	1.37e-13
 2.48481e+18	4.17e-03	9.96e-01	1.55e-13
 2.50898e+18	4.63e-03	9.95e-01	1.75e-13
 2.53671e+18	5.28e-03	9.95e-01	2.04e-13
 2.56503e+18	6.12e-03	9.94e-01	2.42e-13
 2.58692e+18	6.94e-03	9.93e-01	2.80e-13
 2.60445e+18	7.75e-03	9.92e-01	3.18e-13
 2.62348e+18	8.84e-03	9.91e-01	3.70e-13
 2.64404e+18	1.03e-02	9.90e-01	4.42e-13
 2.66161e+18	1.20e-02	9.88e-01	5.25e-13
 2.67614e+18	1.38e-02	9.86e-01	6.17e-13
 2.68960e+18	1.60e-02	9.84e-01	7.28e-13
 2.70148e+18	1.85e-02	9.82e-01	8.60e-13
 2.71058e+18	2.09e-02	9.79e-01	9.90e-13
 2.71773e+18	2.32e-02	9.77e-01	1.12e-12
 2.72401e+18	2.57e-02	9.74e-01	1.26e-12
 2.73012e+18	2.86e-02	9.71e-01	1.42e-12
 2.73597e+18	3.20e-02	9.68e-01	1.62e-12
 2.74127e+18	3.57e-02	9.64e-01	1.84e-12
 2.74593e+18	3.97e-02	9.60e-01	2.09e-12
 2.75013e+18	4.41e-02	9.56e-01	2.37e-12
 2.75405e+18	4.90e-02	9.51e-01	2.69e-12
 2.75773e+18	5.46e-02	9.45e-01	3.06e-12
 2.76114e+18	6.09e-02	9.39e-01	3.50e-12
 2.76428e+18	6.80e-02	9.32e-01	4.02e-12
 2.76721e+18	7.59e-02	9.24e-01	4.61e-12
 2.77002e+18	8.52e-02	9.15e-01	5.36e-12
 2.77273e+18	9.64e-02	9.04e-01	6.30e-12
 2.77528e+18	1.10e-01	8.90e-01	7.47e-12
 2.77769e+18	1.25e-01	8.75e-01	8.96e-12
 2.77999e+18	1.44e-01	8.56e-01	1.09e-11
 2.78220e+18	1.67e-01	8.33e-01	1.35e-11
 2.78428e+18	1.93e-01	8.07e-01	1.69e-11
 2.78625e+18	2.26e-01	7.74e-01	2.17e-11
 2.78806e+18	2.64e-01	7.36e-01	2.82e-11
 2.78955e+18	3.02e-01	6.98e-01	3.58e-11
 2.79064e+18	3.35e-01	6.65e-01	4.38e-11
 2.79145e+18	3.62e-01	6.38e-01	5.11e-11
 2.79215e+18	3.87e-01	6.13e-01	5.87e-11
 2.79281e+18	4.13e-01	5.87e-01	6.73e-11
 2.79345e+18	4.38e-01	5.62e-01	7.72e-11
 2.79403e+18	4.63e-01	5.37e-01	8.74e-11
 2.79453e+18	4.84e-01	5.16e-01	9.75e-11
 2.79499e+18	5.05e-01	4.95e-01	1.09e-10
 2.79543e+18	5.25e-01	4.75e-01	1.20e-10
 2.79585e+18	5.45e-01	4.55e-01	1.33e-10
 2.79619e+18	5.60e-01	4.40e-01	1.44e-10
 2.79643e+18	5.71e-01	4.29e-01	1.52e-10
 2.79666e+18	5.82e-01	4.18e-01	1.61e-10
 2.79693e+18	5.95e-01	4.05e-01	1.72e-10
 2.79721e+18	6.08e-01	3.92e-01	1.84e-10
 2.79747e+18	6.20e-01	3.80e-01	1.96e-10
 2.79773e+18	6.33e-01	3.67e-01	2.09e-10
 2.79798e+18	6.44e-01	3.56e-01	2.21e-10
 2.79824e+18	6.56e-01	3.44e-01	2.36e-10
 2.79849e+18	6.68e-01	3.32e-01	2.51e-10
 2.79874e+18	6.79e-01	3.21e-01	2.67e-10
 2.79899e+18	6.90e-01	3.10e-01	2.82e-10
 2.79923e+18	7.01e-01	2.99e-01	3.01e-10
 2.79948e+18	7.12e-01	2.88e-01	3.18e-10
 2.79973e+18	7.23e-01	2.77e-01	3.39e-10
 2.79997e+18	7.32e-01	2.68e-01	3.57e-10
 2.80021e+18	7.42e-01	2.58e-01	3.80e-10
 2.80046e+18	7.52e-01	2.48e-01	4.04e-10
 2.80069e+18	7.62e-01	2.38e-01	4.27e-10
 2.80093e+18	7.71e-01	2.29e-01	4.51e-10
 2.80117e+18	7.80e-01	2.20e-01	4.80e-10
 2.80141e+18	7.88e-01	2.12e-01	5.05e-10
 2.80164e+18	7.97e-01	2.03e-01	5.35e-10
 2.80187e+18	8.05e-01	1.95e-01	5.66e-10
 2.80210e+18	8.13e-01	1.87e-01	5.97e-10
 2.80233e+18	8.20e-01	1.80e-01	6.30e-10
 2.80256e+18	8.27e-01	1.73e-01	6.66e-10
 2.80278e+18	8.34e-01	1.66e-01	6.99e-10
 2.80300e+18	8.41e-01	1.59e-01	7.41e-10
 2.80322e+18	8.47e-01	1.53e-01	7.76e-10
 2.80344e+18	8.53e-01	1.47e-01	8.20e-10
 2.80365e+18	8.59e-01	1.41e-01	8.62e-10
 2.80387e+18	8.65e-01	1.35e-01	9.11e-10
 2.80408e+18	8.70e-01	1.30e-01	9.54e-10
 2.80430e+18	8.75e-01	1.25e-01	1.01e-09
 2.80451e+18	8.80e-01	1.20e-01	1.06e-09
 2.80472e+18	8.85e-01	1.15e-01	1.12e-09
 2.80493e+18	8.89e-01	1.11e-01	1.17e-09
 2.80514e+18	8.94e-01	1.06e-01	1.24e-09
 2.80535e+18	8.98e-01	1.02e-01	1.29e-09
 2.80556e+18	9.02e-01	9.77e-02	1.37e-09
 2.80577e+18	9.06e-01	9.38e-02	1.44e-09
 2.80598e+18	9.10e-01	9.00e-02	1.52e-09
 2.80619e+18	9.14e-01	8.64e-02	1.60e-09
 2.80640e+18	9.17e-01	8.28e-02	1.69e-09
 2.80660e+18	9.20e-01	7.96e-02	1.77e-09
 2.80681e+18	9.24e-01	7.64e-02	1.88e-09
 2.80702e+18	9.27e-01	7.33e-02	1.98e-09
 2.80723e+18	9.30e-01	7.03e-02	2.09e-09
 2.80744e+18	9.33e-01	6.75e-02	2.20e-09
 2.80765e+18	9.35e-01	6.47e-02	2.34e-09
 2.80786e+18	9.38e-01	6.21e-02	2.47e-09
 2.80807e+18	9.40e-01	5.96e-02	2.61e-09
 2.80829e+18	9.43e-01	5.71e-02	2.76e-09
 2.80850e+18	9.45e-01	5.48e-02	2.93e-09
 2.80872e+18	9.47e-01	5.25e-02	3.11e-09
 2.80893e+18	9.50e-01	5.04e-02	3.29e-09
 2.80915e+18	9.52e-01	4.83e-02	3.51e-09
 2.80937e+18	9.54e-01	4.63e-02	3.71e-09
 2.80959e+18	9.56e-01	4.44e-02	3.96e-09
 2.80981e+18	9.57e-01	4.26e-02	4.20e-09
 2.81003e+18	9.59e-01	4.08e-02	4.49e-09
 2.81026e+18	9.61e-01	3.91e-02	4.77e-09
 2.81049e+18	9.63e-01	3.75e-02	5.11e-09
 2.81071e+18	9.64e-01	3.59e-02	5.45e-09
 2.81094e+18	9.66e-01	3.44e-02	5.82e-09
 2.81118e+18	9.67e-01	3.30e-02	6.21e-09
 2.81141e+18	9.68e-01	3.17e-02	6.64e-09
 2.81165e+18	9.70e-01	3.03e-02	7.10e-09
 2.81188e+18	9.71e-01	2.91e-02	7.60e-09
 2.81213e+18	9.72e-01	2.79e-02	8.14e-09
 2.81237e+18	9.73e-01	2.67e-02	8.71e-09
 2.81262e+18	9.74e-01	2.56e-02	9.32e-09
 2.81286e+18	9.75e-01	2.45e-02	9.96e-09
 2.81311e+18	9.77e-01	2.35e-02	1.06e-08
 2.81337e+18	9.78e-01	2.25e-02	1.13e-08
 2.81363e+18	9.78e-01	2.15e-02	1.21e-08
 2.81389e+18	9.79e-01	2.06e-02	1.28e-08
 2.81415e+18	9.80e-01	1.98e-02	1.36e-08
 2.81441e+18	9.81e-01	1.89e-02	1.43e-08
 2.81468e+18	9.82e-01	1.81e-02	1.51e-08
 2.81495e+18	9.83e-01	1.74e-02	1.59e-08
 2.81522e+18	9.83e-01	1.66e-02	1.66e-08
 2.81549e+18	9.84e-01	1.59e-02	1.73e-08
 2.81576e+18	9.85e-01	1.52e-02	1.80e-08
 2.81603e+18	9.85e-01	1.46e-02	1.87e-08
 2.81630e+18	9.86e-01	1.39e-02	1.94e-08
 2.81656e+18	9.87e-01	1.34e-02	2.00e-08
 2.81681e+18	9.87e-01	1.28e-02	2.05e-08
 2.81703e+18	9.88e-01	1.24e-02	2.10e-08
 2.81724e+18	9.88e-01	1.20e-02	2.15e-08
 2.81745e+18	9.88e-01	1.16e-02	2.20e-08
 2.81764e+18	9.89e-01	1.12e-02	2.25e-08
 2.81782e+18	9.89e-01	1.09e-02	2.31e-08
 2.81800e+18	9.89e-01	1.06e-02	2.36e-08
 2.81816e+18	9.90e-01	1.03e-02	2.42e-08
 2.81831e+18	9.90e-01	1.00e-02	2.48e-08
 2.81844e+18	9.90e-01	9.78e-03	2.53e-08
 2.81857e+18	9.90e-01	9.58e-03	2.58e-08
 2.81868e+18	9.91e-01	9.39e-03	2.63e-08
 2.81878e+18	9.91e-01	9.24e-03	2.68e-08
 2.81889e+18	9.91e-01	9.07e-03	2.73e-08
 2.81901e+18	9.91e-01	8.86e-03	2.80e-08
 2.81912e+18	9.91e-01	8.70e-03	2.86e-08
 2.81922e+18	9.91e-01	8.56e-03	2.91e-08
 2.81931e+18	9.92e-01	8.42e-03	2.96e-08
 2.81941e+18	9.92e-01	8.29e-03	3.01e-08
 2.81954e+18	9.92e-01	8.08e-03	3.11e-08
 2.81968e+18	9.92e-01	7.89e-03	3.21e-08
 2.81980e+18	9.92e-01	7.71e-03	3.30e-08
 2.81992e+18	9.92e-01	7.56e-03	3.38e-08
 2.82002e+18	9.93e-01	7.44e-03	3.44e-08
 2.82014e+18	9.93e-01	7.31e-03	3.51e-08
 2.82026e+18	9.93e-01	7.16e-03	3.61e-08
 2.82038e+18	9.93e-01	7.04e-03	3.68e-08
 2.82048e+18	9.93e-01	6.93e-03	3.75e-08
 2.82059e+18	9.93e-01	6.80e-03	3.83e-08
 2.82071e+18	9.93e-01	6.68e-03	3.92e-08
 2.82083e+18	9.93e-01	6.56e-03	4.02e-08
 2.82093e+18	9.94e-01	6.46e-03	4.09e-08
 2.82104e+18	9.94e-01	6.36e-03	4.17e-08
 2.82118e+18	9.94e-01	6.20e-03	4.31e-08
 2.82134e+18	9.94e-01	6.05e-03	4.45e-08
 2.82148e+18	9.94e-01	5.92e-03	4.59e-08
 2.82160e+18	9.94e-01	5.80e-03	4.71e-08
 2.82172e+18	9.94e-01	5.70e-03	4.82e-08
 2.82183e+18	9.94e-01	5.61e-03	4.92e-08
 2.82192e+18	9.94e-01	5.53e-03	5.01e-08
 2.82203e+18	9.95e-01	5.44e-03	5.13e-08
 2.82214e+18	9.95e-01	5.35e-03	5.25e-08
 2.82225e+18	9.95e-01	5.26e-03	5.37e-08
 2.82234e+18	9.95e-01	5.18e-03	5.47e-08
 2.82245e+18	9.95e-01	5.12e-03	5.56e-08
 2.82258e+18	9.95e-01	5.00e-03	5.74e-08
 2.82273e+18	9.95e-01	4.89e-03	5.91e-08
 2.82286e+18	9.95e-01	4.80e-03	6.06e-08
 2.82298e+18	9.95e-01	4.71e-03	6.20e-08
 2.82309e+18	9.95e-01	4.64e-03	6.32e-08
 2.82319e+18	9.95e-01	4.57e-03	6.42e-08
 2.82330e+18	9.96e-01	4.50e-03	6.56e-08
 2.82342e+18	9.96e-01	4.42e-03	6.67e-08
 2.82355e+18	9.96e-01	4.39e-03	6.67e-08
 2.82372e+18	9.96e-01	4.35e-03	6.67e-08
 2.82394e+18	9.96e-01	4.28e-03	6.66e-08
 2.82422e+18	9.96e-01	4.19e-03	6.66e-08
 2.82459e+18	9.96e-01	4.08e-03	6.66e-08
 2.82507e+18	9.96e-01	3.92e-03	6.65e-08
 2.82564e+18	9.96e-01	3.74e-03	6.65e-08
 2.82619e+18	9.96e-01	3.57e-03	6.65e-08
 2.82669e+18	9.97e-01	3.45e-03	6.64e-08
 2.82719e+18	9.97e-01	3.33e-03	6.64e-08
 2.82776e+18	9.97e-01	3.20e-03	6.63e-08
 2.82837e+18	9.97e-01	3.07e-03	6.63e-08
 2.82896e+18	9.97e-01	2.95e-03	6.63e-08
 2.82952e+18	9.97e-01	2.84e-03	6.62e-08
 2.83010e+18	9.97e-01	2.75e-03	6.62e-08
 2.83071e+18	9.97e-01	2.64e-03	6.62e-08
 2.83135e+18	9.97e-01	2.54e-03	6.62e-08
 2.83197e+18	9.98e-01	2.44e-03	6.61e-08
 2.83258e+18	9.98e-01	2.36e-03	6.61e-08
 2.83320e+18	9.98e-01	2.27e-03	6.61e-08
 2.83384e+18	9.98e-01	2.19e-03	6.61e-08
 2.83450e+18	9.98e-01	2.10e-03	6.61e-08
 2.83514e+18	9.98e-01	2.03e-03	6.61e-08
 2.83579e+18	9.98e-01	1.95e-03	6.60e-08
 2.83644e+18	9.98e-01	1.88e-03	6.60e-08
 2.83711e+18	9.98e-01	1.81e-03	6.60e-08
 2.83779e+18	9.98e-01	1.75e-03	6.60e-08
 2.83846e+18	9.98e-01	1.68e-03	6.60e-08
 2.83914e+18	9.98e-01	1.62e-03	6.60e-08
 2.83982e+18	9.98e-01	1.56e-03	6.60e-08
 2.84052e+18	9.98e-01	1.50e-03	6.60e-08
 2.84122e+18	9.99e-01	1.45e-03	6.60e-08
 2.84193e+18	9.99e-01	1.40e-03	6.60e-08
 2.84263e+18	9.99e-01	1.34e-03	6.61e-08
 2.84335e+18	9.99e-01	1.30e-03	6.61e-08
 2.84409e+18	9.99e-01	1.25e-03	6.61e-08
 2.84483e+18	9.99e-01	1.20e-03	6.61e-08
 2.84558e+18	9.99e-01	1.16e-03	6.61e-08
 2.84632e+18	9.99e-01	1.12e-03	6.61e-08
 2.84709e+18	9.99e-01	1.07e-03	6.62e-08
 2.84789e+18	9.99e-01	1.03e-03	6.62e-08
 2.84868e+18	9.99e-01	9.93e-04	6.62e-08
 2.84947e+18	9.99e-01	9.57e-04	6.62e-08
 2.85028e+18	9.99e-01	9.19e-04	6.63e-08
 2.85112e+18	9.99e-01	8.85e-04	6.63e-08
 2.85198e+18	9.99e-01	8.50e-04	6.63e-08
 2.85283e+18	9.99e-01	8.17e-04	6.64e-08
 2.85369e+18	9.99e-01	7.86e-04	6.64e-08
 2.85459e+18	9.99e-01	7.55e-04	6.64e-08
 2.85551e+18	9.99e-01	7.24e-04	6.65e-08
