#depth	He	He+	He+2
 2.75434e+14	6.12e-06	3.48e-01	6.52e-01
 1.65260e+15	6.12e-06	3.48e-01	6.52e-01
 7.16128e+15	6.16e-06	3.49e-01	6.51e-01
 2.91960e+16	6.33e-06	3.53e-01	6.47e-01
 6.97398e+16	6.62e-06	3.58e-01	6.42e-01
 1.22447e+17	7.03e-06	3.66e-01	6.34e-01
 1.90966e+17	7.59e-06	3.78e-01	6.22e-01
 2.80041e+17	8.41e-06	3.94e-01	6.06e-01
 3.95838e+17	9.59e-06	4.17e-01	5.83e-01
 5.30514e+17	1.11e-05	4.45e-01	5.55e-01
 6.71735e+17	1.30e-05	4.77e-01	5.23e-01
 8.18604e+17	1.51e-05	5.12e-01	4.88e-01
 9.71348e+17	1.77e-05	5.51e-01	4.49e-01
 1.13020e+18	2.06e-05	5.93e-01	4.07e-01
 1.29541e+18	2.40e-05	6.38e-01	3.62e-01
 1.46723e+18	2.80e-05	6.85e-01	3.15e-01
 1.64592e+18	3.25e-05	7.32e-01	2.68e-01
 1.83175e+18	3.74e-05	7.79e-01	2.21e-01
 2.02502e+18	4.28e-05	8.22e-01	1.78e-01
 2.22602e+18	4.85e-05	8.61e-01	1.39e-01
 2.43506e+18	5.46e-05	8.95e-01	1.05e-01
 2.65247e+18	6.10e-05	9.23e-01	7.71e-02
 2.87856e+18	6.77e-05	9.45e-01	5.53e-02
 3.11371e+18	7.47e-05	9.61e-01	3.88e-02
 3.35826e+18	8.20e-05	9.73e-01	2.66e-02
 3.61259e+18	8.98e-05	9.82e-01	1.80e-02
 3.87709e+18	9.80e-05	9.88e-01	1.20e-02
 4.15217e+18	1.07e-04	9.92e-01	7.85e-03
 4.43826e+18	1.16e-04	9.95e-01	5.09e-03
 4.73579e+18	1.26e-04	9.97e-01	3.27e-03
 5.04522e+18	1.37e-04	9.98e-01	2.07e-03
 5.36703e+18	1.49e-04	9.99e-01	1.31e-03
 5.70171e+18	1.62e-04	9.99e-01	8.15e-04
 6.04978e+18	1.75e-04	9.99e-01	5.05e-04
 6.41177e+18	1.90e-04	9.99e-01	3.11e-04
 6.78824e+18	2.07e-04	1.00e+00	1.90e-04
 7.17977e+18	2.24e-04	1.00e+00	1.16e-04
 7.58696e+18	2.44e-04	1.00e+00	7.04e-05
 8.01044e+18	2.64e-04	1.00e+00	4.26e-05
 8.45086e+18	2.87e-04	1.00e+00	2.57e-05
 8.90889e+18	3.12e-04	1.00e+00	1.55e-05
 9.38525e+18	3.39e-04	1.00e+00	9.36e-06
 9.88066e+18	3.68e-04	1.00e+00	5.64e-06
 1.03959e+19	4.00e-04	1.00e+00	3.40e-06
 1.09317e+19	4.34e-04	1.00e+00	2.05e-06
 1.14890e+19	4.72e-04	1.00e+00	1.24e-06
 1.20685e+19	5.13e-04	9.99e-01	7.47e-07
 1.26713e+19	5.58e-04	9.99e-01	4.51e-07
 1.32981e+19	6.07e-04	9.99e-01	2.72e-07
 1.39501e+19	6.61e-04	9.99e-01	1.64e-07
 1.46281e+19	7.19e-04	9.99e-01	9.92e-08
 1.53332e+19	7.83e-04	9.99e-01	5.99e-08
 1.60665e+19	8.54e-04	9.99e-01	3.61e-08
 1.68292e+19	9.31e-04	9.99e-01	2.17e-08
 1.76223e+19	1.02e-03	9.99e-01	1.31e-08
 1.84472e+19	1.11e-03	9.99e-01	7.87e-09
 1.93051e+19	1.21e-03	9.99e-01	4.72e-09
 2.01973e+19	1.33e-03	9.99e-01	2.83e-09
 2.11252e+19	1.45e-03	9.99e-01	1.69e-09
 2.20902e+19	1.59e-03	9.98e-01	1.01e-09
 2.30938e+19	1.75e-03	9.98e-01	6.03e-10
 2.41029e+19	1.92e-03	9.98e-01	3.66e-10
 2.50951e+19	2.09e-03	9.98e-01	2.27e-10
 2.61616e+19	2.30e-03	9.98e-01	1.38e-10
 2.72911e+19	2.54e-03	9.97e-01	8.30e-11
 2.83717e+19	2.78e-03	9.97e-01	5.21e-11
 2.95324e+19	3.08e-03	9.97e-01	3.17e-11
 3.07659e+19	3.42e-03	9.97e-01	1.92e-11
 3.18946e+19	3.76e-03	9.96e-01	1.24e-11
 3.31205e+19	4.19e-03	9.96e-01	7.65e-12
 3.44363e+19	4.69e-03	9.95e-01	4.72e-12
 3.55904e+19	5.19e-03	9.95e-01	3.14e-12
 3.66447e+19	5.71e-03	9.94e-01	2.17e-12
 3.78481e+19	6.40e-03	9.94e-01	1.43e-12
 3.91565e+19	7.27e-03	9.93e-01	9.28e-13
 4.03045e+19	8.16e-03	9.92e-01	6.47e-13
 4.12427e+19	9.01e-03	9.91e-01	4.85e-13
 4.20708e+19	9.88e-03	9.90e-01	3.77e-13
 4.30132e+19	1.11e-02	9.89e-01	2.81e-13
 4.40229e+19	1.26e-02	9.87e-01	2.10e-13
 4.48877e+19	1.41e-02	9.86e-01	1.65e-13
 4.56074e+19	1.57e-02	9.84e-01	1.35e-13
 4.62656e+19	1.74e-02	9.83e-01	1.12e-13
 4.70155e+19	1.98e-02	9.80e-01	9.07e-14
 4.78005e+19	2.30e-02	9.77e-01	7.36e-14
 4.84436e+19	2.62e-02	9.74e-01	6.23e-14
 4.89834e+19	2.98e-02	9.70e-01	5.40e-14
 4.95767e+19	3.47e-02	9.65e-01	4.59e-14
 5.02100e+19	4.17e-02	9.58e-01	3.88e-14
 5.07441e+19	4.99e-02	9.50e-01	3.36e-14
 5.11888e+19	5.93e-02	9.41e-01	2.98e-14
 5.15639e+19	6.99e-02	9.30e-01	2.68e-14
 5.18703e+19	8.14e-02	9.19e-01	2.45e-14
 5.21380e+19	9.45e-02	9.06e-01	2.25e-14
 5.23876e+19	1.10e-01	8.90e-01	2.06e-14
 5.26221e+19	1.30e-01	8.70e-01	1.90e-14
 5.28359e+19	1.53e-01	8.47e-01	1.73e-14
 5.30277e+19	1.80e-01	8.20e-01	1.58e-14
 5.31990e+19	2.12e-01	7.88e-01	1.44e-14
 5.33532e+19	2.49e-01	7.51e-01	1.31e-14
 5.34953e+19	2.92e-01	7.08e-01	1.17e-14
 5.36266e+19	3.41e-01	6.59e-01	1.04e-14
 5.37484e+19	3.98e-01	6.02e-01	9.07e-15
 5.38613e+19	4.60e-01	5.40e-01	7.77e-15
 5.39660e+19	5.25e-01	4.75e-01	6.53e-15
 5.40666e+19	5.94e-01	4.06e-01	5.35e-15
 5.41812e+19	6.75e-01	3.25e-01	4.06e-15
 5.43022e+19	7.56e-01	2.44e-01	2.90e-15
 5.44032e+19	8.17e-01	1.83e-01	2.11e-15
 5.44898e+19	8.60e-01	1.40e-01	1.57e-15
 5.45733e+19	8.94e-01	1.06e-01	1.17e-15
 5.46543e+19	9.20e-01	7.98e-02	8.70e-16
 5.47276e+19	9.38e-01	6.16e-02	6.70e-16
 5.47906e+19	9.51e-01	4.94e-02	5.41e-16
 5.48465e+19	9.60e-01	4.04e-02	4.48e-16
 5.48989e+19	9.66e-01	3.36e-02	3.81e-16
 5.49467e+19	9.71e-01	2.86e-02	3.34e-16
 5.49863e+19	9.75e-01	2.52e-02	3.04e-16
 5.50161e+19	9.77e-01	2.30e-02	2.88e-16
 5.50392e+19	9.79e-01	2.15e-02	2.77e-16
 5.50593e+19	9.80e-01	2.03e-02	2.70e-16
 5.50781e+19	9.81e-01	1.93e-02	2.65e-16
 5.50958e+19	9.82e-01	1.84e-02	2.62e-16
 5.51121e+19	9.82e-01	1.77e-02	2.61e-16
 5.51266e+19	9.83e-01	1.71e-02	2.60e-16
 5.51402e+19	9.83e-01	1.66e-02	2.63e-16
 5.51530e+19	9.84e-01	1.61e-02	2.64e-16
 5.51630e+19	9.84e-01	1.58e-02	2.67e-16
 5.51702e+19	9.84e-01	1.57e-02	2.70e-16
 5.51772e+19	9.85e-01	1.54e-02	2.72e-16
 5.51851e+19	9.85e-01	1.52e-02	2.74e-16
 5.51934e+19	9.85e-01	1.50e-02	2.78e-16
 5.52014e+19	9.85e-01	1.48e-02	2.83e-16
 5.52091e+19	9.85e-01	1.47e-02	2.87e-16
 5.52167e+19	9.86e-01	1.45e-02	2.92e-16
 5.52243e+19	9.86e-01	1.44e-02	2.98e-16
 5.52319e+19	9.86e-01	1.42e-02	3.03e-16
 5.52394e+19	9.86e-01	1.41e-02	3.10e-16
 5.52468e+19	9.86e-01	1.40e-02	3.17e-16
 5.52542e+19	9.86e-01	1.39e-02	3.25e-16
 5.52615e+19	9.86e-01	1.38e-02	3.33e-16
 5.52689e+19	9.86e-01	1.37e-02	3.41e-16
 5.52761e+19	9.86e-01	1.36e-02	3.50e-16
 5.52832e+19	9.86e-01	1.36e-02	3.60e-16
 5.52904e+19	9.87e-01	1.35e-02	3.70e-16
 5.52975e+19	9.87e-01	1.34e-02	3.81e-16
 5.53047e+19	9.87e-01	1.34e-02	3.92e-16
 5.53117e+19	9.87e-01	1.33e-02	4.05e-16
 5.53186e+19	9.87e-01	1.33e-02	4.16e-16
 5.53255e+19	9.87e-01	1.33e-02	4.30e-16
 5.53323e+19	9.87e-01	1.32e-02	4.43e-16
 5.53391e+19	9.87e-01	1.32e-02	4.59e-16
 5.53457e+19	9.87e-01	1.32e-02	4.73e-16
 5.53523e+19	9.87e-01	1.32e-02	4.90e-16
 5.53588e+19	9.87e-01	1.32e-02	5.05e-16
 5.53652e+19	9.87e-01	1.31e-02	5.22e-16
 5.53715e+19	9.87e-01	1.31e-02	5.38e-16
 5.53779e+19	9.87e-01	1.31e-02	5.58e-16
 5.53842e+19	9.87e-01	1.31e-02	5.76e-16
 5.53903e+19	9.87e-01	1.31e-02	5.95e-16
 5.53965e+19	9.87e-01	1.31e-02	6.14e-16
 5.54026e+19	9.87e-01	1.31e-02	6.36e-16
 5.54087e+19	9.87e-01	1.31e-02	6.56e-16
 5.54147e+19	9.87e-01	1.31e-02	6.78e-16
 5.54206e+19	9.87e-01	1.31e-02	7.00e-16
 5.54266e+19	9.87e-01	1.31e-02	7.24e-16
 5.54325e+19	9.87e-01	1.31e-02	7.46e-16
 5.54384e+19	9.87e-01	1.32e-02	7.73e-16
 5.54443e+19	9.87e-01	1.32e-02	7.98e-16
 5.54500e+19	9.87e-01	1.32e-02	8.23e-16
 5.54558e+19	9.87e-01	1.32e-02	8.50e-16
 5.54616e+19	9.87e-01	1.32e-02	8.78e-16
 5.54674e+19	9.87e-01	1.32e-02	9.07e-16
 5.54731e+19	9.87e-01	1.32e-02	9.36e-16
 5.54788e+19	9.87e-01	1.32e-02	9.66e-16
 5.54845e+19	9.87e-01	1.32e-02	9.96e-16
 5.54902e+19	9.87e-01	1.32e-02	1.03e-15
 5.54959e+19	9.87e-01	1.32e-02	1.06e-15
 5.55015e+19	9.87e-01	1.33e-02	1.09e-15
 5.55072e+19	9.87e-01	1.33e-02	1.13e-15
 5.55128e+19	9.87e-01	1.33e-02	1.16e-15
 5.55183e+19	9.87e-01	1.33e-02	1.20e-15
 5.55239e+19	9.87e-01	1.33e-02	1.23e-15
 5.55295e+19	9.87e-01	1.33e-02	1.27e-15
 5.55350e+19	9.87e-01	1.33e-02	1.31e-15
 5.55406e+19	9.87e-01	1.33e-02	1.34e-15
 5.55461e+19	9.87e-01	1.33e-02	1.38e-15
 5.55516e+19	9.87e-01	1.33e-02	1.42e-15
 5.55571e+19	9.87e-01	1.33e-02	1.46e-15
 5.55626e+19	9.87e-01	1.32e-02	1.50e-15
 5.55681e+19	9.87e-01	1.32e-02	1.54e-15
 5.55735e+19	9.87e-01	1.32e-02	1.58e-15
 5.55790e+19	9.87e-01	1.32e-02	1.62e-15
 5.55844e+19	9.87e-01	1.32e-02	1.66e-15
 5.55898e+19	9.87e-01	1.32e-02	1.69e-15
 5.55951e+19	9.87e-01	1.31e-02	1.73e-15
 5.56005e+19	9.87e-01	1.31e-02	1.77e-15
 5.56058e+19	9.87e-01	1.31e-02	1.81e-15
 5.56110e+19	9.87e-01	1.31e-02	1.85e-15
 5.56162e+19	9.87e-01	1.30e-02	1.88e-15
 5.56214e+19	9.87e-01	1.30e-02	1.92e-15
 5.56265e+19	9.87e-01	1.29e-02	1.95e-15
 5.56315e+19	9.87e-01	1.29e-02	1.98e-15
 5.56365e+19	9.87e-01	1.29e-02	2.01e-15
 5.56414e+19	9.87e-01	1.28e-02	2.04e-15
 5.56461e+19	9.87e-01	1.28e-02	2.06e-15
 5.56504e+19	9.87e-01	1.27e-02	2.08e-15
 5.56543e+19	9.87e-01	1.27e-02	2.10e-15
 5.56579e+19	9.87e-01	1.26e-02	2.11e-15
 5.56613e+19	9.87e-01	1.26e-02	2.12e-15
 5.56645e+19	9.87e-01	1.25e-02	2.13e-15
 5.56675e+19	9.88e-01	1.25e-02	2.14e-15
 5.56703e+19	9.88e-01	1.24e-02	2.14e-15
 5.56728e+19	9.88e-01	1.24e-02	2.14e-15
 5.56750e+19	9.88e-01	1.23e-02	2.14e-15
 5.56771e+19	9.88e-01	1.23e-02	2.14e-15
 5.56790e+19	9.88e-01	1.22e-02	2.14e-15
 5.56807e+19	9.88e-01	1.22e-02	2.14e-15
 5.56822e+19	9.88e-01	1.22e-02	2.13e-15
 5.56837e+19	9.88e-01	1.21e-02	2.13e-15
 5.56852e+19	9.88e-01	1.21e-02	2.13e-15
 5.56869e+19	9.88e-01	1.20e-02	2.13e-15
 5.56884e+19	9.88e-01	1.20e-02	2.12e-15
 5.56898e+19	9.88e-01	1.20e-02	2.12e-15
 5.56913e+19	9.88e-01	1.19e-02	2.12e-15
 5.56930e+19	9.88e-01	1.19e-02	2.11e-15
 5.56944e+19	9.88e-01	1.18e-02	2.11e-15
 5.56958e+19	9.88e-01	1.18e-02	2.11e-15
 5.56973e+19	9.88e-01	1.18e-02	2.11e-15
 5.56992e+19	9.88e-01	1.17e-02	2.10e-15
 5.57013e+19	9.88e-01	1.17e-02	2.10e-15
 5.57032e+19	9.88e-01	1.16e-02	2.10e-15
 5.57053e+19	9.88e-01	1.16e-02	2.10e-15
 5.57076e+19	9.88e-01	1.15e-02	2.10e-15
 5.57096e+19	9.89e-01	1.15e-02	2.09e-15
 5.57115e+19	9.89e-01	1.14e-02	2.09e-15
 5.57132e+19	9.89e-01	1.14e-02	2.09e-15
 5.57150e+19	9.89e-01	1.13e-02	2.08e-15
 5.57170e+19	9.89e-01	1.13e-02	2.08e-15
 5.57189e+19	9.89e-01	1.12e-02	2.07e-15
 5.57209e+19	9.89e-01	1.12e-02	2.07e-15
 5.57230e+19	9.89e-01	1.11e-02	2.07e-15
 5.57250e+19	9.89e-01	1.11e-02	2.06e-15
 5.57271e+19	9.89e-01	1.10e-02	2.05e-15
 5.57295e+19	9.89e-01	1.09e-02	2.04e-15
 5.57316e+19	9.89e-01	1.09e-02	2.04e-15
 5.57335e+19	9.89e-01	1.08e-02	2.03e-15
 5.57352e+19	9.89e-01	1.08e-02	2.03e-15
 5.57368e+19	9.89e-01	1.07e-02	2.02e-15
 5.57386e+19	9.89e-01	1.07e-02	2.02e-15
 5.57405e+19	9.89e-01	1.06e-02	2.01e-15
 5.57422e+19	9.89e-01	1.05e-02	2.00e-15
 5.57438e+19	9.89e-01	1.05e-02	2.00e-15
 5.57455e+19	9.90e-01	1.05e-02	1.99e-15
 5.57473e+19	9.90e-01	1.04e-02	1.99e-15
 5.57490e+19	9.90e-01	1.03e-02	1.98e-15
 5.57508e+19	9.90e-01	1.03e-02	1.98e-15
 5.57528e+19	9.90e-01	1.02e-02	1.97e-15
 5.57546e+19	9.90e-01	1.02e-02	1.97e-15
 5.57566e+19	9.90e-01	1.02e-02	1.98e-15
 5.57592e+19	9.90e-01	1.02e-02	2.00e-15
 5.57625e+19	9.90e-01	1.02e-02	2.02e-15
 5.57669e+19	9.90e-01	1.01e-02	2.05e-15
 5.57726e+19	9.90e-01	1.01e-02	2.09e-15
 5.57799e+19	9.90e-01	1.00e-02	2.14e-15
 5.57889e+19	9.90e-01	9.98e-03	2.20e-15
 5.57982e+19	9.90e-01	9.91e-03	2.26e-15
 5.58072e+19	9.90e-01	9.84e-03	2.31e-15
 5.58159e+19	9.90e-01	9.76e-03	2.36e-15
 5.58251e+19	9.90e-01	9.67e-03	2.41e-15
 5.58346e+19	9.90e-01	9.56e-03	2.46e-15
 5.58445e+19	9.91e-01	9.45e-03	2.50e-15
 5.58545e+19	9.91e-01	9.33e-03	2.54e-15
 5.58647e+19	9.91e-01	9.20e-03	2.58e-15
 5.58751e+19	9.91e-01	9.06e-03	2.61e-15
 5.58860e+19	9.91e-01	8.91e-03	2.64e-15
 5.58971e+19	9.91e-01	8.74e-03	2.67e-15
 5.59085e+19	9.91e-01	8.57e-03	2.69e-15
 5.59202e+19	9.92e-01	8.40e-03	2.71e-15
 5.59322e+19	9.92e-01	8.21e-03	2.72e-15
 5.59446e+19	9.92e-01	8.01e-03	2.72e-15
 5.59573e+19	9.92e-01	7.81e-03	2.72e-15
 5.59704e+19	9.92e-01	7.60e-03	2.72e-15
 5.59839e+19	9.93e-01	7.38e-03	2.71e-15
 5.59977e+19	9.93e-01	7.15e-03	2.69e-15
 5.60119e+19	9.93e-01	6.93e-03	2.67e-15
 5.60265e+19	9.93e-01	6.70e-03	2.65e-15
 5.60414e+19	9.94e-01	6.46e-03	2.62e-15
 5.60567e+19	9.94e-01	6.23e-03	2.58e-15
 5.60724e+19	9.94e-01	5.99e-03	2.54e-15
 5.60885e+19	9.94e-01	5.75e-03	2.49e-15
 5.61049e+19	9.94e-01	5.52e-03	2.45e-15
 5.61216e+19	9.95e-01	5.28e-03	2.39e-15
 5.61386e+19	9.95e-01	5.05e-03	2.34e-15
 5.61560e+19	9.95e-01	4.82e-03	2.28e-15
 5.61737e+19	9.95e-01	4.60e-03	2.22e-15
 5.61917e+19	9.96e-01	4.38e-03	2.16e-15
 5.62098e+19	9.96e-01	4.17e-03	2.09e-15
 5.62284e+19	9.96e-01	3.96e-03	2.03e-15
 5.62473e+19	9.96e-01	3.76e-03	1.96e-15
 5.62662e+19	9.96e-01	3.57e-03	1.90e-15
 5.62851e+19	9.97e-01	3.38e-03	1.83e-15
 5.63043e+19	9.97e-01	3.20e-03	1.77e-15
 5.63241e+19	9.97e-01	3.03e-03	1.70e-15
 5.63439e+19	9.97e-01	2.86e-03	1.63e-15
 5.63637e+19	9.97e-01	2.70e-03	1.57e-15
 5.63838e+19	9.97e-01	2.55e-03	1.50e-15
 5.64042e+19	9.98e-01	2.40e-03	1.44e-15
 5.64248e+19	9.98e-01	2.26e-03	1.38e-15
 5.64454e+19	9.98e-01	2.13e-03	1.31e-15
 5.64657e+19	9.98e-01	2.01e-03	1.25e-15
 5.64866e+19	9.98e-01	1.89e-03	1.20e-15
 5.65081e+19	9.98e-01	1.77e-03	1.14e-15
 5.65296e+19	9.98e-01	1.66e-03	1.08e-15
 5.65508e+19	9.98e-01	1.56e-03	1.03e-15
 5.65721e+19	9.99e-01	1.46e-03	9.75e-16
 5.65937e+19	9.99e-01	1.37e-03	9.24e-16
 5.66157e+19	9.99e-01	1.28e-03	8.75e-16
