#depth	H	H+	H2
 3.04797e+11	1.12e-03	9.99e-01	2.99e-14
 1.82878e+12	1.12e-03	9.99e-01	2.99e-14
 7.92472e+12	1.12e-03	9.99e-01	2.99e-14
 3.23085e+13	1.12e-03	9.99e-01	2.99e-14
 7.71746e+13	1.12e-03	9.99e-01	2.99e-14
 1.35501e+14	1.12e-03	9.99e-01	2.98e-14
 2.11324e+14	1.11e-03	9.99e-01	2.98e-14
 3.09895e+14	1.11e-03	9.99e-01	2.98e-14
 4.38037e+14	1.11e-03	9.99e-01	2.98e-14
 6.04622e+14	1.11e-03	9.99e-01	2.97e-14
 8.21182e+14	1.10e-03	9.99e-01	2.97e-14
 1.10271e+15	1.10e-03	9.99e-01	2.98e-14
 1.46870e+15	1.09e-03	9.99e-01	2.98e-14
 1.94448e+15	1.09e-03	9.99e-01	2.99e-14
 2.56300e+15	1.09e-03	9.99e-01	3.01e-14
 3.36707e+15	1.08e-03	9.99e-01	3.04e-14
 4.41237e+15	1.08e-03	9.99e-01	3.08e-14
 5.77125e+15	1.09e-03	9.99e-01	3.13e-14
 7.53780e+15	1.09e-03	9.99e-01	3.22e-14
 9.83431e+15	1.10e-03	9.99e-01	3.34e-14
 1.16890e+16	1.09e-03	9.99e-01	3.41e-14
 1.28579e+16	1.10e-03	9.99e-01	3.48e-14
 1.41436e+16	1.11e-03	9.99e-01	3.56e-14
 1.55580e+16	1.12e-03	9.99e-01	3.65e-14
 1.71138e+16	1.14e-03	9.99e-01	3.76e-14
 1.88252e+16	1.16e-03	9.99e-01	3.89e-14
 2.07077e+16	1.18e-03	9.99e-01	4.03e-14
 2.27785e+16	1.21e-03	9.99e-01	4.21e-14
 2.50563e+16	1.24e-03	9.99e-01	4.42e-14
 2.75620e+16	1.29e-03	9.99e-01	4.66e-14
 3.03181e+16	1.34e-03	9.99e-01	4.96e-14
 3.33500e+16	1.40e-03	9.99e-01	5.33e-14
 3.66850e+16	1.48e-03	9.99e-01	5.78e-14
 4.03535e+16	1.58e-03	9.98e-01	6.35e-14
 4.43888e+16	1.72e-03	9.98e-01	7.08e-14
 4.88277e+16	1.89e-03	9.98e-01	8.06e-14
 5.37104e+16	2.13e-03	9.98e-01	9.37e-14
 5.85948e+16	2.43e-03	9.98e-01	1.10e-13
 6.26483e+16	2.76e-03	9.97e-01	1.28e-13
 6.58174e+16	3.07e-03	9.97e-01	1.45e-13
 6.86921e+16	3.43e-03	9.97e-01	1.65e-13
 7.15108e+16	3.85e-03	9.96e-01	1.88e-13
 7.42464e+16	4.37e-03	9.96e-01	2.16e-13
 7.68585e+16	4.99e-03	9.95e-01	2.50e-13
 7.89436e+16	5.62e-03	9.94e-01	2.86e-13
 8.03443e+16	6.12e-03	9.94e-01	3.14e-13
 8.14434e+16	6.58e-03	9.93e-01	3.39e-13
 8.26408e+16	7.17e-03	9.93e-01	3.72e-13
 8.38780e+16	7.84e-03	9.92e-01	4.09e-13
 8.48396e+16	8.46e-03	9.92e-01	4.43e-13
 8.55502e+16	8.97e-03	9.91e-01	4.72e-13
 8.61572e+16	9.46e-03	9.91e-01	5.00e-13
 8.68414e+16	1.01e-02	9.90e-01	5.34e-13
 8.75349e+16	1.07e-02	9.89e-01	5.71e-13
 8.80579e+16	1.13e-02	9.89e-01	6.03e-13
 8.84591e+16	1.17e-02	9.88e-01	6.30e-13
 8.88850e+16	1.23e-02	9.88e-01	6.60e-13
 8.93498e+16	1.29e-02	9.87e-01	6.95e-13
 8.97584e+16	1.35e-02	9.87e-01	7.29e-13
 9.01140e+16	1.40e-02	9.86e-01	7.61e-13
 9.05077e+16	1.46e-02	9.85e-01	8.00e-13
 9.10195e+16	1.56e-02	9.84e-01	8.58e-13
 9.16849e+16	1.70e-02	9.83e-01	9.44e-13
 9.25498e+16	1.92e-02	9.81e-01	1.08e-12
 9.36742e+16	2.29e-02	9.77e-01	1.31e-12
 9.48008e+16	2.83e-02	9.72e-01	1.65e-12
 9.57008e+16	3.47e-02	9.65e-01	2.06e-12
 9.64677e+16	4.26e-02	9.57e-01	2.59e-12
 9.71409e+16	5.25e-02	9.48e-01	3.28e-12
 9.77275e+16	6.50e-02	9.35e-01	4.20e-12
 9.81698e+16	7.86e-02	9.21e-01	5.27e-12
 9.84631e+16	9.10e-02	9.09e-01	6.30e-12
 9.87014e+16	1.03e-01	8.97e-01	7.36e-12
 9.89681e+16	1.20e-01	8.80e-01	8.95e-12
 9.92556e+16	1.44e-01	8.56e-01	1.14e-11
 9.95276e+16	1.76e-01	8.24e-01	1.49e-11
 9.97834e+16	2.16e-01	7.84e-01	2.01e-11
 9.99985e+16	2.61e-01	7.39e-01	2.71e-11
 1.00156e+17	3.03e-01	6.97e-01	3.47e-11
 1.00259e+17	3.35e-01	6.65e-01	4.17e-11
 1.00337e+17	3.61e-01	6.39e-01	4.79e-11
 1.00406e+17	3.87e-01	6.13e-01	5.47e-11
 1.00471e+17	4.12e-01	5.88e-01	6.24e-11
 1.00533e+17	4.38e-01	5.62e-01	7.11e-11
 1.00590e+17	4.62e-01	5.38e-01	8.01e-11
 1.00640e+17	4.84e-01	5.16e-01	8.93e-11
 1.00685e+17	5.04e-01	4.96e-01	9.89e-11
 1.00727e+17	5.24e-01	4.76e-01	1.09e-10
 1.00768e+17	5.44e-01	4.56e-01	1.20e-10
 1.00803e+17	5.60e-01	4.40e-01	1.30e-10
 1.00828e+17	5.71e-01	4.29e-01	1.38e-10
 1.00850e+17	5.83e-01	4.17e-01	1.46e-10
 1.00876e+17	5.95e-01	4.05e-01	1.56e-10
 1.00902e+17	6.08e-01	3.92e-01	1.66e-10
 1.00928e+17	6.20e-01	3.80e-01	1.77e-10
 1.00953e+17	6.32e-01	3.68e-01	1.89e-10
 1.00978e+17	6.44e-01	3.56e-01	2.01e-10
 1.01003e+17	6.56e-01	3.44e-01	2.14e-10
 1.01027e+17	6.68e-01	3.32e-01	2.28e-10
 1.01052e+17	6.79e-01	3.21e-01	2.43e-10
 1.01076e+17	6.90e-01	3.10e-01	2.59e-10
 1.01100e+17	7.01e-01	2.99e-01	2.75e-10
 1.01124e+17	7.12e-01	2.88e-01	2.94e-10
 1.01148e+17	7.22e-01	2.78e-01	3.11e-10
 1.01171e+17	7.32e-01	2.68e-01	3.32e-10
 1.01195e+17	7.43e-01	2.57e-01	3.54e-10
 1.01218e+17	7.52e-01	2.48e-01	3.76e-10
 1.01241e+17	7.62e-01	2.38e-01	3.99e-10
 1.01265e+17	7.71e-01	2.29e-01	4.26e-10
 1.01287e+17	7.80e-01	2.20e-01	4.51e-10
 1.01310e+17	7.88e-01	2.12e-01	4.81e-10
 1.01332e+17	7.96e-01	2.04e-01	5.08e-10
 1.01354e+17	8.04e-01	1.96e-01	5.40e-10
 1.01375e+17	8.12e-01	1.88e-01	5.74e-10
 1.01397e+17	8.19e-01	1.81e-01	6.08e-10
 1.01418e+17	8.26e-01	1.74e-01	6.45e-10
 1.01439e+17	8.33e-01	1.67e-01	6.81e-10
 1.01460e+17	8.40e-01	1.60e-01	7.24e-10
 1.01480e+17	8.46e-01	1.54e-01	7.63e-10
 1.01500e+17	8.52e-01	1.48e-01	8.11e-10
 1.01520e+17	8.57e-01	1.43e-01	8.53e-10
 1.01540e+17	8.63e-01	1.37e-01	9.07e-10
 1.01560e+17	8.68e-01	1.32e-01	9.53e-10
 1.01580e+17	8.73e-01	1.27e-01	1.01e-09
 1.01599e+17	8.78e-01	1.22e-01	1.06e-09
 1.01618e+17	8.83e-01	1.17e-01	1.13e-09
 1.01638e+17	8.88e-01	1.12e-01	1.19e-09
 1.01657e+17	8.92e-01	1.08e-01	1.26e-09
 1.01675e+17	8.96e-01	1.04e-01	1.33e-09
 1.01694e+17	9.00e-01	9.99e-02	1.40e-09
 1.01713e+17	9.04e-01	9.59e-02	1.49e-09
 1.01731e+17	9.08e-01	9.23e-02	1.56e-09
 1.01750e+17	9.11e-01	8.86e-02	1.66e-09
 1.01769e+17	9.15e-01	8.52e-02	1.75e-09
 1.01787e+17	9.18e-01	8.19e-02	1.85e-09
 1.01805e+17	9.21e-01	7.88e-02	1.94e-09
 1.01823e+17	9.24e-01	7.57e-02	2.06e-09
 1.01841e+17	9.27e-01	7.28e-02	2.18e-09
 1.01859e+17	9.30e-01	7.00e-02	2.30e-09
 1.01877e+17	9.33e-01	6.73e-02	2.43e-09
 1.01895e+17	9.35e-01	6.46e-02	2.58e-09
 1.01913e+17	9.38e-01	6.22e-02	2.71e-09
 1.01931e+17	9.40e-01	5.97e-02	2.88e-09
 1.01949e+17	9.43e-01	5.75e-02	3.03e-09
 1.01966e+17	9.45e-01	5.52e-02	3.22e-09
 1.01984e+17	9.47e-01	5.31e-02	3.41e-09
 1.02001e+17	9.49e-01	5.10e-02	3.61e-09
 1.02019e+17	9.51e-01	4.90e-02	3.83e-09
 1.02036e+17	9.53e-01	4.71e-02	4.05e-09
 1.02054e+17	9.55e-01	4.53e-02	4.29e-09
 1.02071e+17	9.56e-01	4.36e-02	4.55e-09
 1.02089e+17	9.58e-01	4.19e-02	4.82e-09
 1.02106e+17	9.60e-01	4.02e-02	5.13e-09
 1.02123e+17	9.61e-01	3.87e-02	5.42e-09
 1.02140e+17	9.63e-01	3.72e-02	5.78e-09
 1.02158e+17	9.64e-01	3.58e-02	6.12e-09
 1.02175e+17	9.66e-01	3.44e-02	6.52e-09
 1.02192e+17	9.67e-01	3.30e-02	6.92e-09
 1.02209e+17	9.68e-01	3.17e-02	7.37e-09
 1.02226e+17	9.69e-01	3.05e-02	7.81e-09
 1.02243e+17	9.71e-01	2.93e-02	8.29e-09
 1.02260e+17	9.72e-01	2.82e-02	8.80e-09
 1.02276e+17	9.73e-01	2.71e-02	9.34e-09
 1.02293e+17	9.74e-01	2.61e-02	9.90e-09
 1.02310e+17	9.75e-01	2.51e-02	1.05e-08
 1.02326e+17	9.76e-01	2.41e-02	1.11e-08
 1.02343e+17	9.77e-01	2.32e-02	1.17e-08
 1.02359e+17	9.78e-01	2.23e-02	1.23e-08
 1.02376e+17	9.79e-01	2.14e-02	1.30e-08
 1.02392e+17	9.79e-01	2.05e-02	1.36e-08
 1.02409e+17	9.80e-01	1.97e-02	1.43e-08
 1.02425e+17	9.81e-01	1.90e-02	1.50e-08
 1.02441e+17	9.82e-01	1.82e-02	1.56e-08
 1.02457e+17	9.82e-01	1.75e-02	1.62e-08
 1.02473e+17	9.83e-01	1.68e-02	1.68e-08
 1.02489e+17	9.84e-01	1.62e-02	1.73e-08
 1.02505e+17	9.84e-01	1.55e-02	1.79e-08
 1.02520e+17	9.85e-01	1.49e-02	1.83e-08
 1.02535e+17	9.86e-01	1.43e-02	1.88e-08
 1.02550e+17	9.86e-01	1.38e-02	1.92e-08
 1.02565e+17	9.87e-01	1.32e-02	1.96e-08
 1.02580e+17	9.87e-01	1.27e-02	1.99e-08
 1.02594e+17	9.88e-01	1.22e-02	2.02e-08
 1.02608e+17	9.88e-01	1.17e-02	2.06e-08
 1.02621e+17	9.89e-01	1.13e-02	2.10e-08
 1.02632e+17	9.89e-01	1.09e-02	2.13e-08
 1.02643e+17	9.89e-01	1.06e-02	2.18e-08
 1.02653e+17	9.90e-01	1.03e-02	2.22e-08
 1.02662e+17	9.90e-01	9.98e-03	2.26e-08
 1.02671e+17	9.90e-01	9.71e-03	2.31e-08
 1.02678e+17	9.91e-01	9.48e-03	2.35e-08
 1.02685e+17	9.91e-01	9.27e-03	2.40e-08
 1.02692e+17	9.91e-01	9.09e-03	2.44e-08
 1.02698e+17	9.91e-01	8.92e-03	2.48e-08
 1.02703e+17	9.91e-01	8.77e-03	2.52e-08
 1.02708e+17	9.91e-01	8.59e-03	2.57e-08
 1.02715e+17	9.92e-01	8.41e-03	2.63e-08
 1.02720e+17	9.92e-01	8.26e-03	2.67e-08
 1.02725e+17	9.92e-01	8.12e-03	2.72e-08
 1.02730e+17	9.92e-01	7.99e-03	2.77e-08
 1.02735e+17	9.92e-01	7.85e-03	2.82e-08
 1.02741e+17	9.92e-01	7.71e-03	2.88e-08
 1.02746e+17	9.92e-01	7.57e-03	2.95e-08
 1.02750e+17	9.93e-01	7.46e-03	3.00e-08
 1.02755e+17	9.93e-01	7.34e-03	3.05e-08
 1.02762e+17	9.93e-01	7.16e-03	3.15e-08
 1.02769e+17	9.93e-01	7.01e-03	3.23e-08
 1.02775e+17	9.93e-01	6.87e-03	3.29e-08
 1.02782e+17	9.93e-01	6.70e-03	3.40e-08
 1.02790e+17	9.93e-01	6.54e-03	3.50e-08
 1.02797e+17	9.94e-01	6.41e-03	3.58e-08
 1.02803e+17	9.94e-01	6.27e-03	3.70e-08
 1.02809e+17	9.94e-01	6.16e-03	3.77e-08
 1.02814e+17	9.94e-01	6.07e-03	3.83e-08
 1.02820e+17	9.94e-01	5.94e-03	3.94e-08
 1.02826e+17	9.94e-01	5.83e-03	4.03e-08
 1.02831e+17	9.94e-01	5.72e-03	4.14e-08
 1.02836e+17	9.94e-01	5.63e-03	4.22e-08
 1.02842e+17	9.94e-01	5.53e-03	4.31e-08
 1.02848e+17	9.95e-01	5.41e-03	4.46e-08
 1.02853e+17	9.95e-01	5.32e-03	4.56e-08
 1.02858e+17	9.95e-01	5.24e-03	4.65e-08
 1.02864e+17	9.95e-01	5.14e-03	4.75e-08
 1.02870e+17	9.95e-01	5.03e-03	4.90e-08
 1.02875e+17	9.95e-01	4.96e-03	4.99e-08
 1.02881e+17	9.95e-01	4.85e-03	5.14e-08
 1.02887e+17	9.95e-01	4.76e-03	5.27e-08
 1.02893e+17	9.95e-01	4.67e-03	5.39e-08
 1.02898e+17	9.95e-01	4.60e-03	5.50e-08
 1.02904e+17	9.95e-01	4.51e-03	5.63e-08
 1.02910e+17	9.96e-01	4.43e-03	5.76e-08
 1.02916e+17	9.96e-01	4.35e-03	5.88e-08
 1.02921e+17	9.96e-01	4.29e-03	6.00e-08
 1.02926e+17	9.96e-01	4.23e-03	6.07e-08
 1.02931e+17	9.96e-01	4.19e-03	6.07e-08
 1.02938e+17	9.96e-01	4.13e-03	6.07e-08
 1.02946e+17	9.96e-01	4.09e-03	6.07e-08
 1.02958e+17	9.96e-01	4.01e-03	6.07e-08
 1.02972e+17	9.96e-01	3.92e-03	6.07e-08
 1.02991e+17	9.96e-01	3.80e-03	6.06e-08
 1.03016e+17	9.96e-01	3.65e-03	6.06e-08
 1.03045e+17	9.97e-01	3.50e-03	6.06e-08
 1.03074e+17	9.97e-01	3.36e-03	6.06e-08
 1.03102e+17	9.97e-01	3.23e-03	6.05e-08
 1.03131e+17	9.97e-01	3.11e-03	6.05e-08
 1.03161e+17	9.97e-01	2.99e-03	6.05e-08
 1.03194e+17	9.97e-01	2.87e-03	6.05e-08
 1.03228e+17	9.97e-01	2.76e-03	6.05e-08
 1.03264e+17	9.97e-01	2.66e-03	6.04e-08
 1.03302e+17	9.97e-01	2.55e-03	6.04e-08
 1.03344e+17	9.98e-01	2.46e-03	6.04e-08
 1.03388e+17	9.98e-01	2.37e-03	6.04e-08
 1.03437e+17	9.98e-01	2.28e-03	6.04e-08
 1.03491e+17	9.98e-01	2.20e-03	6.04e-08
 1.03552e+17	9.98e-01	2.12e-03	6.04e-08
 1.03622e+17	9.98e-01	2.04e-03	6.04e-08
 1.03703e+17	9.98e-01	1.97e-03	6.04e-08
 1.03801e+17	9.98e-01	1.91e-03	6.04e-08
 1.03920e+17	9.98e-01	1.85e-03	6.04e-08
 1.04071e+17	9.98e-01	1.79e-03	6.05e-08
 1.04266e+17	9.98e-01	1.73e-03	6.05e-08
 1.04518e+17	9.98e-01	1.67e-03	6.06e-08
 1.04832e+17	9.98e-01	1.60e-03	6.07e-08
 1.05190e+17	9.98e-01	1.53e-03	6.08e-08
 1.05549e+17	9.99e-01	1.46e-03	6.09e-08
 1.05875e+17	9.99e-01	1.39e-03	6.10e-08
 1.06158e+17	9.99e-01	1.34e-03	6.10e-08
 1.06437e+17	9.99e-01	1.29e-03	6.11e-08
 1.06776e+17	9.99e-01	1.26e-03	6.12e-08
 1.07216e+17	9.99e-01	1.22e-03	6.14e-08
 1.07787e+17	9.99e-01	1.18e-03	6.15e-08
 1.08494e+17	9.99e-01	1.13e-03	6.17e-08
 1.09280e+17	9.99e-01	1.08e-03	6.20e-08
 1.10071e+17	9.99e-01	1.03e-03	6.23e-08
 1.10845e+17	9.99e-01	9.85e-04	6.25e-08
 1.11682e+17	9.99e-01	9.53e-04	6.28e-08
 1.12714e+17	9.99e-01	9.21e-04	6.31e-08
 1.14048e+17	9.99e-01	8.89e-04	6.35e-08
 1.15782e+17	9.99e-01	8.53e-04	6.41e-08
 1.17866e+17	9.99e-01	8.13e-04	6.48e-08
