#depth	H	H+	H2
 4.77315e+13	1.05e-05	1.00e+00	7.62e-18
 2.86389e+14	1.05e-05	1.00e+00	7.63e-18
 1.24102e+15	1.05e-05	1.00e+00	7.66e-18
 5.05954e+15	1.05e-05	1.00e+00	7.72e-18
 1.20856e+16	1.06e-05	1.00e+00	7.83e-18
 2.12195e+16	1.07e-05	1.00e+00	7.97e-18
 3.30936e+16	1.08e-05	1.00e+00	8.14e-18
 4.85299e+16	1.09e-05	1.00e+00	8.36e-18
 6.85971e+16	1.10e-05	1.00e+00	8.65e-18
 9.46844e+16	1.12e-05	1.00e+00	9.02e-18
 1.28598e+17	1.15e-05	1.00e+00	9.52e-18
 1.72686e+17	1.18e-05	1.00e+00	1.02e-17
 2.29999e+17	1.23e-05	1.00e+00	1.10e-17
 3.04508e+17	1.28e-05	1.00e+00	1.21e-17
 4.01368e+17	1.36e-05	1.00e+00	1.38e-17
 5.25237e+17	1.46e-05	1.00e+00	1.59e-17
 6.66247e+17	1.58e-05	1.00e+00	1.87e-17
 8.12897e+17	1.72e-05	1.00e+00	2.18e-17
 9.65413e+17	1.86e-05	1.00e+00	2.53e-17
 1.12403e+18	2.02e-05	1.00e+00	2.92e-17
 1.26514e+18	2.16e-05	1.00e+00	3.30e-17
 1.39165e+18	2.30e-05	1.00e+00	3.69e-17
 1.53082e+18	2.45e-05	1.00e+00	4.14e-17
 1.68390e+18	2.63e-05	1.00e+00	4.70e-17
 1.85229e+18	2.84e-05	1.00e+00	5.38e-17
 2.03752e+18	3.07e-05	1.00e+00	6.21e-17
 2.23723e+18	3.34e-05	1.00e+00	7.21e-17
 2.44672e+18	3.63e-05	1.00e+00	8.40e-17
 2.66459e+18	3.96e-05	1.00e+00	9.80e-17
 2.89117e+18	4.31e-05	1.00e+00	1.15e-16
 3.12682e+18	4.69e-05	1.00e+00	1.34e-16
 3.37189e+18	5.11e-05	1.00e+00	1.58e-16
 3.62677e+18	5.58e-05	1.00e+00	1.85e-16
 3.89184e+18	6.08e-05	1.00e+00	2.18e-16
 4.16751e+18	6.64e-05	1.00e+00	2.58e-16
 4.45421e+18	7.26e-05	1.00e+00	3.05e-16
 4.75238e+18	7.94e-05	1.00e+00	3.61e-16
 5.06248e+18	8.68e-05	1.00e+00	4.30e-16
 5.38497e+18	9.51e-05	1.00e+00	5.12e-16
 5.72037e+18	1.04e-04	1.00e+00	6.12e-16
 6.06919e+18	1.14e-04	1.00e+00	7.33e-16
 6.43196e+18	1.26e-04	1.00e+00	8.81e-16
 6.80923e+18	1.38e-04	1.00e+00	1.06e-15
 7.20160e+18	1.52e-04	1.00e+00	1.28e-15
 7.60967e+18	1.68e-04	1.00e+00	1.56e-15
 8.03405e+18	1.85e-04	1.00e+00	1.90e-15
 8.47542e+18	2.05e-04	1.00e+00	2.32e-15
 8.93443e+18	2.27e-04	1.00e+00	2.85e-15
 9.41181e+18	2.53e-04	1.00e+00	3.51e-15
 9.90828e+18	2.82e-04	1.00e+00	4.34e-15
 1.04246e+19	3.15e-04	1.00e+00	5.40e-15
 1.09616e+19	3.53e-04	1.00e+00	6.76e-15
 1.14676e+19	3.93e-04	1.00e+00	8.29e-15
 1.19154e+19	4.32e-04	1.00e+00	9.93e-15
 1.24112e+19	4.81e-04	1.00e+00	1.22e-14
 1.29562e+19	5.41e-04	9.99e-01	1.51e-14
 1.34511e+19	6.02e-04	9.99e-01	1.83e-14
 1.39035e+19	6.65e-04	9.99e-01	2.19e-14
 1.44149e+19	7.48e-04	9.99e-01	2.68e-14
 1.49644e+19	8.48e-04	9.99e-01	3.32e-14
 1.54434e+19	9.49e-04	9.99e-01	3.99e-14
 1.58720e+19	1.05e-03	9.99e-01	4.73e-14
 1.63553e+19	1.19e-03	9.99e-01	5.76e-14
 1.68715e+19	1.37e-03	9.99e-01	7.07e-14
 1.73141e+19	1.55e-03	9.98e-01	8.46e-14
 1.77012e+19	1.74e-03	9.98e-01	9.96e-14
 1.80512e+19	1.94e-03	9.98e-01	1.16e-13
 1.83649e+19	2.15e-03	9.98e-01	1.33e-13
 1.87131e+19	2.43e-03	9.98e-01	1.56e-13
 1.90744e+19	2.78e-03	9.97e-01	1.86e-13
 1.93660e+19	3.12e-03	9.97e-01	2.15e-13
 1.96069e+19	3.46e-03	9.97e-01	2.45e-13
 1.98683e+19	3.91e-03	9.96e-01	2.84e-13
 2.01450e+19	4.48e-03	9.96e-01	3.35e-13
 2.03748e+19	5.07e-03	9.95e-01	3.87e-13
 2.05662e+19	5.67e-03	9.94e-01	4.44e-13
 2.07746e+19	6.47e-03	9.94e-01	5.18e-13
 2.09945e+19	7.55e-03	9.92e-01	6.21e-13
 2.11759e+19	8.70e-03	9.91e-01	7.37e-13
 2.13250e+19	9.89e-03	9.90e-01	8.58e-13
 2.14634e+19	1.13e-02	9.89e-01	1.00e-12
 2.15969e+19	1.29e-02	9.87e-01	1.18e-12
 2.17182e+19	1.48e-02	9.85e-01	1.39e-12
 2.18216e+19	1.69e-02	9.83e-01	1.63e-12
 2.19097e+19	1.91e-02	9.81e-01	1.90e-12
 2.19859e+19	2.15e-02	9.79e-01	2.19e-12
 2.20524e+19	2.40e-02	9.76e-01	2.52e-12
 2.21134e+19	2.68e-02	9.73e-01	2.91e-12
 2.21702e+19	3.00e-02	9.70e-01	3.36e-12
 2.22223e+19	3.35e-02	9.66e-01	3.89e-12
 2.22697e+19	3.75e-02	9.63e-01	4.53e-12
 2.23122e+19	4.18e-02	9.58e-01	5.25e-12
 2.23506e+19	4.64e-02	9.54e-01	6.10e-12
 2.23862e+19	5.17e-02	9.48e-01	7.11e-12
 2.24195e+19	5.76e-02	9.42e-01	8.34e-12
 2.24507e+19	6.43e-02	9.36e-01	9.85e-12
 2.24797e+19	7.17e-02	9.28e-01	1.17e-11
 2.25074e+19	8.04e-02	9.20e-01	1.41e-11
 2.25341e+19	9.08e-02	9.09e-01	1.72e-11
 2.25594e+19	1.03e-01	8.97e-01	2.14e-11
 2.25836e+19	1.18e-01	8.82e-01	2.70e-11
 2.26068e+19	1.36e-01	8.64e-01	3.49e-11
 2.26291e+19	1.57e-01	8.43e-01	4.61e-11
 2.26503e+19	1.83e-01	8.17e-01	6.26e-11
 2.26704e+19	2.15e-01	7.85e-01	8.75e-11
 2.26889e+19	2.53e-01	7.47e-01	1.24e-10
 2.27044e+19	2.92e-01	7.08e-01	1.74e-10
 2.27158e+19	3.27e-01	6.73e-01	2.29e-10
 2.27241e+19	3.55e-01	6.45e-01	2.82e-10
 2.27309e+19	3.80e-01	6.20e-01	3.38e-10
 2.27375e+19	4.06e-01	5.94e-01	4.03e-10
 2.27438e+19	4.32e-01	5.68e-01	4.83e-10
 2.27497e+19	4.57e-01	5.43e-01	5.66e-10
 2.27547e+19	4.80e-01	5.20e-01	6.60e-10
 2.27591e+19	5.00e-01	5.00e-01	7.50e-10
 2.27634e+19	5.20e-01	4.80e-01	8.53e-10
 2.27675e+19	5.39e-01	4.61e-01	9.61e-10
 2.27709e+19	5.56e-01	4.44e-01	1.07e-09
 2.27733e+19	5.67e-01	4.33e-01	1.15e-09
 2.27755e+19	5.78e-01	4.22e-01	1.23e-09
 2.27780e+19	5.90e-01	4.10e-01	1.33e-09
 2.27807e+19	6.04e-01	3.96e-01	1.45e-09
 2.27833e+19	6.16e-01	3.84e-01	1.57e-09
 2.27858e+19	6.28e-01	3.72e-01	1.69e-09
 2.27883e+19	6.40e-01	3.60e-01	1.83e-09
 2.27907e+19	6.52e-01	3.48e-01	1.96e-09
 2.27932e+19	6.64e-01	3.36e-01	2.13e-09
 2.27956e+19	6.75e-01	3.25e-01	2.28e-09
 2.27980e+19	6.86e-01	3.14e-01	2.47e-09
 2.28004e+19	6.97e-01	3.03e-01	2.66e-09
 2.28028e+19	7.08e-01	2.92e-01	2.86e-09
 2.28051e+19	7.18e-01	2.82e-01	3.07e-09
 2.28075e+19	7.29e-01	2.71e-01	3.31e-09
 2.28098e+19	7.39e-01	2.61e-01	3.54e-09
 2.28122e+19	7.49e-01	2.51e-01	3.82e-09
 2.28145e+19	7.58e-01	2.42e-01	4.07e-09
 2.28168e+19	7.67e-01	2.33e-01	4.38e-09
 2.28191e+19	7.77e-01	2.23e-01	4.70e-09
 2.28214e+19	7.85e-01	2.15e-01	5.04e-09
 2.28236e+19	7.94e-01	2.06e-01	5.40e-09
 2.28259e+19	8.02e-01	1.98e-01	5.77e-09
 2.28281e+19	8.10e-01	1.90e-01	6.17e-09
 2.28303e+19	8.17e-01	1.83e-01	6.60e-09
 2.28325e+19	8.25e-01	1.75e-01	7.04e-09
 2.28346e+19	8.31e-01	1.69e-01	7.51e-09
 2.28367e+19	8.38e-01	1.62e-01	8.00e-09
 2.28389e+19	8.45e-01	1.55e-01	8.52e-09
 2.28410e+19	8.51e-01	1.49e-01	9.06e-09
 2.28430e+19	8.57e-01	1.43e-01	9.67e-09
 2.28451e+19	8.62e-01	1.38e-01	1.02e-08
 2.28472e+19	8.68e-01	1.32e-01	1.09e-08
 2.28492e+19	8.73e-01	1.27e-01	1.16e-08
 2.28512e+19	8.78e-01	1.22e-01	1.23e-08
 2.28533e+19	8.83e-01	1.17e-01	1.30e-08
 2.28553e+19	8.88e-01	1.12e-01	1.39e-08
 2.28573e+19	8.92e-01	1.08e-01	1.47e-08
 2.28593e+19	8.96e-01	1.04e-01	1.56e-08
 2.28613e+19	9.00e-01	9.96e-02	1.65e-08
 2.28633e+19	9.05e-01	9.55e-02	1.76e-08
 2.28652e+19	9.08e-01	9.18e-02	1.85e-08
 2.28672e+19	9.12e-01	8.81e-02	1.96e-08
 2.28692e+19	9.15e-01	8.46e-02	2.08e-08
 2.28712e+19	9.19e-01	8.12e-02	2.20e-08
 2.28731e+19	9.22e-01	7.79e-02	2.32e-08
 2.28751e+19	9.25e-01	7.48e-02	2.46e-08
 2.28771e+19	9.28e-01	7.18e-02	2.59e-08
 2.28791e+19	9.31e-01	6.89e-02	2.73e-08
 2.28810e+19	9.34e-01	6.61e-02	2.88e-08
 2.28830e+19	9.37e-01	6.34e-02	3.04e-08
 2.28850e+19	9.39e-01	6.09e-02	3.20e-08
 2.28870e+19	9.42e-01	5.84e-02	3.36e-08
 2.28890e+19	9.44e-01	5.61e-02	3.53e-08
 2.28910e+19	9.46e-01	5.38e-02	3.71e-08
 2.28930e+19	9.48e-01	5.16e-02	3.89e-08
 2.28950e+19	9.51e-01	4.94e-02	4.08e-08
 2.28970e+19	9.53e-01	4.74e-02	4.27e-08
 2.28990e+19	9.55e-01	4.55e-02	4.46e-08
 2.29010e+19	9.56e-01	4.37e-02	4.64e-08
 2.29031e+19	9.58e-01	4.19e-02	4.83e-08
 2.29051e+19	9.60e-01	4.02e-02	5.02e-08
 2.29071e+19	9.61e-01	3.85e-02	5.21e-08
 2.29092e+19	9.63e-01	3.69e-02	5.40e-08
 2.29113e+19	9.65e-01	3.54e-02	5.58e-08
 2.29133e+19	9.66e-01	3.39e-02	5.76e-08
 2.29154e+19	9.67e-01	3.25e-02	5.93e-08
 2.29175e+19	9.69e-01	3.12e-02	6.08e-08
 2.29196e+19	9.70e-01	2.99e-02	6.22e-08
 2.29217e+19	9.71e-01	2.86e-02	6.36e-08
 2.29238e+19	9.73e-01	2.74e-02	6.48e-08
 2.29259e+19	9.74e-01	2.63e-02	6.59e-08
 2.29281e+19	9.75e-01	2.52e-02	6.70e-08
 2.29302e+19	9.76e-01	2.41e-02	6.79e-08
 2.29323e+19	9.77e-01	2.31e-02	6.87e-08
 2.29345e+19	9.78e-01	2.21e-02	6.95e-08
 2.29366e+19	9.79e-01	2.12e-02	7.02e-08
 2.29387e+19	9.80e-01	2.03e-02	7.08e-08
 2.29409e+19	9.81e-01	1.94e-02	7.15e-08
 2.29430e+19	9.81e-01	1.86e-02	7.21e-08
 2.29450e+19	9.82e-01	1.78e-02	7.25e-08
 2.29470e+19	9.83e-01	1.70e-02	7.30e-08
 2.29488e+19	9.84e-01	1.64e-02	7.36e-08
 2.29504e+19	9.84e-01	1.58e-02	7.42e-08
 2.29520e+19	9.85e-01	1.53e-02	7.49e-08
 2.29535e+19	9.85e-01	1.48e-02	7.58e-08
 2.29549e+19	9.86e-01	1.43e-02	7.68e-08
 2.29562e+19	9.86e-01	1.39e-02	7.78e-08
 2.29574e+19	9.86e-01	1.35e-02	7.89e-08
 2.29585e+19	9.87e-01	1.32e-02	8.00e-08
 2.29595e+19	9.87e-01	1.29e-02	8.12e-08
 2.29604e+19	9.87e-01	1.26e-02	8.23e-08
 2.29612e+19	9.88e-01	1.24e-02	8.35e-08
 2.29620e+19	9.88e-01	1.21e-02	8.46e-08
 2.29627e+19	9.88e-01	1.19e-02	8.56e-08
 2.29634e+19	9.88e-01	1.17e-02	8.67e-08
 2.29642e+19	9.89e-01	1.15e-02	8.82e-08
 2.29650e+19	9.89e-01	1.13e-02	8.96e-08
 2.29657e+19	9.89e-01	1.11e-02	9.08e-08
 2.29664e+19	9.89e-01	1.09e-02	9.21e-08
 2.29672e+19	9.89e-01	1.07e-02	9.39e-08
 2.29679e+19	9.89e-01	1.05e-02	9.55e-08
 2.29686e+19	9.90e-01	1.04e-02	9.70e-08
 2.29693e+19	9.90e-01	1.02e-02	9.86e-08
 2.29701e+19	9.90e-01	9.98e-03	1.01e-07
 2.29708e+19	9.90e-01	9.84e-03	1.02e-07
 2.29716e+19	9.90e-01	9.67e-03	1.03e-07
 2.29726e+19	9.91e-01	9.45e-03	1.06e-07
 2.29737e+19	9.91e-01	9.24e-03	1.08e-07
 2.29747e+19	9.91e-01	9.05e-03	1.11e-07
 2.29756e+19	9.91e-01	8.87e-03	1.13e-07
 2.29764e+19	9.91e-01	8.72e-03	1.15e-07
 2.29773e+19	9.91e-01	8.56e-03	1.17e-07
 2.29783e+19	9.92e-01	8.38e-03	1.20e-07
 2.29791e+19	9.92e-01	8.24e-03	1.22e-07
 2.29799e+19	9.92e-01	8.10e-03	1.24e-07
 2.29808e+19	9.92e-01	7.95e-03	1.27e-07
 2.29818e+19	9.92e-01	7.79e-03	1.29e-07
 2.29827e+19	9.92e-01	7.66e-03	1.32e-07
 2.29834e+19	9.92e-01	7.54e-03	1.34e-07
 2.29843e+19	9.93e-01	7.41e-03	1.37e-07
 2.29854e+19	9.93e-01	7.23e-03	1.41e-07
 2.29866e+19	9.93e-01	7.05e-03	1.45e-07
 2.29877e+19	9.93e-01	6.89e-03	1.49e-07
 2.29888e+19	9.93e-01	6.76e-03	1.52e-07
 2.29897e+19	9.93e-01	6.65e-03	1.55e-07
 2.29905e+19	9.93e-01	6.54e-03	1.58e-07
 2.29914e+19	9.94e-01	6.43e-03	1.61e-07
 2.29924e+19	9.94e-01	6.30e-03	1.65e-07
 2.29933e+19	9.94e-01	6.20e-03	1.68e-07
 2.29943e+19	9.94e-01	6.08e-03	1.72e-07
 2.29953e+19	9.94e-01	5.96e-03	1.76e-07
 2.29963e+19	9.94e-01	5.85e-03	1.80e-07
 2.29972e+19	9.94e-01	5.76e-03	1.83e-07
 2.29981e+19	9.94e-01	5.66e-03	1.86e-07
 2.29994e+19	9.94e-01	5.58e-03	1.86e-07
 2.30010e+19	9.94e-01	5.52e-03	1.86e-07
 2.30031e+19	9.95e-01	5.41e-03	1.86e-07
 2.30059e+19	9.95e-01	5.26e-03	1.85e-07
 2.30095e+19	9.95e-01	5.08e-03	1.85e-07
 2.30140e+19	9.95e-01	4.85e-03	1.85e-07
 2.30188e+19	9.95e-01	4.62e-03	1.85e-07
 2.30233e+19	9.96e-01	4.42e-03	1.85e-07
 2.30275e+19	9.96e-01	4.26e-03	1.85e-07
 2.30320e+19	9.96e-01	4.10e-03	1.84e-07
 2.30371e+19	9.96e-01	3.92e-03	1.84e-07
 2.30423e+19	9.96e-01	3.76e-03	1.84e-07
 2.30473e+19	9.96e-01	3.60e-03	1.84e-07
 2.30522e+19	9.97e-01	3.47e-03	1.84e-07
 2.30574e+19	9.97e-01	3.34e-03	1.84e-07
 2.30628e+19	9.97e-01	3.21e-03	1.84e-07
 2.30683e+19	9.97e-01	3.08e-03	1.84e-07
 2.30737e+19	9.97e-01	2.96e-03	1.83e-07
 2.30792e+19	9.97e-01	2.85e-03	1.83e-07
 2.30848e+19	9.97e-01	2.74e-03	1.83e-07
 2.30906e+19	9.97e-01	2.64e-03	1.83e-07
 2.30963e+19	9.97e-01	2.54e-03	1.83e-07
 2.31021e+19	9.98e-01	2.44e-03	1.83e-07
 2.31079e+19	9.98e-01	2.35e-03	1.83e-07
 2.31138e+19	9.98e-01	2.26e-03	1.83e-07
 2.31198e+19	9.98e-01	2.18e-03	1.83e-07
 2.31258e+19	9.98e-01	2.09e-03	1.83e-07
 2.31318e+19	9.98e-01	2.02e-03	1.83e-07
 2.31378e+19	9.98e-01	1.94e-03	1.83e-07
 2.31439e+19	9.98e-01	1.87e-03	1.83e-07
 2.31501e+19	9.98e-01	1.80e-03	1.83e-07
 2.31563e+19	9.98e-01	1.73e-03	1.83e-07
 2.31625e+19	9.98e-01	1.66e-03	1.83e-07
 2.31688e+19	9.98e-01	1.60e-03	1.83e-07
 2.31751e+19	9.98e-01	1.54e-03	1.83e-07
 2.31815e+19	9.99e-01	1.48e-03	1.83e-07
 2.31878e+19	9.99e-01	1.42e-03	1.83e-07
 2.31942e+19	9.99e-01	1.37e-03	1.83e-07
 2.32006e+19	9.99e-01	1.32e-03	1.83e-07
 2.32071e+19	9.99e-01	1.27e-03	1.83e-07
 2.32135e+19	9.99e-01	1.22e-03	1.83e-07
 2.32200e+19	9.99e-01	1.17e-03	1.83e-07
 2.32267e+19	9.99e-01	1.13e-03	1.83e-07
 2.32333e+19	9.99e-01	1.08e-03	1.83e-07
 2.32399e+19	9.99e-01	1.04e-03	1.83e-07
 2.32466e+19	9.99e-01	1.00e-03	1.83e-07
 2.32534e+19	9.99e-01	9.62e-04	1.83e-07
 2.32602e+19	9.99e-01	9.22e-04	1.83e-07
 2.32670e+19	9.99e-01	8.86e-04	1.83e-07
 2.32737e+19	9.99e-01	8.51e-04	1.83e-07
 2.32807e+19	9.99e-01	8.17e-04	1.84e-07
 2.32877e+19	9.99e-01	7.82e-04	1.84e-07
 2.32947e+19	9.99e-01	7.50e-04	1.84e-07
 2.33017e+19	9.99e-01	7.20e-04	1.84e-07
 2.33087e+19	9.99e-01	6.90e-04	1.84e-07
