#depth	H	H+	H2
 1.09715e+14	5.79e-06	1.00e+00	2.92e-18
 6.58287e+14	5.78e-06	1.00e+00	2.92e-18
 2.85258e+15	5.79e-06	1.00e+00	2.93e-18
 1.16297e+16	5.83e-06	1.00e+00	2.98e-18
 2.77797e+16	5.90e-06	1.00e+00	3.06e-18
 4.87747e+16	5.99e-06	1.00e+00	3.15e-18
 7.60681e+16	6.10e-06	1.00e+00	3.28e-18
 1.11550e+17	6.25e-06	1.00e+00	3.45e-18
 1.57676e+17	6.45e-06	1.00e+00	3.69e-18
 2.17639e+17	6.71e-06	1.00e+00	4.00e-18
 2.95592e+17	7.06e-06	1.00e+00	4.47e-18
 3.96931e+17	7.52e-06	1.00e+00	5.06e-18
 5.23293e+17	8.11e-06	1.00e+00	5.93e-18
 6.64225e+17	8.79e-06	1.00e+00	6.97e-18
 8.10794e+17	9.53e-06	1.00e+00	8.17e-18
 9.63226e+17	1.03e-05	1.00e+00	9.53e-18
 1.12175e+18	1.12e-05	1.00e+00	1.11e-17
 1.28662e+18	1.21e-05	1.00e+00	1.29e-17
 1.45809e+18	1.31e-05	1.00e+00	1.50e-17
 1.63641e+18	1.42e-05	1.00e+00	1.73e-17
 1.81369e+18	1.53e-05	1.00e+00	1.98e-17
 1.99506e+18	1.65e-05	1.00e+00	2.27e-17
 2.19186e+18	1.79e-05	1.00e+00	2.62e-17
 2.39954e+18	1.95e-05	1.00e+00	3.02e-17
 2.61552e+18	2.11e-05	1.00e+00	3.49e-17
 2.84014e+18	2.29e-05	1.00e+00	4.03e-17
 3.07374e+18	2.49e-05	1.00e+00	4.66e-17
 3.31669e+18	2.71e-05	1.00e+00	5.40e-17
 3.56936e+18	2.94e-05	1.00e+00	6.26e-17
 3.83214e+18	3.19e-05	1.00e+00	7.27e-17
 4.10542e+18	3.47e-05	1.00e+00	8.44e-17
 4.38964e+18	3.77e-05	1.00e+00	9.83e-17
 4.68522e+18	4.10e-05	1.00e+00	1.15e-16
 4.99263e+18	4.46e-05	1.00e+00	1.34e-16
 5.31234e+18	4.86e-05	1.00e+00	1.57e-16
 5.64483e+18	5.28e-05	1.00e+00	1.84e-16
 5.99062e+18	5.75e-05	1.00e+00	2.16e-16
 6.35025e+18	6.27e-05	1.00e+00	2.53e-16
 6.72426e+18	6.83e-05	1.00e+00	2.98e-16
 7.11323e+18	7.44e-05	1.00e+00	3.52e-16
 7.51776e+18	8.12e-05	1.00e+00	4.16e-16
 7.93847e+18	8.86e-05	1.00e+00	4.93e-16
 8.37601e+18	9.67e-05	1.00e+00	5.85e-16
 8.83105e+18	1.06e-04	1.00e+00	6.97e-16
 9.30429e+18	1.16e-04	1.00e+00	8.31e-16
 9.79646e+18	1.26e-04	1.00e+00	9.94e-16
 1.03083e+19	1.38e-04	1.00e+00	1.19e-15
 1.08407e+19	1.52e-04	1.00e+00	1.43e-15
 1.13943e+19	1.66e-04	1.00e+00	1.73e-15
 1.19700e+19	1.83e-04	1.00e+00	2.09e-15
 1.25689e+19	2.01e-04	1.00e+00	2.53e-15
 1.31916e+19	2.21e-04	1.00e+00	3.08e-15
 1.38393e+19	2.44e-04	1.00e+00	3.75e-15
 1.45128e+19	2.70e-04	1.00e+00	4.60e-15
 1.52134e+19	2.99e-04	1.00e+00	5.65e-15
 1.59419e+19	3.32e-04	1.00e+00	6.98e-15
 1.66996e+19	3.69e-04	1.00e+00	8.65e-15
 1.74336e+19	4.09e-04	1.00e+00	1.06e-14
 1.81138e+19	4.49e-04	1.00e+00	1.27e-14
 1.88752e+19	5.00e-04	1.00e+00	1.57e-14
 1.97018e+19	5.60e-04	9.99e-01	1.95e-14
 2.04452e+19	6.20e-04	9.99e-01	2.36e-14
 2.11328e+19	6.83e-04	9.99e-01	2.82e-14
 2.19189e+19	7.65e-04	9.99e-01	3.47e-14
 2.27687e+19	8.64e-04	9.99e-01	4.30e-14
 2.35189e+19	9.64e-04	9.99e-01	5.19e-14
 2.41977e+19	1.07e-03	9.99e-01	6.16e-14
 2.49660e+19	1.21e-03	9.99e-01	7.52e-14
 2.57906e+19	1.38e-03	9.99e-01	9.24e-14
 2.65064e+19	1.56e-03	9.98e-01	1.11e-13
 2.71415e+19	1.74e-03	9.98e-01	1.31e-13
 2.77216e+19	1.94e-03	9.98e-01	1.52e-13
 2.82459e+19	2.15e-03	9.98e-01	1.75e-13
 2.88292e+19	2.44e-03	9.98e-01	2.07e-13
 2.94357e+19	2.79e-03	9.97e-01	2.47e-13
 2.99288e+19	3.14e-03	9.97e-01	2.86e-13
 3.03358e+19	3.48e-03	9.97e-01	3.26e-13
 3.07744e+19	3.93e-03	9.96e-01	3.79e-13
 3.12396e+19	4.51e-03	9.95e-01	4.47e-13
 3.16283e+19	5.11e-03	9.95e-01	5.19e-13
 3.19543e+19	5.73e-03	9.94e-01	5.97e-13
 3.23099e+19	6.56e-03	9.93e-01	7.00e-13
 3.26868e+19	7.68e-03	9.92e-01	8.46e-13
 3.29994e+19	8.89e-03	9.91e-01	1.01e-12
 3.32574e+19	1.02e-02	9.90e-01	1.19e-12
 3.34877e+19	1.16e-02	9.88e-01	1.39e-12
 3.36943e+19	1.32e-02	9.87e-01	1.62e-12
 3.38790e+19	1.49e-02	9.85e-01	1.90e-12
 3.40426e+19	1.68e-02	9.83e-01	2.21e-12
 3.41854e+19	1.89e-02	9.81e-01	2.56e-12
 3.43113e+19	2.11e-02	9.79e-01	2.96e-12
 3.44264e+19	2.36e-02	9.76e-01	3.44e-12
 3.45324e+19	2.63e-02	9.74e-01	3.97e-12
 3.46294e+19	2.94e-02	9.71e-01	4.62e-12
 3.47172e+19	3.28e-02	9.67e-01	5.38e-12
 3.47957e+19	3.64e-02	9.64e-01	6.26e-12
 3.48675e+19	4.03e-02	9.60e-01	7.28e-12
 3.49343e+19	4.47e-02	9.55e-01	8.51e-12
 3.49969e+19	4.96e-02	9.50e-01	1.00e-11
 3.50553e+19	5.52e-02	9.45e-01	1.19e-11
 3.51103e+19	6.13e-02	9.39e-01	1.41e-11
 3.51633e+19	6.88e-02	9.31e-01	1.71e-11
 3.52147e+19	7.74e-02	9.23e-01	2.10e-11
 3.52646e+19	8.78e-02	9.12e-01	2.64e-11
 3.53136e+19	1.01e-01	8.99e-01	3.40e-11
 3.53613e+19	1.17e-01	8.83e-01	4.50e-11
 3.54072e+19	1.37e-01	8.63e-01	6.15e-11
 3.54508e+19	1.62e-01	8.38e-01	8.67e-11
 3.54910e+19	1.93e-01	8.07e-01	1.25e-10
 3.55272e+19	2.29e-01	7.71e-01	1.84e-10
 3.55584e+19	2.69e-01	7.31e-01	2.69e-10
 3.55826e+19	3.08e-01	6.92e-01	3.74e-10
 3.56000e+19	3.40e-01	6.60e-01	4.82e-10
 3.56132e+19	3.66e-01	6.34e-01	5.90e-10
 3.56250e+19	3.91e-01	6.09e-01	7.10e-10
 3.56363e+19	4.17e-01	5.83e-01	8.51e-10
 3.56469e+19	4.42e-01	5.58e-01	1.02e-09
 3.56565e+19	4.66e-01	5.34e-01	1.19e-09
 3.56651e+19	4.88e-01	5.12e-01	1.39e-09
 3.56728e+19	5.09e-01	4.91e-01	1.59e-09
 3.56801e+19	5.28e-01	4.72e-01	1.81e-09
 3.56859e+19	5.44e-01	4.56e-01	2.00e-09
 3.56901e+19	5.56e-01	4.44e-01	2.16e-09
 3.56941e+19	5.67e-01	4.33e-01	2.32e-09
 3.56986e+19	5.79e-01	4.21e-01	2.53e-09
 3.57033e+19	5.92e-01	4.08e-01	2.74e-09
 3.57079e+19	6.05e-01	3.95e-01	3.00e-09
 3.57123e+19	6.17e-01	3.83e-01	3.22e-09
 3.57167e+19	6.29e-01	3.71e-01	3.50e-09
 3.57211e+19	6.42e-01	3.58e-01	3.81e-09
 3.57253e+19	6.53e-01	3.47e-01	4.11e-09
 3.57295e+19	6.64e-01	3.36e-01	4.43e-09
 3.57338e+19	6.76e-01	3.24e-01	4.82e-09
 3.57381e+19	6.87e-01	3.13e-01	5.19e-09
 3.57423e+19	6.99e-01	3.01e-01	5.62e-09
 3.57464e+19	7.09e-01	2.91e-01	6.04e-09
 3.57505e+19	7.20e-01	2.80e-01	6.53e-09
 3.57547e+19	7.30e-01	2.70e-01	7.05e-09
 3.57588e+19	7.40e-01	2.60e-01	7.59e-09
 3.57628e+19	7.50e-01	2.50e-01	8.16e-09
 3.57669e+19	7.59e-01	2.41e-01	8.82e-09
 3.57709e+19	7.69e-01	2.31e-01	9.46e-09
 3.57749e+19	7.78e-01	2.22e-01	1.02e-08
 3.57789e+19	7.86e-01	2.14e-01	1.09e-08
 3.57828e+19	7.95e-01	2.05e-01	1.18e-08
 3.57866e+19	8.02e-01	1.98e-01	1.26e-08
 3.57905e+19	8.10e-01	1.90e-01	1.35e-08
 3.57943e+19	8.18e-01	1.82e-01	1.44e-08
 3.57980e+19	8.25e-01	1.75e-01	1.54e-08
 3.58017e+19	8.32e-01	1.68e-01	1.65e-08
 3.58054e+19	8.38e-01	1.62e-01	1.76e-08
 3.58090e+19	8.45e-01	1.55e-01	1.88e-08
 3.58126e+19	8.51e-01	1.49e-01	2.01e-08
 3.58162e+19	8.57e-01	1.43e-01	2.14e-08
 3.58198e+19	8.62e-01	1.38e-01	2.28e-08
 3.58233e+19	8.68e-01	1.32e-01	2.42e-08
 3.58268e+19	8.73e-01	1.27e-01	2.58e-08
 3.58302e+19	8.78e-01	1.22e-01	2.73e-08
 3.58337e+19	8.83e-01	1.17e-01	2.91e-08
 3.58371e+19	8.87e-01	1.13e-01	3.07e-08
 3.58406e+19	8.92e-01	1.08e-01	3.27e-08
 3.58440e+19	8.96e-01	1.04e-01	3.46e-08
 3.58473e+19	9.00e-01	9.98e-02	3.67e-08
 3.58507e+19	9.04e-01	9.59e-02	3.86e-08
 3.58541e+19	9.08e-01	9.20e-02	4.10e-08
 3.58575e+19	9.12e-01	8.85e-02	4.29e-08
 3.58608e+19	9.15e-01	8.50e-02	4.53e-08
 3.58641e+19	9.18e-01	8.16e-02	4.77e-08
 3.58674e+19	9.22e-01	7.84e-02	5.01e-08
 3.58707e+19	9.25e-01	7.53e-02	5.26e-08
 3.58741e+19	9.28e-01	7.23e-02	5.51e-08
 3.58774e+19	9.31e-01	6.94e-02	5.77e-08
 3.58806e+19	9.33e-01	6.66e-02	6.02e-08
 3.58839e+19	9.36e-01	6.40e-02	6.28e-08
 3.58872e+19	9.39e-01	6.14e-02	6.53e-08
 3.58905e+19	9.41e-01	5.90e-02	6.79e-08
 3.58938e+19	9.43e-01	5.66e-02	7.04e-08
 3.58971e+19	9.46e-01	5.44e-02	7.27e-08
 3.59004e+19	9.48e-01	5.22e-02	7.50e-08
 3.59036e+19	9.50e-01	5.01e-02	7.73e-08
 3.59069e+19	9.52e-01	4.81e-02	7.95e-08
 3.59102e+19	9.54e-01	4.62e-02	8.16e-08
 3.59135e+19	9.56e-01	4.43e-02	8.35e-08
 3.59167e+19	9.57e-01	4.25e-02	8.53e-08
 3.59200e+19	9.59e-01	4.08e-02	8.70e-08
 3.59233e+19	9.61e-01	3.92e-02	8.85e-08
 3.59265e+19	9.62e-01	3.76e-02	8.98e-08
 3.59298e+19	9.64e-01	3.61e-02	9.08e-08
 3.59331e+19	9.65e-01	3.46e-02	9.17e-08
 3.59363e+19	9.67e-01	3.32e-02	9.25e-08
 3.59396e+19	9.68e-01	3.18e-02	9.31e-08
 3.59428e+19	9.69e-01	3.05e-02	9.35e-08
 3.59461e+19	9.71e-01	2.93e-02	9.38e-08
 3.59493e+19	9.72e-01	2.81e-02	9.41e-08
 3.59525e+19	9.73e-01	2.69e-02	9.42e-08
 3.59557e+19	9.74e-01	2.58e-02	9.43e-08
 3.59589e+19	9.75e-01	2.47e-02	9.43e-08
 3.59621e+19	9.76e-01	2.37e-02	9.44e-08
 3.59652e+19	9.77e-01	2.27e-02	9.45e-08
 3.59683e+19	9.78e-01	2.17e-02	9.45e-08
 3.59714e+19	9.79e-01	2.08e-02	9.44e-08
 3.59744e+19	9.80e-01	2.00e-02	9.44e-08
 3.59771e+19	9.81e-01	1.92e-02	9.45e-08
 3.59796e+19	9.82e-01	1.85e-02	9.48e-08
 3.59819e+19	9.82e-01	1.79e-02	9.53e-08
 3.59842e+19	9.83e-01	1.73e-02	9.59e-08
 3.59863e+19	9.83e-01	1.67e-02	9.67e-08
 3.59882e+19	9.84e-01	1.62e-02	9.77e-08
 3.59900e+19	9.84e-01	1.57e-02	9.88e-08
 3.59917e+19	9.85e-01	1.53e-02	9.99e-08
 3.59932e+19	9.85e-01	1.49e-02	1.01e-07
 3.59945e+19	9.85e-01	1.46e-02	1.02e-07
 3.59958e+19	9.86e-01	1.43e-02	1.04e-07
 3.59969e+19	9.86e-01	1.40e-02	1.05e-07
 3.59979e+19	9.86e-01	1.38e-02	1.06e-07
 3.59989e+19	9.86e-01	1.36e-02	1.07e-07
 3.59999e+19	9.87e-01	1.33e-02	1.09e-07
 3.60010e+19	9.87e-01	1.31e-02	1.10e-07
 3.60020e+19	9.87e-01	1.29e-02	1.12e-07
 3.60029e+19	9.87e-01	1.27e-02	1.13e-07
 3.60039e+19	9.88e-01	1.24e-02	1.15e-07
 3.60050e+19	9.88e-01	1.22e-02	1.17e-07
 3.60060e+19	9.88e-01	1.20e-02	1.19e-07
 3.60069e+19	9.88e-01	1.18e-02	1.20e-07
 3.60079e+19	9.88e-01	1.16e-02	1.22e-07
 3.60089e+19	9.89e-01	1.14e-02	1.24e-07
 3.60101e+19	9.89e-01	1.12e-02	1.26e-07
 3.60114e+19	9.89e-01	1.10e-02	1.28e-07
 3.60125e+19	9.89e-01	1.08e-02	1.30e-07
 3.60138e+19	9.89e-01	1.06e-02	1.33e-07
 3.60151e+19	9.90e-01	1.04e-02	1.35e-07
 3.60163e+19	9.90e-01	1.02e-02	1.38e-07
 3.60175e+19	9.90e-01	9.99e-03	1.40e-07
 3.60187e+19	9.90e-01	9.80e-03	1.42e-07
 3.60200e+19	9.90e-01	9.59e-03	1.46e-07
 3.60212e+19	9.91e-01	9.43e-03	1.48e-07
 3.60225e+19	9.91e-01	9.23e-03	1.51e-07
 3.60240e+19	9.91e-01	9.03e-03	1.55e-07
 3.60252e+19	9.91e-01	8.86e-03	1.58e-07
 3.60264e+19	9.91e-01	8.70e-03	1.62e-07
 3.60275e+19	9.91e-01	8.56e-03	1.64e-07
 3.60287e+19	9.92e-01	8.41e-03	1.67e-07
 3.60302e+19	9.92e-01	8.20e-03	1.72e-07
 3.60319e+19	9.92e-01	8.00e-03	1.77e-07
 3.60334e+19	9.92e-01	7.82e-03	1.81e-07
 3.60347e+19	9.92e-01	7.67e-03	1.85e-07
 3.60360e+19	9.92e-01	7.54e-03	1.89e-07
 3.60371e+19	9.93e-01	7.41e-03	1.92e-07
 3.60384e+19	9.93e-01	7.28e-03	1.96e-07
 3.60397e+19	9.93e-01	7.13e-03	2.00e-07
 3.60409e+19	9.93e-01	7.01e-03	2.04e-07
 3.60420e+19	9.93e-01	6.90e-03	2.07e-07
 3.60432e+19	9.93e-01	6.79e-03	2.11e-07
 3.60448e+19	9.93e-01	6.63e-03	2.16e-07
 3.60465e+19	9.94e-01	6.47e-03	2.22e-07
 3.60481e+19	9.94e-01	6.39e-03	2.22e-07
 3.60498e+19	9.94e-01	6.30e-03	2.22e-07
 3.60520e+19	9.94e-01	6.20e-03	2.22e-07
 3.60549e+19	9.94e-01	6.07e-03	2.22e-07
 3.60586e+19	9.94e-01	5.89e-03	2.22e-07
 3.60635e+19	9.94e-01	5.68e-03	2.22e-07
 3.60696e+19	9.95e-01	5.42e-03	2.22e-07
 3.60763e+19	9.95e-01	5.15e-03	2.22e-07
 3.60827e+19	9.95e-01	4.92e-03	2.22e-07
 3.60889e+19	9.95e-01	4.72e-03	2.21e-07
 3.60952e+19	9.95e-01	4.53e-03	2.21e-07
 3.61021e+19	9.96e-01	4.33e-03	2.21e-07
 3.61093e+19	9.96e-01	4.14e-03	2.21e-07
 3.61166e+19	9.96e-01	3.96e-03	2.21e-07
 3.61239e+19	9.96e-01	3.80e-03	2.21e-07
 3.61314e+19	9.96e-01	3.64e-03	2.21e-07
 3.61393e+19	9.97e-01	3.49e-03	2.20e-07
 3.61473e+19	9.97e-01	3.34e-03	2.20e-07
 3.61555e+19	9.97e-01	3.21e-03	2.20e-07
 3.61639e+19	9.97e-01	3.08e-03	2.20e-07
 3.61725e+19	9.97e-01	2.96e-03	2.20e-07
 3.61813e+19	9.97e-01	2.84e-03	2.20e-07
 3.61903e+19	9.97e-01	2.72e-03	2.20e-07
 3.61994e+19	9.97e-01	2.62e-03	2.20e-07
 3.62087e+19	9.97e-01	2.51e-03	2.19e-07
 3.62182e+19	9.98e-01	2.42e-03	2.19e-07
 3.62279e+19	9.98e-01	2.32e-03	2.19e-07
 3.62377e+19	9.98e-01	2.23e-03	2.19e-07
 3.62476e+19	9.98e-01	2.15e-03	2.19e-07
 3.62577e+19	9.98e-01	2.06e-03	2.19e-07
 3.62679e+19	9.98e-01	1.98e-03	2.19e-07
 3.62782e+19	9.98e-01	1.91e-03	2.19e-07
 3.62886e+19	9.98e-01	1.84e-03	2.19e-07
 3.62992e+19	9.98e-01	1.77e-03	2.19e-07
 3.63098e+19	9.98e-01	1.70e-03	2.19e-07
 3.63206e+19	9.98e-01	1.63e-03	2.19e-07
 3.63315e+19	9.98e-01	1.57e-03	2.19e-07
 3.63423e+19	9.98e-01	1.51e-03	2.19e-07
 3.63533e+19	9.99e-01	1.45e-03	2.19e-07
 3.63644e+19	9.99e-01	1.40e-03	2.19e-07
 3.63756e+19	9.99e-01	1.34e-03	2.19e-07
 3.63869e+19	9.99e-01	1.29e-03	2.19e-07
 3.63981e+19	9.99e-01	1.24e-03	2.19e-07
 3.64094e+19	9.99e-01	1.20e-03	2.19e-07
 3.64209e+19	9.99e-01	1.15e-03	2.19e-07
 3.64325e+19	9.99e-01	1.11e-03	2.19e-07
 3.64442e+19	9.99e-01	1.06e-03	2.19e-07
 3.64558e+19	9.99e-01	1.02e-03	2.20e-07
 3.64675e+19	9.99e-01	9.82e-04	2.20e-07
 3.64794e+19	9.99e-01	9.41e-04	2.20e-07
 3.64914e+19	9.99e-01	9.04e-04	2.20e-07
 3.65034e+19	9.99e-01	8.66e-04	2.20e-07
 3.65155e+19	9.99e-01	8.31e-04	2.20e-07
 3.65277e+19	9.99e-01	7.98e-04	2.20e-07
 3.65399e+19	9.99e-01	7.66e-04	2.20e-07
 3.65520e+19	9.99e-01	7.34e-04	2.21e-07
 3.65643e+19	9.99e-01	7.04e-04	2.21e-07
